config,dataset_info,groupdro_config,start_time,epoch,train_loss,train_acc,learning_rate,test_overall_acc,test_balanced_acc,test_worst_group_acc,test_best_group_acc,test_per_group_acc,test_per_group_loss,test_per_class_acc,test_per_group_per_class_acc,test_per_group_counts,test_overall_macro_f1,test_per_group_f1,test_worst_group_f1,test_worst_group_loss,val_overall_acc,val_balanced_acc,val_worst_group_acc,val_best_group_acc,val_per_group_acc,val_per_group_loss,val_per_class_acc,val_per_group_per_class_acc,val_per_group_counts,val_overall_macro_f1,val_per_group_f1,val_worst_group_f1,val_worst_group_loss,groupdro_weights,train_per_group_loss,groupdro_weights_mean,groupdro_pi,groupdro_kl_penalty
"{""run_name"": ""fedheart_exp_paper_hetagg_gdro"", ""seed"": 1337, ""run_dir"": ""runs/fedheart_cv/Ours_Regret_s1337_f4"", ""use_fedheart"": true, ""num_classes"": 2, ""stratified_batching"": true, ""train_frac"": 0.8, ""group_max_train_samples"": [null, null, 20, 25], ""true_hetero_input_dim"": true, ""feature_mask"": [[0, 1, 2, 3, 5, 6, 7, 8, 9, 10], [0, 1, 2, 3, 5, 6, 11, 12], [0, 1, 2, 4, 5, 7, 11, 12], [0, 1, 2, 4, 5, 6, 8, 9, 10]], ""batch_size"": 64, ""num_workers"": 0, ""epochs"": 100, ""early_stopping_patience"": 30, ""lr"": 0.001, ""weight_decay"": 0.0001, ""optimizer"": ""adam"", ""grad_clip"": 1.0, ""lr_scheduler"": ""cosine"", ""lr_min"": 1e-05, ""latent_dim"": 64, ""head_hidden"": 32, ""groups"": [{""name"": ""cleveland"", ""encoder"": ""mlp_tabular_ln"", ""input_dim"": 10, ""hidden_dim"": 64, ""dropout"": 0.1}, {""name"": ""hungarian"", ""encoder"": ""mlp_tabular_ln"", ""input_dim"": 8, ""hidden_dim"": 64, ""dropout"": 0.1}, {""name"": ""switzerland"", ""encoder"": ""mlp_tabular_ln"", ""input_dim"": 8, ""hidden_dim"": 64, ""dropout"": 0.1}, {""name"": ""va_long_beach"", ""encoder"": ""mlp_tabular_ln"", ""input_dim"": 9, ""hidden_dim"": 64, ""dropout"": 0.1}], ""anchor_eps"": 0.0001, ""sep_samples_per_class"": 4, ""sep_method"": ""classifier"", ""sep_margin"": 1.0, ""lambda_fit"": 0.1, ""lambda_sep"": 0.1, ""groupdro_enabled"": true, ""groupdro_eta"": 1.0, ""groupdro_gamma"": 0.9, ""groupdro_update_mode"": ""softmax"", ""groupdro_objective"": ""weighted"", ""groupdro_kl_lambda"": 0.0, ""groupdro_uniform_init"": true, ""log_interval"": 20, ""save_every"": 10, ""val_frac"": 0.2, ""impute_missing"": true, ""common_encoder"": false, ""use_regret"": true, ""optimal_losses"": [0.49934679966136675, 0.5924033531758973, 0.4240419712328326, 1.4799922526387188], ""data_split_seed"": 1004}","{""num_groups"": 4, ""num_classes"": 2, ""train_total"": 426, ""test_total"": 185, ""train_group_counts"": [193, 188, 20, 25], ""test_group_counts"": [61, 59, 25, 40], ""train_class_counts"": [232, 194], ""test_class_counts"": [83, 102], ""train_group_class_counts"": [[104, 89], [120, 68], [1, 19], [7, 18]], ""test_group_class_counts"": [[33, 28], [38, 21], [2, 23], [10, 30]], ""group_proportions"": [0.45305164319248825, 0.4413145539906103, 0.046948356807511735, 0.05868544600938967], ""val_group_counts"": [49, 47, 20, 32], ""val_total"": 148}","{""num_groups"": 4, ""eta"": 1.0, ""update_mode"": ""softmax"", ""robust_objective"": ""weighted"", ""gamma"": 0.9, ""kl_lambda"": 0.0, ""initial_pi"": [0.4530516564846039, 0.44131454825401306, 0.04694835841655731, 0.05868544429540634]}",2026-09-14T15:50:53.683715,1,3.5082683165868125,0.4557291666666667,0.001,0.5513513513513514,0.6212371492081133,0.3559322033898305,0.92,"[0.45901639344262296, 0.3559322033898305, 0.92, 0.75]","[0.7109633444762621, 0.7497136900990696, 0.44816247224807737, 0.618516257405281]","[0.0, 1.0]","[[0.0, 1.0], [0.0, 1.0], [0.0, 1.0], [0.0, 1.0]]","[61, 59, 25, 40]",0.35540069686411146,"[0.3146067415730337, 0.2625, 0.4791666666666667, 0.42857142857142855]",0.2625,0.7497136900990696,0.5540540540540541,0.6276704298740773,0.3617021276595745,0.95,"[0.4489795918367347, 0.3617021276595745, 0.95, 0.75]","[0.7305946015581792, 0.7524522092748196, 0.41355692595243454, 0.628283204510808]","[0.0, 1.0]","[[0.0, 1.0], [0.0, 1.0], [0.0, 1.0], [0.0, 1.0]]","[49, 47, 20, 32]",0.35652173913043483,"[0.30985915492957744, 0.265625, 0.48717948717948717, 0.42857142857142855]",0.265625,0.7524522092748196,"[0.2876218855381012, 0.2584380805492401, 0.22697000205516815, 0.22697000205516815]","[0.7193900346755981, 0.7999950349330902, 0.48937072853247326, 0.6445986827214559]","[0.27364325523376465, 0.27017225821812946, 0.23648959149916968, 0.21969486773014069]","[0.4530516564846039, 0.44131454825401306, 0.04694835841655731, 0.05868544429540634]",0.0
"{""run_name"": ""fedheart_exp_paper_hetagg_gdro"", ""seed"": 1337, ""run_dir"": ""runs/fedheart_cv/Ours_Regret_s1337_f4"", ""use_fedheart"": true, ""num_classes"": 2, ""stratified_batching"": true, ""train_frac"": 0.8, ""group_max_train_samples"": [null, null, 20, 25], ""true_hetero_input_dim"": true, ""feature_mask"": [[0, 1, 2, 3, 5, 6, 7, 8, 9, 10], [0, 1, 2, 3, 5, 6, 11, 12], [0, 1, 2, 4, 5, 7, 11, 12], [0, 1, 2, 4, 5, 6, 8, 9, 10]], ""batch_size"": 64, ""num_workers"": 0, ""epochs"": 100, ""early_stopping_patience"": 30, ""lr"": 0.001, ""weight_decay"": 0.0001, ""optimizer"": ""adam"", ""grad_clip"": 1.0, ""lr_scheduler"": ""cosine"", ""lr_min"": 1e-05, ""latent_dim"": 64, ""head_hidden"": 32, ""groups"": [{""name"": ""cleveland"", ""encoder"": ""mlp_tabular_ln"", ""input_dim"": 10, ""hidden_dim"": 64, ""dropout"": 0.1}, {""name"": ""hungarian"", ""encoder"": ""mlp_tabular_ln"", ""input_dim"": 8, ""hidden_dim"": 64, ""dropout"": 0.1}, {""name"": ""switzerland"", ""encoder"": ""mlp_tabular_ln"", ""input_dim"": 8, ""hidden_dim"": 64, ""dropout"": 0.1}, {""name"": ""va_long_beach"", ""encoder"": ""mlp_tabular_ln"", ""input_dim"": 9, ""hidden_dim"": 64, ""dropout"": 0.1}], ""anchor_eps"": 0.0001, ""sep_samples_per_class"": 4, ""sep_method"": ""classifier"", ""sep_margin"": 1.0, ""lambda_fit"": 0.1, ""lambda_sep"": 0.1, ""groupdro_enabled"": true, ""groupdro_eta"": 1.0, ""groupdro_gamma"": 0.9, ""groupdro_update_mode"": ""softmax"", ""groupdro_objective"": ""weighted"", ""groupdro_kl_lambda"": 0.0, ""groupdro_uniform_init"": true, ""log_interval"": 20, ""save_every"": 10, ""val_frac"": 0.2, ""impute_missing"": true, ""common_encoder"": false, ""use_regret"": true, ""optimal_losses"": [0.49934679966136675, 0.5924033531758973, 0.4240419712328326, 1.4799922526387188], ""data_split_seed"": 1004}","{""num_groups"": 4, ""num_classes"": 2, ""train_total"": 426, ""test_total"": 185, ""train_group_counts"": [193, 188, 20, 25], ""test_group_counts"": [61, 59, 25, 40], ""train_class_counts"": [232, 194], ""test_class_counts"": [83, 102], ""train_group_class_counts"": [[104, 89], [120, 68], [1, 19], [7, 18]], ""test_group_class_counts"": [[33, 28], [38, 21], [2, 23], [10, 30]], ""group_proportions"": [0.45305164319248825, 0.4413145539906103, 0.046948356807511735, 0.05868544600938967], ""val_group_counts"": [49, 47, 20, 32], ""val_total"": 148}","{""num_groups"": 4, ""eta"": 1.0, ""update_mode"": ""softmax"", ""robust_objective"": ""weighted"", ""gamma"": 0.9, ""kl_lambda"": 0.0, ""initial_pi"": [0.4530516564846039, 0.44131454825401306, 0.04694835841655731, 0.05868544429540634]}",2026-09-14T15:50:53.683715,2,2.4756996631622314,0.4505208333333333,0.001,0.5513513513513514,0.6212371492081133,0.3559322033898305,0.92,"[0.45901639344262296, 0.3559322033898305, 0.92, 0.75]","[0.7013259422583659, 0.7321816839404025, 0.41270638346672056, 0.6053371347486973]","[0.0, 1.0]","[[0.0, 1.0], [0.0, 1.0], [0.0, 1.0], [0.0, 1.0]]","[61, 59, 25, 40]",0.35540069686411146,"[0.3146067415730337, 0.2625, 0.4791666666666667, 0.42857142857142855]",0.2625,0.7321816839404025,0.5540540540540541,0.6276704298740773,0.3617021276595745,0.95,"[0.4489795918367347, 0.3617021276595745, 0.95, 0.75]","[0.7155001491916423, 0.7302969947774359, 0.37183577120304107, 0.6102992724627256]","[0.0, 1.0]","[[0.0, 1.0], [0.0, 1.0], [0.0, 1.0], [0.0, 1.0]]","[49, 47, 20, 32]",0.35652173913043483,"[0.30985915492957744, 0.265625, 0.48717948717948717, 0.42857142857142855]",0.265625,0.7302969947774359,"[0.26000598073005676, 0.26514339447021484, 0.24730129539966583, 0.22754932940006256]","[0.7033592164516449, 0.7599745094776154, 0.3829689522584279, 0.6297143995761871]","[0.2767037699619929, 0.26672926048437756, 0.2310274268190066, 0.2255395253499349]","[0.4530516564846039, 0.44131454825401306, 0.04694835841655731, 0.05868544429540634]",0.0
"{""run_name"": ""fedheart_exp_paper_hetagg_gdro"", ""seed"": 1337, ""run_dir"": ""runs/fedheart_cv/Ours_Regret_s1337_f4"", ""use_fedheart"": true, ""num_classes"": 2, ""stratified_batching"": true, ""train_frac"": 0.8, ""group_max_train_samples"": [null, null, 20, 25], ""true_hetero_input_dim"": true, ""feature_mask"": [[0, 1, 2, 3, 5, 6, 7, 8, 9, 10], [0, 1, 2, 3, 5, 6, 11, 12], [0, 1, 2, 4, 5, 7, 11, 12], [0, 1, 2, 4, 5, 6, 8, 9, 10]], ""batch_size"": 64, ""num_workers"": 0, ""epochs"": 100, ""early_stopping_patience"": 30, ""lr"": 0.001, ""weight_decay"": 0.0001, ""optimizer"": ""adam"", ""grad_clip"": 1.0, ""lr_scheduler"": ""cosine"", ""lr_min"": 1e-05, ""latent_dim"": 64, ""head_hidden"": 32, ""groups"": [{""name"": ""cleveland"", ""encoder"": ""mlp_tabular_ln"", ""input_dim"": 10, ""hidden_dim"": 64, ""dropout"": 0.1}, {""name"": ""hungarian"", ""encoder"": ""mlp_tabular_ln"", ""input_dim"": 8, ""hidden_dim"": 64, ""dropout"": 0.1}, {""name"": ""switzerland"", ""encoder"": ""mlp_tabular_ln"", ""input_dim"": 8, ""hidden_dim"": 64, ""dropout"": 0.1}, {""name"": ""va_long_beach"", ""encoder"": ""mlp_tabular_ln"", ""input_dim"": 9, ""hidden_dim"": 64, ""dropout"": 0.1}], ""anchor_eps"": 0.0001, ""sep_samples_per_class"": 4, ""sep_method"": ""classifier"", ""sep_margin"": 1.0, ""lambda_fit"": 0.1, ""lambda_sep"": 0.1, ""groupdro_enabled"": true, ""groupdro_eta"": 1.0, ""groupdro_gamma"": 0.9, ""groupdro_update_mode"": ""softmax"", ""groupdro_objective"": ""weighted"", ""groupdro_kl_lambda"": 0.0, ""groupdro_uniform_init"": true, ""log_interval"": 20, ""save_every"": 10, ""val_frac"": 0.2, ""impute_missing"": true, ""common_encoder"": false, ""use_regret"": true, ""optimal_losses"": [0.49934679966136675, 0.5924033531758973, 0.4240419712328326, 1.4799922526387188], ""data_split_seed"": 1004}","{""num_groups"": 4, ""num_classes"": 2, ""train_total"": 426, ""test_total"": 185, ""train_group_counts"": [193, 188, 20, 25], ""test_group_counts"": [61, 59, 25, 40], ""train_class_counts"": [232, 194], ""test_class_counts"": [83, 102], ""train_group_class_counts"": [[104, 89], [120, 68], [1, 19], [7, 18]], ""test_group_class_counts"": [[33, 28], [38, 21], [2, 23], [10, 30]], ""group_proportions"": [0.45305164319248825, 0.4413145539906103, 0.046948356807511735, 0.05868544600938967], ""val_group_counts"": [49, 47, 20, 32], ""val_total"": 148}","{""num_groups"": 4, ""eta"": 1.0, ""update_mode"": ""softmax"", ""robust_objective"": ""weighted"", ""gamma"": 0.9, ""kl_lambda"": 0.0, ""initial_pi"": [0.4530516564846039, 0.44131454825401306, 0.04694835841655731, 0.05868544429540634]}",2026-09-14T15:50:53.683715,3,1.8616907397905986,0.4401041666666667,0.001,0.5513513513513514,0.6212371492081133,0.3559322033898305,0.92,"[0.45901639344262296, 0.3559322033898305, 0.92, 0.75]","[0.6957821821580168, 0.726999179791596, 0.4030652642250061, 0.6034319594502449]","[0.0, 1.0]","[[0.0, 1.0], [0.0, 1.0], [0.0, 1.0], [0.0, 1.0]]","[61, 59, 25, 40]",0.35540069686411146,"[0.3146067415730337, 0.2625, 0.4791666666666667, 0.42857142857142855]",0.2625,0.726999179791596,0.5540540540540541,0.6276704298740773,0.3617021276595745,0.95,"[0.4489795918367347, 0.3617021276595745, 0.95, 0.75]","[0.70515589811364, 0.7210178495721614, 0.35910939127206803, 0.6053955433890224]","[0.0, 1.0]","[[0.0, 1.0], [0.0, 1.0], [0.0, 1.0], [0.0, 1.0]]","[49, 47, 20, 32]",0.35652173913043483,"[0.30985915492957744, 0.265625, 0.48717948717948717, 0.42857142857142855]",0.265625,0.7210178495721614,"[0.27007123827934265, 0.2700118124485016, 0.22995848953723907, 0.22995848953723907]","[0.6889605820178986, 0.7414330939451853, 0.3677518417437871, 0.6013122002283732]","[0.27549393971761066, 0.26443546017011005, 0.2322588935494423, 0.22781170904636383]","[0.4530516564846039, 0.44131454825401306, 0.04694835841655731, 0.05868544429540634]",0.0
"{""run_name"": ""fedheart_exp_paper_hetagg_gdro"", ""seed"": 1337, ""run_dir"": ""runs/fedheart_cv/Ours_Regret_s1337_f4"", ""use_fedheart"": true, ""num_classes"": 2, ""stratified_batching"": true, ""train_frac"": 0.8, ""group_max_train_samples"": [null, null, 20, 25], ""true_hetero_input_dim"": true, ""feature_mask"": [[0, 1, 2, 3, 5, 6, 7, 8, 9, 10], [0, 1, 2, 3, 5, 6, 11, 12], [0, 1, 2, 4, 5, 7, 11, 12], [0, 1, 2, 4, 5, 6, 8, 9, 10]], ""batch_size"": 64, ""num_workers"": 0, ""epochs"": 100, ""early_stopping_patience"": 30, ""lr"": 0.001, ""weight_decay"": 0.0001, ""optimizer"": ""adam"", ""grad_clip"": 1.0, ""lr_scheduler"": ""cosine"", ""lr_min"": 1e-05, ""latent_dim"": 64, ""head_hidden"": 32, ""groups"": [{""name"": ""cleveland"", ""encoder"": ""mlp_tabular_ln"", ""input_dim"": 10, ""hidden_dim"": 64, ""dropout"": 0.1}, {""name"": ""hungarian"", ""encoder"": ""mlp_tabular_ln"", ""input_dim"": 8, ""hidden_dim"": 64, ""dropout"": 0.1}, {""name"": ""switzerland"", ""encoder"": ""mlp_tabular_ln"", ""input_dim"": 8, ""hidden_dim"": 64, ""dropout"": 0.1}, {""name"": ""va_long_beach"", ""encoder"": ""mlp_tabular_ln"", ""input_dim"": 9, ""hidden_dim"": 64, ""dropout"": 0.1}], ""anchor_eps"": 0.0001, ""sep_samples_per_class"": 4, ""sep_method"": ""classifier"", ""sep_margin"": 1.0, ""lambda_fit"": 0.1, ""lambda_sep"": 0.1, ""groupdro_enabled"": true, ""groupdro_eta"": 1.0, ""groupdro_gamma"": 0.9, ""groupdro_update_mode"": ""softmax"", ""groupdro_objective"": ""weighted"", ""groupdro_kl_lambda"": 0.0, ""groupdro_uniform_init"": true, ""log_interval"": 20, ""save_every"": 10, ""val_frac"": 0.2, ""impute_missing"": true, ""common_encoder"": false, ""use_regret"": true, ""optimal_losses"": [0.49934679966136675, 0.5924033531758973, 0.4240419712328326, 1.4799922526387188], ""data_split_seed"": 1004}","{""num_groups"": 4, ""num_classes"": 2, ""train_total"": 426, ""test_total"": 185, ""train_group_counts"": [193, 188, 20, 25], ""test_group_counts"": [61, 59, 25, 40], ""train_class_counts"": [232, 194], ""test_class_counts"": [83, 102], ""train_group_class_counts"": [[104, 89], [120, 68], [1, 19], [7, 18]], ""test_group_class_counts"": [[33, 28], [38, 21], [2, 23], [10, 30]], ""group_proportions"": [0.45305164319248825, 0.4413145539906103, 0.046948356807511735, 0.05868544600938967], ""val_group_counts"": [49, 47, 20, 32], ""val_total"": 148}","{""num_groups"": 4, ""eta"": 1.0, ""update_mode"": ""softmax"", ""robust_objective"": ""weighted"", ""gamma"": 0.9, ""kl_lambda"": 0.0, ""initial_pi"": [0.4530516564846039, 0.44131454825401306, 0.04694835841655731, 0.05868544429540634]}",2026-09-14T15:50:53.683715,4,1.479858160018921,0.4791666666666667,0.001,0.5513513513513514,0.6212371492081133,0.3559322033898305,0.92,"[0.45901639344262296, 0.3559322033898305, 0.92, 0.75]","[0.6899219399592915, 0.7252610133866132, 0.3833126139640808, 0.600991602987051]","[0.0, 1.0]","[[0.0, 1.0], [0.0, 1.0], [0.0, 1.0], [0.0, 1.0]]","[61, 59, 25, 40]",0.35540069686411146,"[0.3146067415730337, 0.2625, 0.4791666666666667, 0.42857142857142855]",0.2625,0.7252610133866132,0.5540540540540541,0.6276704298740773,0.3617021276595745,0.95,"[0.4489795918367347, 0.3617021276595745, 0.95, 0.75]","[0.6962549327587595, 0.7201973669072415, 0.33542720675468446, 0.5990478899329901]","[0.0, 1.0]","[[0.0, 1.0], [0.0, 1.0], [0.0, 1.0], [0.0, 1.0]]","[49, 47, 20, 32]",0.35652173913043483,"[0.30985915492957744, 0.265625, 0.48717948717948717, 0.42857142857142855]",0.265625,0.7201973669072415,"[0.2892961800098419, 0.257691890001297, 0.22650593519210815, 0.22650593519210815]","[0.695834626754125, 0.7234145402908325, 0.36651691794395447, 0.5812154064575831]","[0.2770927846431732, 0.25947503248850506, 0.23579931010802588, 0.22763285537560782]","[0.4530516564846039, 0.44131454825401306, 0.04694835841655731, 0.05868544429540634]",0.0
"{""run_name"": ""fedheart_exp_paper_hetagg_gdro"", ""seed"": 1337, ""run_dir"": ""runs/fedheart_cv/Ours_Regret_s1337_f4"", ""use_fedheart"": true, ""num_classes"": 2, ""stratified_batching"": true, ""train_frac"": 0.8, ""group_max_train_samples"": [null, null, 20, 25], ""true_hetero_input_dim"": true, ""feature_mask"": [[0, 1, 2, 3, 5, 6, 7, 8, 9, 10], [0, 1, 2, 3, 5, 6, 11, 12], [0, 1, 2, 4, 5, 7, 11, 12], [0, 1, 2, 4, 5, 6, 8, 9, 10]], ""batch_size"": 64, ""num_workers"": 0, ""epochs"": 100, ""early_stopping_patience"": 30, ""lr"": 0.001, ""weight_decay"": 0.0001, ""optimizer"": ""adam"", ""grad_clip"": 1.0, ""lr_scheduler"": ""cosine"", ""lr_min"": 1e-05, ""latent_dim"": 64, ""head_hidden"": 32, ""groups"": [{""name"": ""cleveland"", ""encoder"": ""mlp_tabular_ln"", ""input_dim"": 10, ""hidden_dim"": 64, ""dropout"": 0.1}, {""name"": ""hungarian"", ""encoder"": ""mlp_tabular_ln"", ""input_dim"": 8, ""hidden_dim"": 64, ""dropout"": 0.1}, {""name"": ""switzerland"", ""encoder"": ""mlp_tabular_ln"", ""input_dim"": 8, ""hidden_dim"": 64, ""dropout"": 0.1}, {""name"": ""va_long_beach"", ""encoder"": ""mlp_tabular_ln"", ""input_dim"": 9, ""hidden_dim"": 64, ""dropout"": 0.1}], ""anchor_eps"": 0.0001, ""sep_samples_per_class"": 4, ""sep_method"": ""classifier"", ""sep_margin"": 1.0, ""lambda_fit"": 0.1, ""lambda_sep"": 0.1, ""groupdro_enabled"": true, ""groupdro_eta"": 1.0, ""groupdro_gamma"": 0.9, ""groupdro_update_mode"": ""softmax"", ""groupdro_objective"": ""weighted"", ""groupdro_kl_lambda"": 0.0, ""groupdro_uniform_init"": true, ""log_interval"": 20, ""save_every"": 10, ""val_frac"": 0.2, ""impute_missing"": true, ""common_encoder"": false, ""use_regret"": true, ""optimal_losses"": [0.49934679966136675, 0.5924033531758973, 0.4240419712328326, 1.4799922526387188], ""data_split_seed"": 1004}","{""num_groups"": 4, ""num_classes"": 2, ""train_total"": 426, ""test_total"": 185, ""train_group_counts"": [193, 188, 20, 25], ""test_group_counts"": [61, 59, 25, 40], ""train_class_counts"": [232, 194], ""test_class_counts"": [83, 102], ""train_group_class_counts"": [[104, 89], [120, 68], [1, 19], [7, 18]], ""test_group_class_counts"": [[33, 28], [38, 21], [2, 23], [10, 30]], ""group_proportions"": [0.45305164319248825, 0.4413145539906103, 0.046948356807511735, 0.05868544600938967], ""val_group_counts"": [49, 47, 20, 32], ""val_total"": 148}","{""num_groups"": 4, ""eta"": 1.0, ""update_mode"": ""softmax"", ""robust_objective"": ""weighted"", ""gamma"": 0.9, ""kl_lambda"": 0.0, ""initial_pi"": [0.4530516564846039, 0.44131454825401306, 0.04694835841655731, 0.05868544429540634]}",2026-09-14T15:50:53.683715,5,1.2308332721392314,0.4557291666666667,0.001,0.5513513513513514,0.6212371492081133,0.3559322033898305,0.92,"[0.45901639344262296, 0.3559322033898305, 0.92, 0.75]","[0.6817408321333713, 0.7185229189315084, 0.3681460356712341, 0.5893776342272758]","[0.0, 1.0]","[[0.0, 1.0], [0.0, 1.0], [0.0, 1.0], [0.0, 1.0]]","[61, 59, 25, 40]",0.35540069686411146,"[0.3146067415730337, 0.2625, 0.4791666666666667, 0.42857142857142855]",0.2625,0.7185229189315084,0.5608108108108109,0.6354829298740773,0.3617021276595745,0.95,"[0.4489795918367347, 0.3617021276595745, 0.95, 0.78125]","[0.6861688561585485, 0.7150573311968053, 0.314862759411335, 0.5835495321080089]","[0.015151515151515152, 1.0]","[[0.0, 1.0], [0.0, 1.0], [0.0, 1.0], [0.125, 1.0]]","[49, 47, 20, 32]",0.3730039757544157,"[0.30985915492957744, 0.265625, 0.48717948717948717, 0.5474747474747474]",0.265625,0.7150573311968053,"[0.2578784227371216, 0.2518330514431, 0.275241494178772, 0.2150469422340393]","[0.6850731670856476, 0.7337279816468557, 0.3310099442799886, 0.5402372429768244]","[0.27369915942351025, 0.2617615610361099, 0.23728584994872412, 0.227253424624602]","[0.4530516564846039, 0.44131454825401306, 0.04694835841655731, 0.05868544429540634]",0.0
"{""run_name"": ""fedheart_exp_paper_hetagg_gdro"", ""seed"": 1337, ""run_dir"": ""runs/fedheart_cv/Ours_Regret_s1337_f4"", ""use_fedheart"": true, ""num_classes"": 2, ""stratified_batching"": true, ""train_frac"": 0.8, ""group_max_train_samples"": [null, null, 20, 25], ""true_hetero_input_dim"": true, ""feature_mask"": [[0, 1, 2, 3, 5, 6, 7, 8, 9, 10], [0, 1, 2, 3, 5, 6, 11, 12], [0, 1, 2, 4, 5, 7, 11, 12], [0, 1, 2, 4, 5, 6, 8, 9, 10]], ""batch_size"": 64, ""num_workers"": 0, ""epochs"": 100, ""early_stopping_patience"": 30, ""lr"": 0.001, ""weight_decay"": 0.0001, ""optimizer"": ""adam"", ""grad_clip"": 1.0, ""lr_scheduler"": ""cosine"", ""lr_min"": 1e-05, ""latent_dim"": 64, ""head_hidden"": 32, ""groups"": [{""name"": ""cleveland"", ""encoder"": ""mlp_tabular_ln"", ""input_dim"": 10, ""hidden_dim"": 64, ""dropout"": 0.1}, {""name"": ""hungarian"", ""encoder"": ""mlp_tabular_ln"", ""input_dim"": 8, ""hidden_dim"": 64, ""dropout"": 0.1}, {""name"": ""switzerland"", ""encoder"": ""mlp_tabular_ln"", ""input_dim"": 8, ""hidden_dim"": 64, ""dropout"": 0.1}, {""name"": ""va_long_beach"", ""encoder"": ""mlp_tabular_ln"", ""input_dim"": 9, ""hidden_dim"": 64, ""dropout"": 0.1}], ""anchor_eps"": 0.0001, ""sep_samples_per_class"": 4, ""sep_method"": ""classifier"", ""sep_margin"": 1.0, ""lambda_fit"": 0.1, ""lambda_sep"": 0.1, ""groupdro_enabled"": true, ""groupdro_eta"": 1.0, ""groupdro_gamma"": 0.9, ""groupdro_update_mode"": ""softmax"", ""groupdro_objective"": ""weighted"", ""groupdro_kl_lambda"": 0.0, ""groupdro_uniform_init"": true, ""log_interval"": 20, ""save_every"": 10, ""val_frac"": 0.2, ""impute_missing"": true, ""common_encoder"": false, ""use_regret"": true, ""optimal_losses"": [0.49934679966136675, 0.5924033531758973, 0.4240419712328326, 1.4799922526387188], ""data_split_seed"": 1004}","{""num_groups"": 4, ""num_classes"": 2, ""train_total"": 426, ""test_total"": 185, ""train_group_counts"": [193, 188, 20, 25], ""test_group_counts"": [61, 59, 25, 40], ""train_class_counts"": [232, 194], ""test_class_counts"": [83, 102], ""train_group_class_counts"": [[104, 89], [120, 68], [1, 19], [7, 18]], ""test_group_class_counts"": [[33, 28], [38, 21], [2, 23], [10, 30]], ""group_proportions"": [0.45305164319248825, 0.4413145539906103, 0.046948356807511735, 0.05868544600938967], ""val_group_counts"": [49, 47, 20, 32], ""val_total"": 148}","{""num_groups"": 4, ""eta"": 1.0, ""update_mode"": ""softmax"", ""robust_objective"": ""weighted"", ""gamma"": 0.9, ""kl_lambda"": 0.0, ""initial_pi"": [0.4530516564846039, 0.44131454825401306, 0.04694835841655731, 0.05868544429540634]}",2026-09-14T15:50:53.683715,6,1.0942521691322327,0.4791666666666667,0.001,0.5675675675675675,0.633671158655182,0.3728813559322034,0.92,"[0.4918032786885246, 0.3728813559322034, 0.92, 0.75]","[0.672735787317401, 0.7029813381574922, 0.35986933946609495, 0.5781259160488844]","[0.04819277108433735, 0.9901960784313726]","[[0.09090909090909091, 0.9642857142857143], [0.02631578947368421, 1.0], [0.0, 1.0], [0.0, 1.0]]","[61, 59, 25, 40]",0.4036105738233398,"[0.3987281399046105, 0.29146381045115227, 0.4791666666666667, 0.42857142857142855]",0.29146381045115227,0.7029813381574922,0.5945945945945946,0.6614273501953973,0.40425531914893614,0.95,"[0.5102040816326531, 0.40425531914893614, 0.95, 0.78125]","[0.6764166276065671, 0.6997337125717326, 0.3009573794901371, 0.5739143770188093]","[0.10606060606060606, 0.9878048780487805]","[[0.14814814814814814, 0.9545454545454546], [0.06666666666666667, 1.0], [0.0, 1.0], [0.125, 1.0]]","[49, 47, 20, 32]",0.45945945945945954,"[0.44318181818181823, 0.33669354838709675, 0.48717948717948717, 0.5474747474747474]",0.33669354838709675,0.6997337125717326,"[0.27606239914894104, 0.2624071538448334, 0.230765238404274, 0.230765238404274]","[0.6810317039489746, 0.7159623006979624, 0.31469864398241043, 0.5753382643063863]","[0.27482156455516815, 0.2592820127805074, 0.23677417635917664, 0.229122223953406]","[0.4530516564846039, 0.44131454825401306, 0.04694835841655731, 0.05868544429540634]",0.0
"{""run_name"": ""fedheart_exp_paper_hetagg_gdro"", ""seed"": 1337, ""run_dir"": ""runs/fedheart_cv/Ours_Regret_s1337_f4"", ""use_fedheart"": true, ""num_classes"": 2, ""stratified_batching"": true, ""train_frac"": 0.8, ""group_max_train_samples"": [null, null, 20, 25], ""true_hetero_input_dim"": true, ""feature_mask"": [[0, 1, 2, 3, 5, 6, 7, 8, 9, 10], [0, 1, 2, 3, 5, 6, 11, 12], [0, 1, 2, 4, 5, 7, 11, 12], [0, 1, 2, 4, 5, 6, 8, 9, 10]], ""batch_size"": 64, ""num_workers"": 0, ""epochs"": 100, ""early_stopping_patience"": 30, ""lr"": 0.001, ""weight_decay"": 0.0001, ""optimizer"": ""adam"", ""grad_clip"": 1.0, ""lr_scheduler"": ""cosine"", ""lr_min"": 1e-05, ""latent_dim"": 64, ""head_hidden"": 32, ""groups"": [{""name"": ""cleveland"", ""encoder"": ""mlp_tabular_ln"", ""input_dim"": 10, ""hidden_dim"": 64, ""dropout"": 0.1}, {""name"": ""hungarian"", ""encoder"": ""mlp_tabular_ln"", ""input_dim"": 8, ""hidden_dim"": 64, ""dropout"": 0.1}, {""name"": ""switzerland"", ""encoder"": ""mlp_tabular_ln"", ""input_dim"": 8, ""hidden_dim"": 64, ""dropout"": 0.1}, {""name"": ""va_long_beach"", ""encoder"": ""mlp_tabular_ln"", ""input_dim"": 9, ""hidden_dim"": 64, ""dropout"": 0.1}], ""anchor_eps"": 0.0001, ""sep_samples_per_class"": 4, ""sep_method"": ""classifier"", ""sep_margin"": 1.0, ""lambda_fit"": 0.1, ""lambda_sep"": 0.1, ""groupdro_enabled"": true, ""groupdro_eta"": 1.0, ""groupdro_gamma"": 0.9, ""groupdro_update_mode"": ""softmax"", ""groupdro_objective"": ""weighted"", ""groupdro_kl_lambda"": 0.0, ""groupdro_uniform_init"": true, ""log_interval"": 20, ""save_every"": 10, ""val_frac"": 0.2, ""impute_missing"": true, ""common_encoder"": false, ""use_regret"": true, ""optimal_losses"": [0.49934679966136675, 0.5924033531758973, 0.4240419712328326, 1.4799922526387188], ""data_split_seed"": 1004}","{""num_groups"": 4, ""num_classes"": 2, ""train_total"": 426, ""test_total"": 185, ""train_group_counts"": [193, 188, 20, 25], ""test_group_counts"": [61, 59, 25, 40], ""train_class_counts"": [232, 194], ""test_class_counts"": [83, 102], ""train_group_class_counts"": [[104, 89], [120, 68], [1, 19], [7, 18]], ""test_group_class_counts"": [[33, 28], [38, 21], [2, 23], [10, 30]], ""group_proportions"": [0.45305164319248825, 0.4413145539906103, 0.046948356807511735, 0.05868544600938967], ""val_group_counts"": [49, 47, 20, 32], ""val_total"": 148}","{""num_groups"": 4, ""eta"": 1.0, ""update_mode"": ""softmax"", ""robust_objective"": ""weighted"", ""gamma"": 0.9, ""kl_lambda"": 0.0, ""initial_pi"": [0.4530516564846039, 0.44131454825401306, 0.04694835841655731, 0.05868544429540634]}",2026-09-14T15:50:53.683715,7,0.9702957471211752,0.5546875,0.001,0.6378378378378379,0.6879223395387608,0.4915254237288136,0.92,"[0.5901639344262295, 0.4915254237288136, 0.92, 0.75]","[0.6606888546318305, 0.682353157108113, 0.3312125170230866, 0.5719825118780136]","[0.24096385542168675, 0.9607843137254902]","[[0.30303030303030304, 0.9285714285714286], [0.2631578947368421, 0.9047619047619048], [0.0, 1.0], [0.0, 1.0]]","[61, 59, 25, 40]",0.559539461994954,"[0.5598845598845599, 0.4794117647058823, 0.4791666666666667, 0.42857142857142855]",0.42857142857142855,0.682353157108113,0.668918918918919,0.7186353397742076,0.5106382978723404,0.95,"[0.6326530612244898, 0.5106382978723404, 0.95, 0.78125]","[0.663024227838127, 0.682670645891352, 0.26840576864779, 0.5714393192902207]","[0.2727272727272727, 0.9878048780487805]","[[0.37037037037037035, 0.9545454545454546], [0.23333333333333334, 1.0], [0.0, 1.0], [0.125, 1.0]]","[49, 47, 20, 32]",0.5956509618065235,"[0.6131578947368421, 0.4874348032242769, 0.48717948717948717, 0.5474747474747474]",0.48717948717948717,0.682670645891352,"[0.27002444863319397, 0.2601813077926636, 0.23489707708358765, 0.23489707708358765]","[0.6633523404598236, 0.6964999834696451, 0.2790665924549103, 0.49398332834243774]","[0.2741730908552806, 0.2582964301109314, 0.2348357786734899, 0.23269466310739517]","[0.4530516564846039, 0.44131454825401306, 0.04694835841655731, 0.05868544429540634]",0.0
"{""run_name"": ""fedheart_exp_paper_hetagg_gdro"", ""seed"": 1337, ""run_dir"": ""runs/fedheart_cv/Ours_Regret_s1337_f4"", ""use_fedheart"": true, ""num_classes"": 2, ""stratified_batching"": true, ""train_frac"": 0.8, ""group_max_train_samples"": [null, null, 20, 25], ""true_hetero_input_dim"": true, ""feature_mask"": [[0, 1, 2, 3, 5, 6, 7, 8, 9, 10], [0, 1, 2, 3, 5, 6, 11, 12], [0, 1, 2, 4, 5, 7, 11, 12], [0, 1, 2, 4, 5, 6, 8, 9, 10]], ""batch_size"": 64, ""num_workers"": 0, ""epochs"": 100, ""early_stopping_patience"": 30, ""lr"": 0.001, ""weight_decay"": 0.0001, ""optimizer"": ""adam"", ""grad_clip"": 1.0, ""lr_scheduler"": ""cosine"", ""lr_min"": 1e-05, ""latent_dim"": 64, ""head_hidden"": 32, ""groups"": [{""name"": ""cleveland"", ""encoder"": ""mlp_tabular_ln"", ""input_dim"": 10, ""hidden_dim"": 64, ""dropout"": 0.1}, {""name"": ""hungarian"", ""encoder"": ""mlp_tabular_ln"", ""input_dim"": 8, ""hidden_dim"": 64, ""dropout"": 0.1}, {""name"": ""switzerland"", ""encoder"": ""mlp_tabular_ln"", ""input_dim"": 8, ""hidden_dim"": 64, ""dropout"": 0.1}, {""name"": ""va_long_beach"", ""encoder"": ""mlp_tabular_ln"", ""input_dim"": 9, ""hidden_dim"": 64, ""dropout"": 0.1}], ""anchor_eps"": 0.0001, ""sep_samples_per_class"": 4, ""sep_method"": ""classifier"", ""sep_margin"": 1.0, ""lambda_fit"": 0.1, ""lambda_sep"": 0.1, ""groupdro_enabled"": true, ""groupdro_eta"": 1.0, ""groupdro_gamma"": 0.9, ""groupdro_update_mode"": ""softmax"", ""groupdro_objective"": ""weighted"", ""groupdro_kl_lambda"": 0.0, ""groupdro_uniform_init"": true, ""log_interval"": 20, ""save_every"": 10, ""val_frac"": 0.2, ""impute_missing"": true, ""common_encoder"": false, ""use_regret"": true, ""optimal_losses"": [0.49934679966136675, 0.5924033531758973, 0.4240419712328326, 1.4799922526387188], ""data_split_seed"": 1004}","{""num_groups"": 4, ""num_classes"": 2, ""train_total"": 426, ""test_total"": 185, ""train_group_counts"": [193, 188, 20, 25], ""test_group_counts"": [61, 59, 25, 40], ""train_class_counts"": [232, 194], ""test_class_counts"": [83, 102], ""train_group_class_counts"": [[104, 89], [120, 68], [1, 19], [7, 18]], ""test_group_class_counts"": [[33, 28], [38, 21], [2, 23], [10, 30]], ""group_proportions"": [0.45305164319248825, 0.4413145539906103, 0.046948356807511735, 0.05868544600938967], ""val_group_counts"": [49, 47, 20, 32], ""val_total"": 148}","{""num_groups"": 4, ""eta"": 1.0, ""update_mode"": ""softmax"", ""robust_objective"": ""weighted"", ""gamma"": 0.9, ""kl_lambda"": 0.0, ""initial_pi"": [0.4530516564846039, 0.44131454825401306, 0.04694835841655731, 0.05868544429540634]}",2026-09-14T15:50:53.683715,8,0.9112062255541483,0.5989583333333334,0.001,0.6864864864864865,0.7257800777993888,0.6101694915254238,0.92,"[0.6229508196721312, 0.6101694915254238, 0.92, 0.75]","[0.6457975780377623, 0.6622663988905438, 0.3115648403763771, 0.5675992041826248]","[0.39759036144578314, 0.9215686274509803]","[[0.42424242424242425, 0.8571428571428571], [0.5, 0.8095238095238095], [0.0, 1.0], [0.0, 1.0]]","[61, 59, 25, 40]",0.6482428533962759,"[0.6125379729356532, 0.6097210238711532, 0.4791666666666667, 0.42857142857142855]",0.42857142857142855,0.6622663988905438,0.7297297297297297,0.766073463960052,0.6595744680851063,0.95,"[0.673469387755102, 0.6595744680851063, 0.95, 0.78125]","[0.6469311318835433, 0.6674427193530063, 0.24382217414677143, 0.5717395297251642]","[0.45454545454545453, 0.9512195121951219]","[[0.4444444444444444, 0.9545454545454546], [0.5666666666666667, 0.8235294117647058], [0.0, 1.0], [0.125, 1.0]]","[49, 47, 20, 32]",0.6979591836734694,"[0.6620689655172414, 0.6581818181818182, 0.48717948717948717, 0.5474747474747474]",0.48717948717948717,0.6674427193530063,"[0.29188272356987, 0.2456604242324829, 0.23122842609882355, 0.23122842609882355]","[0.6646179656187693, 0.6809721688429514, 0.2349508429567019, 0.4756155361731847]","[0.2754745086034139, 0.2551243056853612, 0.23595033834377924, 0.2334508274992307]","[0.4530516564846039, 0.44131454825401306, 0.04694835841655731, 0.05868544429540634]",0.0
"{""run_name"": ""fedheart_exp_paper_hetagg_gdro"", ""seed"": 1337, ""run_dir"": ""runs/fedheart_cv/Ours_Regret_s1337_f4"", ""use_fedheart"": true, ""num_classes"": 2, ""stratified_batching"": true, ""train_frac"": 0.8, ""group_max_train_samples"": [null, null, 20, 25], ""true_hetero_input_dim"": true, ""feature_mask"": [[0, 1, 2, 3, 5, 6, 7, 8, 9, 10], [0, 1, 2, 3, 5, 6, 11, 12], [0, 1, 2, 4, 5, 7, 11, 12], [0, 1, 2, 4, 5, 6, 8, 9, 10]], ""batch_size"": 64, ""num_workers"": 0, ""epochs"": 100, ""early_stopping_patience"": 30, ""lr"": 0.001, ""weight_decay"": 0.0001, ""optimizer"": ""adam"", ""grad_clip"": 1.0, ""lr_scheduler"": ""cosine"", ""lr_min"": 1e-05, ""latent_dim"": 64, ""head_hidden"": 32, ""groups"": [{""name"": ""cleveland"", ""encoder"": ""mlp_tabular_ln"", ""input_dim"": 10, ""hidden_dim"": 64, ""dropout"": 0.1}, {""name"": ""hungarian"", ""encoder"": ""mlp_tabular_ln"", ""input_dim"": 8, ""hidden_dim"": 64, ""dropout"": 0.1}, {""name"": ""switzerland"", ""encoder"": ""mlp_tabular_ln"", ""input_dim"": 8, ""hidden_dim"": 64, ""dropout"": 0.1}, {""name"": ""va_long_beach"", ""encoder"": ""mlp_tabular_ln"", ""input_dim"": 9, ""hidden_dim"": 64, ""dropout"": 0.1}], ""anchor_eps"": 0.0001, ""sep_samples_per_class"": 4, ""sep_method"": ""classifier"", ""sep_margin"": 1.0, ""lambda_fit"": 0.1, ""lambda_sep"": 0.1, ""groupdro_enabled"": true, ""groupdro_eta"": 1.0, ""groupdro_gamma"": 0.9, ""groupdro_update_mode"": ""softmax"", ""groupdro_objective"": ""weighted"", ""groupdro_kl_lambda"": 0.0, ""groupdro_uniform_init"": true, ""log_interval"": 20, ""save_every"": 10, ""val_frac"": 0.2, ""impute_missing"": true, ""common_encoder"": false, ""use_regret"": true, ""optimal_losses"": [0.49934679966136675, 0.5924033531758973, 0.4240419712328326, 1.4799922526387188], ""data_split_seed"": 1004}","{""num_groups"": 4, ""num_classes"": 2, ""train_total"": 426, ""test_total"": 185, ""train_group_counts"": [193, 188, 20, 25], ""test_group_counts"": [61, 59, 25, 40], ""train_class_counts"": [232, 194], ""test_class_counts"": [83, 102], ""train_group_class_counts"": [[104, 89], [120, 68], [1, 19], [7, 18]], ""test_group_class_counts"": [[33, 28], [38, 21], [2, 23], [10, 30]], ""group_proportions"": [0.45305164319248825, 0.4413145539906103, 0.046948356807511735, 0.05868544600938967], ""val_group_counts"": [49, 47, 20, 32], ""val_total"": 148}","{""num_groups"": 4, ""eta"": 1.0, ""update_mode"": ""softmax"", ""robust_objective"": ""weighted"", ""gamma"": 0.9, ""kl_lambda"": 0.0, ""initial_pi"": [0.4530516564846039, 0.44131454825401306, 0.04694835841655731, 0.05868544429540634]}",2026-09-14T15:50:53.683715,9,0.8373188376426697,0.6484375,0.001,0.7351351351351352,0.7634988885801611,0.6721311475409836,0.92,"[0.6721311475409836, 0.711864406779661, 0.92, 0.75]","[0.6278721128330856, 0.6380923688411713, 0.3119345271587372, 0.5683543862774968]","[0.5662650602409639, 0.8725490196078431]","[[0.5757575757575758, 0.7857142857142857], [0.7368421052631579, 0.6666666666666666], [0.0, 1.0], [0.0, 1.0]]","[61, 59, 25, 40]",0.7207418132528265,"[0.6713362068965518, 0.6946727549467275, 0.4791666666666667, 0.42857142857142855]",0.42857142857142855,0.6380923688411713,0.7567567567567568,0.7871329515848893,0.6938775510204082,0.95,"[0.6938775510204082, 0.723404255319149, 0.95, 0.78125]","[0.6271871784511878, 0.6502253698541763, 0.24151387959718704, 0.5830844466108829]","[0.5909090909090909, 0.8902439024390244]","[[0.5555555555555556, 0.8636363636363636], [0.7666666666666667, 0.6470588235294118], [0.0, 1.0], [0.125, 1.0]]","[49, 47, 20, 32]",0.7432041642567959,"[0.6918238993710693, 0.7041162227602906, 0.48717948717948717, 0.5474747474747474]",0.48717948717948717,0.6502253698541763,"[0.2672123610973358, 0.2484971582889557, 0.24214525520801544, 0.24214525520801544]","[0.6312485734621683, 0.6629372934500376, 0.20036310578385988, 0.454722136259079]","[0.27022045354048413, 0.254131555557251, 0.23882676164309183, 0.23682121684153876]","[0.4530516564846039, 0.44131454825401306, 0.04694835841655731, 0.05868544429540634]",0.0
"{""run_name"": ""fedheart_exp_paper_hetagg_gdro"", ""seed"": 1337, ""run_dir"": ""runs/fedheart_cv/Ours_Regret_s1337_f4"", ""use_fedheart"": true, ""num_classes"": 2, ""stratified_batching"": true, ""train_frac"": 0.8, ""group_max_train_samples"": [null, null, 20, 25], ""true_hetero_input_dim"": true, ""feature_mask"": [[0, 1, 2, 3, 5, 6, 7, 8, 9, 10], [0, 1, 2, 3, 5, 6, 11, 12], [0, 1, 2, 4, 5, 7, 11, 12], [0, 1, 2, 4, 5, 6, 8, 9, 10]], ""batch_size"": 64, ""num_workers"": 0, ""epochs"": 100, ""early_stopping_patience"": 30, ""lr"": 0.001, ""weight_decay"": 0.0001, ""optimizer"": ""adam"", ""grad_clip"": 1.0, ""lr_scheduler"": ""cosine"", ""lr_min"": 1e-05, ""latent_dim"": 64, ""head_hidden"": 32, ""groups"": [{""name"": ""cleveland"", ""encoder"": ""mlp_tabular_ln"", ""input_dim"": 10, ""hidden_dim"": 64, ""dropout"": 0.1}, {""name"": ""hungarian"", ""encoder"": ""mlp_tabular_ln"", ""input_dim"": 8, ""hidden_dim"": 64, ""dropout"": 0.1}, {""name"": ""switzerland"", ""encoder"": ""mlp_tabular_ln"", ""input_dim"": 8, ""hidden_dim"": 64, ""dropout"": 0.1}, {""name"": ""va_long_beach"", ""encoder"": ""mlp_tabular_ln"", ""input_dim"": 9, ""hidden_dim"": 64, ""dropout"": 0.1}], ""anchor_eps"": 0.0001, ""sep_samples_per_class"": 4, ""sep_method"": ""classifier"", ""sep_margin"": 1.0, ""lambda_fit"": 0.1, ""lambda_sep"": 0.1, ""groupdro_enabled"": true, ""groupdro_eta"": 1.0, ""groupdro_gamma"": 0.9, ""groupdro_update_mode"": ""softmax"", ""groupdro_objective"": ""weighted"", ""groupdro_kl_lambda"": 0.0, ""groupdro_uniform_init"": true, ""log_interval"": 20, ""save_every"": 10, ""val_frac"": 0.2, ""impute_missing"": true, ""common_encoder"": false, ""use_regret"": true, ""optimal_losses"": [0.49934679966136675, 0.5924033531758973, 0.4240419712328326, 1.4799922526387188], ""data_split_seed"": 1004}","{""num_groups"": 4, ""num_classes"": 2, ""train_total"": 426, ""test_total"": 185, ""train_group_counts"": [193, 188, 20, 25], ""test_group_counts"": [61, 59, 25, 40], ""train_class_counts"": [232, 194], ""test_class_counts"": [83, 102], ""train_group_class_counts"": [[104, 89], [120, 68], [1, 19], [7, 18]], ""test_group_class_counts"": [[33, 28], [38, 21], [2, 23], [10, 30]], ""group_proportions"": [0.45305164319248825, 0.4413145539906103, 0.046948356807511735, 0.05868544600938967], ""val_group_counts"": [49, 47, 20, 32], ""val_total"": 148}","{""num_groups"": 4, ""eta"": 1.0, ""update_mode"": ""softmax"", ""robust_objective"": ""weighted"", ""gamma"": 0.9, ""kl_lambda"": 0.0, ""initial_pi"": [0.4530516564846039, 0.44131454825401306, 0.04694835841655731, 0.05868544429540634]}",2026-09-14T15:50:53.683715,10,0.7633481125036875,0.75,0.001,0.7567567567567568,0.7804480411225341,0.6721311475409836,0.92,"[0.6721311475409836, 0.7796610169491526, 0.92, 0.75]","[0.6129509244785935, 0.6080175471507897, 0.3036192816495895, 0.577000436373055]","[0.6265060240963856, 0.8627450980392157]","[[0.5757575757575758, 0.7857142857142857], [0.868421052631579, 0.6190476190476191], [0.0, 1.0], [0.0, 1.0]]","[61, 59, 25, 40]",0.7471833338394729,"[0.6713362068965518, 0.751054852320675, 0.4791666666666667, 0.42857142857142855]",0.42857142857142855,0.6129509244785935,0.7635135135135135,0.7899587494572297,0.6938775510204082,0.95,"[0.6938775510204082, 0.7659574468085106, 0.95, 0.75]","[0.6112215342570324, 0.6258244108646474, 0.23073045965284109, 0.5998592770192772]","[0.6363636363636364, 0.8658536585365854]","[[0.5555555555555556, 0.8636363636363636], [0.8666666666666667, 0.5882352941176471], [0.0, 1.0], [0.125, 0.9583333333333334]]","[49, 47, 20, 32]",0.754071119973413,"[0.6918238993710693, 0.735279057859703, 0.48717948717948717, 0.5259259259259259]",0.48717948717948717,0.6258244108646474,"[0.26156988739967346, 0.2564440667629242, 0.24099302291870117, 0.24099302291870117]","[0.6102091471354166, 0.6190284589926401, 0.2025094876686732, 0.3682727913061778]","[0.26952985922495526, 0.2481181969245275, 0.2411759595076243, 0.2411759595076243]","[0.4530516564846039, 0.44131454825401306, 0.04694835841655731, 0.05868544429540634]",0.0
"{""run_name"": ""fedheart_exp_paper_hetagg_gdro"", ""seed"": 1337, ""run_dir"": ""runs/fedheart_cv/Ours_Regret_s1337_f4"", ""use_fedheart"": true, ""num_classes"": 2, ""stratified_batching"": true, ""train_frac"": 0.8, ""group_max_train_samples"": [null, null, 20, 25], ""true_hetero_input_dim"": true, ""feature_mask"": [[0, 1, 2, 3, 5, 6, 7, 8, 9, 10], [0, 1, 2, 3, 5, 6, 11, 12], [0, 1, 2, 4, 5, 7, 11, 12], [0, 1, 2, 4, 5, 6, 8, 9, 10]], ""batch_size"": 64, ""num_workers"": 0, ""epochs"": 100, ""early_stopping_patience"": 30, ""lr"": 0.001, ""weight_decay"": 0.0001, ""optimizer"": ""adam"", ""grad_clip"": 1.0, ""lr_scheduler"": ""cosine"", ""lr_min"": 1e-05, ""latent_dim"": 64, ""head_hidden"": 32, ""groups"": [{""name"": ""cleveland"", ""encoder"": ""mlp_tabular_ln"", ""input_dim"": 10, ""hidden_dim"": 64, ""dropout"": 0.1}, {""name"": ""hungarian"", ""encoder"": ""mlp_tabular_ln"", ""input_dim"": 8, ""hidden_dim"": 64, ""dropout"": 0.1}, {""name"": ""switzerland"", ""encoder"": ""mlp_tabular_ln"", ""input_dim"": 8, ""hidden_dim"": 64, ""dropout"": 0.1}, {""name"": ""va_long_beach"", ""encoder"": ""mlp_tabular_ln"", ""input_dim"": 9, ""hidden_dim"": 64, ""dropout"": 0.1}], ""anchor_eps"": 0.0001, ""sep_samples_per_class"": 4, ""sep_method"": ""classifier"", ""sep_margin"": 1.0, ""lambda_fit"": 0.1, ""lambda_sep"": 0.1, ""groupdro_enabled"": true, ""groupdro_eta"": 1.0, ""groupdro_gamma"": 0.9, ""groupdro_update_mode"": ""softmax"", ""groupdro_objective"": ""weighted"", ""groupdro_kl_lambda"": 0.0, ""groupdro_uniform_init"": true, ""log_interval"": 20, ""save_every"": 10, ""val_frac"": 0.2, ""impute_missing"": true, ""common_encoder"": false, ""use_regret"": true, ""optimal_losses"": [0.49934679966136675, 0.5924033531758973, 0.4240419712328326, 1.4799922526387188], ""data_split_seed"": 1004}","{""num_groups"": 4, ""num_classes"": 2, ""train_total"": 426, ""test_total"": 185, ""train_group_counts"": [193, 188, 20, 25], ""test_group_counts"": [61, 59, 25, 40], ""train_class_counts"": [232, 194], ""test_class_counts"": [83, 102], ""train_group_class_counts"": [[104, 89], [120, 68], [1, 19], [7, 18]], ""test_group_class_counts"": [[33, 28], [38, 21], [2, 23], [10, 30]], ""group_proportions"": [0.45305164319248825, 0.4413145539906103, 0.046948356807511735, 0.05868544600938967], ""val_group_counts"": [49, 47, 20, 32], ""val_total"": 148}","{""num_groups"": 4, ""eta"": 1.0, ""update_mode"": ""softmax"", ""robust_objective"": ""weighted"", ""gamma"": 0.9, ""kl_lambda"": 0.0, ""initial_pi"": [0.4530516564846039, 0.44131454825401306, 0.04694835841655731, 0.05868544429540634]}",2026-09-14T15:50:53.683715,11,0.7427179217338562,0.75,0.001,0.7783783783783784,0.7969804112253404,0.7213114754098361,0.92,"[0.7213114754098361, 0.7966101694915254, 0.92, 0.75]","[0.593166179832865, 0.5819951770669323, 0.29990982443094255, 0.5769153110682964]","[0.6746987951807228, 0.8627450980392157]","[[0.6666666666666666, 0.7857142857142857], [0.8947368421052632, 0.6190476190476191], [0.0, 1.0], [0.0, 1.0]]","[61, 59, 25, 40]",0.7715430258124756,"[0.721311475409836, 0.7671052631578947, 0.4791666666666667, 0.42857142857142855]",0.42857142857142855,0.593166179832865,0.7567567567567568,0.7823633575770734,0.673469387755102,0.95,"[0.673469387755102, 0.7872340425531915, 0.95, 0.71875]","[0.5894155435416163, 0.6050572858211842, 0.22345200050622224, 0.6118108052760363]","[0.6515151515151515, 0.8414634146341463]","[[0.5555555555555556, 0.8181818181818182], [0.9, 0.5882352941176471], [0.0, 1.0], [0.125, 0.9166666666666666]]","[49, 47, 20, 32]",0.7490107405313737,"[0.6722408026755853, 0.7552083333333334, 0.48717948717948717, 0.5060034305317324]",0.48717948717948717,0.6118108052760363,"[0.2616465389728546, 0.23761363327503204, 0.26506003737449646, 0.23567984998226166]","[0.5825632909933726, 0.6162688732147217, 0.2155461683869362, 0.43842923392852146]","[0.26310253143310547, 0.24790873875220618, 0.24694272875785828, 0.24204603085915247]","[0.4530516564846039, 0.44131454825401306, 0.04694835841655731, 0.05868544429540634]",0.0
"{""run_name"": ""fedheart_exp_paper_hetagg_gdro"", ""seed"": 1337, ""run_dir"": ""runs/fedheart_cv/Ours_Regret_s1337_f4"", ""use_fedheart"": true, ""num_classes"": 2, ""stratified_batching"": true, ""train_frac"": 0.8, ""group_max_train_samples"": [null, null, 20, 25], ""true_hetero_input_dim"": true, ""feature_mask"": [[0, 1, 2, 3, 5, 6, 7, 8, 9, 10], [0, 1, 2, 3, 5, 6, 11, 12], [0, 1, 2, 4, 5, 7, 11, 12], [0, 1, 2, 4, 5, 6, 8, 9, 10]], ""batch_size"": 64, ""num_workers"": 0, ""epochs"": 100, ""early_stopping_patience"": 30, ""lr"": 0.001, ""weight_decay"": 0.0001, ""optimizer"": ""adam"", ""grad_clip"": 1.0, ""lr_scheduler"": ""cosine"", ""lr_min"": 1e-05, ""latent_dim"": 64, ""head_hidden"": 32, ""groups"": [{""name"": ""cleveland"", ""encoder"": ""mlp_tabular_ln"", ""input_dim"": 10, ""hidden_dim"": 64, ""dropout"": 0.1}, {""name"": ""hungarian"", ""encoder"": ""mlp_tabular_ln"", ""input_dim"": 8, ""hidden_dim"": 64, ""dropout"": 0.1}, {""name"": ""switzerland"", ""encoder"": ""mlp_tabular_ln"", ""input_dim"": 8, ""hidden_dim"": 64, ""dropout"": 0.1}, {""name"": ""va_long_beach"", ""encoder"": ""mlp_tabular_ln"", ""input_dim"": 9, ""hidden_dim"": 64, ""dropout"": 0.1}], ""anchor_eps"": 0.0001, ""sep_samples_per_class"": 4, ""sep_method"": ""classifier"", ""sep_margin"": 1.0, ""lambda_fit"": 0.1, ""lambda_sep"": 0.1, ""groupdro_enabled"": true, ""groupdro_eta"": 1.0, ""groupdro_gamma"": 0.9, ""groupdro_update_mode"": ""softmax"", ""groupdro_objective"": ""weighted"", ""groupdro_kl_lambda"": 0.0, ""groupdro_uniform_init"": true, ""log_interval"": 20, ""save_every"": 10, ""val_frac"": 0.2, ""impute_missing"": true, ""common_encoder"": false, ""use_regret"": true, ""optimal_losses"": [0.49934679966136675, 0.5924033531758973, 0.4240419712328326, 1.4799922526387188], ""data_split_seed"": 1004}","{""num_groups"": 4, ""num_classes"": 2, ""train_total"": 426, ""test_total"": 185, ""train_group_counts"": [193, 188, 20, 25], ""test_group_counts"": [61, 59, 25, 40], ""train_class_counts"": [232, 194], ""test_class_counts"": [83, 102], ""train_group_class_counts"": [[104, 89], [120, 68], [1, 19], [7, 18]], ""test_group_class_counts"": [[33, 28], [38, 21], [2, 23], [10, 30]], ""group_proportions"": [0.45305164319248825, 0.4413145539906103, 0.046948356807511735, 0.05868544600938967], ""val_group_counts"": [49, 47, 20, 32], ""val_total"": 148}","{""num_groups"": 4, ""eta"": 1.0, ""update_mode"": ""softmax"", ""robust_objective"": ""weighted"", ""gamma"": 0.9, ""kl_lambda"": 0.0, ""initial_pi"": [0.4530516564846039, 0.44131454825401306, 0.04694835841655731, 0.05868544429540634]}",2026-09-14T15:50:53.683715,12,0.680857261021932,0.8203125,0.001,0.7837837837837838,0.8010787718810781,0.7377049180327869,0.92,"[0.7377049180327869, 0.7966101694915254, 0.92, 0.75]","[0.5717690882624172, 0.5636198086253668, 0.30794507518410685, 0.5933257168158889]","[0.6867469879518072, 0.8627450980392157]","[[0.696969696969697, 0.7857142857142857], [0.8947368421052632, 0.6190476190476191], [0.0, 1.0], [0.0, 1.0]]","[61, 59, 25, 40]",0.7775372775372775,"[0.7376344086021506, 0.7671052631578947, 0.4791666666666667, 0.42857142857142855]",0.42857142857142855,0.5933257168158889,0.75,0.7770442086409032,0.673469387755102,0.95,"[0.673469387755102, 0.7659574468085106, 0.95, 0.71875]","[0.5623764605546484, 0.5903597166563602, 0.22965964023023844, 0.6406194835435599]","[0.6515151515151515, 0.8292682926829268]","[[0.5925925925925926, 0.7727272727272727], [0.8666666666666667, 0.5882352941176471], [0.0, 1.0], [0.125, 0.9166666666666666]]","[49, 47, 20, 32]",0.7426570797499883,"[0.6733333333333333, 0.735279057859703, 0.48717948717948717, 0.5060034305317324]",0.48717948717948717,0.6406194835435599,"[0.26954174041748047, 0.24348607659339905, 0.24348607659339905, 0.24348607659339905]","[0.5575922826925913, 0.5742153028647105, 0.17153282711903253, 0.39261766771475476]","[0.2606539229551951, 0.24761225283145905, 0.24586690465609232, 0.24586690465609232]","[0.4530516564846039, 0.44131454825401306, 0.04694835841655731, 0.05868544429540634]",0.0
"{""run_name"": ""fedheart_exp_paper_hetagg_gdro"", ""seed"": 1337, ""run_dir"": ""runs/fedheart_cv/Ours_Regret_s1337_f4"", ""use_fedheart"": true, ""num_classes"": 2, ""stratified_batching"": true, ""train_frac"": 0.8, ""group_max_train_samples"": [null, null, 20, 25], ""true_hetero_input_dim"": true, ""feature_mask"": [[0, 1, 2, 3, 5, 6, 7, 8, 9, 10], [0, 1, 2, 3, 5, 6, 11, 12], [0, 1, 2, 4, 5, 7, 11, 12], [0, 1, 2, 4, 5, 6, 8, 9, 10]], ""batch_size"": 64, ""num_workers"": 0, ""epochs"": 100, ""early_stopping_patience"": 30, ""lr"": 0.001, ""weight_decay"": 0.0001, ""optimizer"": ""adam"", ""grad_clip"": 1.0, ""lr_scheduler"": ""cosine"", ""lr_min"": 1e-05, ""latent_dim"": 64, ""head_hidden"": 32, ""groups"": [{""name"": ""cleveland"", ""encoder"": ""mlp_tabular_ln"", ""input_dim"": 10, ""hidden_dim"": 64, ""dropout"": 0.1}, {""name"": ""hungarian"", ""encoder"": ""mlp_tabular_ln"", ""input_dim"": 8, ""hidden_dim"": 64, ""dropout"": 0.1}, {""name"": ""switzerland"", ""encoder"": ""mlp_tabular_ln"", ""input_dim"": 8, ""hidden_dim"": 64, ""dropout"": 0.1}, {""name"": ""va_long_beach"", ""encoder"": ""mlp_tabular_ln"", ""input_dim"": 9, ""hidden_dim"": 64, ""dropout"": 0.1}], ""anchor_eps"": 0.0001, ""sep_samples_per_class"": 4, ""sep_method"": ""classifier"", ""sep_margin"": 1.0, ""lambda_fit"": 0.1, ""lambda_sep"": 0.1, ""groupdro_enabled"": true, ""groupdro_eta"": 1.0, ""groupdro_gamma"": 0.9, ""groupdro_update_mode"": ""softmax"", ""groupdro_objective"": ""weighted"", ""groupdro_kl_lambda"": 0.0, ""groupdro_uniform_init"": true, ""log_interval"": 20, ""save_every"": 10, ""val_frac"": 0.2, ""impute_missing"": true, ""common_encoder"": false, ""use_regret"": true, ""optimal_losses"": [0.49934679966136675, 0.5924033531758973, 0.4240419712328326, 1.4799922526387188], ""data_split_seed"": 1004}","{""num_groups"": 4, ""num_classes"": 2, ""train_total"": 426, ""test_total"": 185, ""train_group_counts"": [193, 188, 20, 25], ""test_group_counts"": [61, 59, 25, 40], ""train_class_counts"": [232, 194], ""test_class_counts"": [83, 102], ""train_group_class_counts"": [[104, 89], [120, 68], [1, 19], [7, 18]], ""test_group_class_counts"": [[33, 28], [38, 21], [2, 23], [10, 30]], ""group_proportions"": [0.45305164319248825, 0.4413145539906103, 0.046948356807511735, 0.05868544600938967], ""val_group_counts"": [49, 47, 20, 32], ""val_total"": 148}","{""num_groups"": 4, ""eta"": 1.0, ""update_mode"": ""softmax"", ""robust_objective"": ""weighted"", ""gamma"": 0.9, ""kl_lambda"": 0.0, ""initial_pi"": [0.4530516564846039, 0.44131454825401306, 0.04694835841655731, 0.05868544429540634]}",2026-09-14T15:50:53.683715,13,0.6055809656778971,0.7994791666666666,0.001,0.772972972972973,0.7907304112253404,0.7213114754098361,0.92,"[0.7213114754098361, 0.7966101694915254, 0.92, 0.725]","[0.5631572738534114, 0.542312769061428, 0.3117944514006376, 0.6192242507822812]","[0.6746987951807228, 0.8529411764705882]","[[0.6666666666666666, 0.7857142857142857], [0.8947368421052632, 0.6190476190476191], [0.0, 1.0], [0.0, 0.9666666666666667]]","[61, 59, 25, 40]",0.7664141414141413,"[0.721311475409836, 0.7671052631578947, 0.4791666666666667, 0.42028985507246375]",0.42028985507246375,0.6192242507822812,0.75,0.7770442086409032,0.673469387755102,0.95,"[0.673469387755102, 0.7659574468085106, 0.95, 0.71875]","[0.5535519931997571, 0.5743943643062672, 0.23010716596618294, 0.6681831879541278]","[0.6515151515151515, 0.8292682926829268]","[[0.5925925925925926, 0.7727272727272727], [0.8666666666666667, 0.5882352941176471], [0.0, 1.0], [0.125, 0.9166666666666666]]","[49, 47, 20, 32]",0.7426570797499883,"[0.6733333333333333, 0.735279057859703, 0.48717948717948717, 0.5060034305317324]",0.48717948717948717,0.6681831879541278,"[0.25863945484161377, 0.2472410500049591, 0.24705971777439117, 0.24705971777439117]","[0.5291805366675059, 0.5597509443759918, 0.14429289661347866, 0.24500466138124466]","[0.2556474308172862, 0.24813767274220785, 0.24810745070377985, 0.24810745070377985]","[0.4530516564846039, 0.44131454825401306, 0.04694835841655731, 0.05868544429540634]",0.0
"{""run_name"": ""fedheart_exp_paper_hetagg_gdro"", ""seed"": 1337, ""run_dir"": ""runs/fedheart_cv/Ours_Regret_s1337_f4"", ""use_fedheart"": true, ""num_classes"": 2, ""stratified_batching"": true, ""train_frac"": 0.8, ""group_max_train_samples"": [null, null, 20, 25], ""true_hetero_input_dim"": true, ""feature_mask"": [[0, 1, 2, 3, 5, 6, 7, 8, 9, 10], [0, 1, 2, 3, 5, 6, 11, 12], [0, 1, 2, 4, 5, 7, 11, 12], [0, 1, 2, 4, 5, 6, 8, 9, 10]], ""batch_size"": 64, ""num_workers"": 0, ""epochs"": 100, ""early_stopping_patience"": 30, ""lr"": 0.001, ""weight_decay"": 0.0001, ""optimizer"": ""adam"", ""grad_clip"": 1.0, ""lr_scheduler"": ""cosine"", ""lr_min"": 1e-05, ""latent_dim"": 64, ""head_hidden"": 32, ""groups"": [{""name"": ""cleveland"", ""encoder"": ""mlp_tabular_ln"", ""input_dim"": 10, ""hidden_dim"": 64, ""dropout"": 0.1}, {""name"": ""hungarian"", ""encoder"": ""mlp_tabular_ln"", ""input_dim"": 8, ""hidden_dim"": 64, ""dropout"": 0.1}, {""name"": ""switzerland"", ""encoder"": ""mlp_tabular_ln"", ""input_dim"": 8, ""hidden_dim"": 64, ""dropout"": 0.1}, {""name"": ""va_long_beach"", ""encoder"": ""mlp_tabular_ln"", ""input_dim"": 9, ""hidden_dim"": 64, ""dropout"": 0.1}], ""anchor_eps"": 0.0001, ""sep_samples_per_class"": 4, ""sep_method"": ""classifier"", ""sep_margin"": 1.0, ""lambda_fit"": 0.1, ""lambda_sep"": 0.1, ""groupdro_enabled"": true, ""groupdro_eta"": 1.0, ""groupdro_gamma"": 0.9, ""groupdro_update_mode"": ""softmax"", ""groupdro_objective"": ""weighted"", ""groupdro_kl_lambda"": 0.0, ""groupdro_uniform_init"": true, ""log_interval"": 20, ""save_every"": 10, ""val_frac"": 0.2, ""impute_missing"": true, ""common_encoder"": false, ""use_regret"": true, ""optimal_losses"": [0.49934679966136675, 0.5924033531758973, 0.4240419712328326, 1.4799922526387188], ""data_split_seed"": 1004}","{""num_groups"": 4, ""num_classes"": 2, ""train_total"": 426, ""test_total"": 185, ""train_group_counts"": [193, 188, 20, 25], ""test_group_counts"": [61, 59, 25, 40], ""train_class_counts"": [232, 194], ""test_class_counts"": [83, 102], ""train_group_class_counts"": [[104, 89], [120, 68], [1, 19], [7, 18]], ""test_group_class_counts"": [[33, 28], [38, 21], [2, 23], [10, 30]], ""group_proportions"": [0.45305164319248825, 0.4413145539906103, 0.046948356807511735, 0.05868544600938967], ""val_group_counts"": [49, 47, 20, 32], ""val_total"": 148}","{""num_groups"": 4, ""eta"": 1.0, ""update_mode"": ""softmax"", ""robust_objective"": ""weighted"", ""gamma"": 0.9, ""kl_lambda"": 0.0, ""initial_pi"": [0.4530516564846039, 0.44131454825401306, 0.04694835841655731, 0.05868544429540634]}",2026-09-14T15:50:53.683715,14,0.5826614598433176,0.8046875,0.001,0.772972972972973,0.784828771881078,0.725,0.88,"[0.7377049180327869, 0.7966101694915254, 0.88, 0.725]","[0.540901575665005, 0.5166189193220462, 0.31918910473585127, 0.6626806490123271]","[0.6987951807228916, 0.8333333333333334]","[[0.7272727272727273, 0.75], [0.8947368421052632, 0.6190476190476191], [0.0, 0.9565217391304348], [0.0, 0.9666666666666667]]","[61, 59, 25, 40]",0.7680320038213518,"[0.7370689655172413, 0.7671052631578947, 0.4680851063829787, 0.42028985507246375]",0.42028985507246375,0.6626806490123271,0.7635135135135135,0.7868140740338688,0.71875,0.95,"[0.7551020408163265, 0.723404255319149, 0.95, 0.71875]","[0.5233801271842451, 0.5571888098691372, 0.2411623059771955, 0.7099593280581757]","[0.7272727272727273, 0.7926829268292683]","[[0.7407407407407407, 0.7727272727272727], [0.9, 0.4117647058823529], [0.0, 1.0], [0.125, 0.9166666666666666]]","[49, 47, 20, 32]",0.760351607679852,"[0.754180602006689, 0.6622443338861248, 0.48717948717948717, 0.5060034305317324]",0.48717948717948717,0.7099593280581757,"[0.25, 0.25, 0.25, 0.25]","[0.501401886343956, 0.537877137462298, 0.14003483143945536, 0.28961057340105373]","[0.2514605447649956, 0.25264065712690353, 0.2479493866364161, 0.2479493866364161]","[0.4530516564846039, 0.44131454825401306, 0.04694835841655731, 0.05868544429540634]",0.0
"{""run_name"": ""fedheart_exp_paper_hetagg_gdro"", ""seed"": 1337, ""run_dir"": ""runs/fedheart_cv/Ours_Regret_s1337_f4"", ""use_fedheart"": true, ""num_classes"": 2, ""stratified_batching"": true, ""train_frac"": 0.8, ""group_max_train_samples"": [null, null, 20, 25], ""true_hetero_input_dim"": true, ""feature_mask"": [[0, 1, 2, 3, 5, 6, 7, 8, 9, 10], [0, 1, 2, 3, 5, 6, 11, 12], [0, 1, 2, 4, 5, 7, 11, 12], [0, 1, 2, 4, 5, 6, 8, 9, 10]], ""batch_size"": 64, ""num_workers"": 0, ""epochs"": 100, ""early_stopping_patience"": 30, ""lr"": 0.001, ""weight_decay"": 0.0001, ""optimizer"": ""adam"", ""grad_clip"": 1.0, ""lr_scheduler"": ""cosine"", ""lr_min"": 1e-05, ""latent_dim"": 64, ""head_hidden"": 32, ""groups"": [{""name"": ""cleveland"", ""encoder"": ""mlp_tabular_ln"", ""input_dim"": 10, ""hidden_dim"": 64, ""dropout"": 0.1}, {""name"": ""hungarian"", ""encoder"": ""mlp_tabular_ln"", ""input_dim"": 8, ""hidden_dim"": 64, ""dropout"": 0.1}, {""name"": ""switzerland"", ""encoder"": ""mlp_tabular_ln"", ""input_dim"": 8, ""hidden_dim"": 64, ""dropout"": 0.1}, {""name"": ""va_long_beach"", ""encoder"": ""mlp_tabular_ln"", ""input_dim"": 9, ""hidden_dim"": 64, ""dropout"": 0.1}], ""anchor_eps"": 0.0001, ""sep_samples_per_class"": 4, ""sep_method"": ""classifier"", ""sep_margin"": 1.0, ""lambda_fit"": 0.1, ""lambda_sep"": 0.1, ""groupdro_enabled"": true, ""groupdro_eta"": 1.0, ""groupdro_gamma"": 0.9, ""groupdro_update_mode"": ""softmax"", ""groupdro_objective"": ""weighted"", ""groupdro_kl_lambda"": 0.0, ""groupdro_uniform_init"": true, ""log_interval"": 20, ""save_every"": 10, ""val_frac"": 0.2, ""impute_missing"": true, ""common_encoder"": false, ""use_regret"": true, ""optimal_losses"": [0.49934679966136675, 0.5924033531758973, 0.4240419712328326, 1.4799922526387188], ""data_split_seed"": 1004}","{""num_groups"": 4, ""num_classes"": 2, ""train_total"": 426, ""test_total"": 185, ""train_group_counts"": [193, 188, 20, 25], ""test_group_counts"": [61, 59, 25, 40], ""train_class_counts"": [232, 194], ""test_class_counts"": [83, 102], ""train_group_class_counts"": [[104, 89], [120, 68], [1, 19], [7, 18]], ""test_group_class_counts"": [[33, 28], [38, 21], [2, 23], [10, 30]], ""group_proportions"": [0.45305164319248825, 0.4413145539906103, 0.046948356807511735, 0.05868544600938967], ""val_group_counts"": [49, 47, 20, 32], ""val_total"": 148}","{""num_groups"": 4, ""eta"": 1.0, ""update_mode"": ""softmax"", ""robust_objective"": ""weighted"", ""gamma"": 0.9, ""kl_lambda"": 0.0, ""initial_pi"": [0.4530516564846039, 0.44131454825401306, 0.04694835841655731, 0.05868544429540634]}",2026-09-14T15:50:53.683715,15,0.5314679543177286,0.8177083333333334,0.001,0.772972972972973,0.784828771881078,0.725,0.88,"[0.7377049180327869, 0.7966101694915254, 0.88, 0.725]","[0.5344897579462802, 0.509978142330202, 0.3287281547486782, 0.6655800806358456]","[0.6987951807228916, 0.8333333333333334]","[[0.7272727272727273, 0.75], [0.8947368421052632, 0.6190476190476191], [0.0, 0.9565217391304348], [0.0, 0.9666666666666667]]","[61, 59, 25, 40]",0.7680320038213518,"[0.7370689655172413, 0.7671052631578947, 0.4680851063829787, 0.42028985507246375]",0.42028985507246375,0.6655800806358456,0.777027027027027,0.8001628310898827,0.7346938775510204,0.95,"[0.7346938775510204, 0.7659574468085106, 0.95, 0.75]","[0.5166375567110217, 0.5478183329105377, 0.2539117441978306, 0.7311987043940462]","[0.7121212121212122, 0.8292682926829268]","[[0.7037037037037037, 0.7727272727272727], [0.8666666666666667, 0.5882352941176471], [0.0, 1.0], [0.25, 0.9166666666666666]]","[49, 47, 20, 32]",0.7724456040628056,"[0.7342511472674178, 0.735279057859703, 0.48717948717948717, 0.5897435897435898]",0.48717948717948717,0.7311987043940462,"[0.25, 0.25, 0.25, 0.25]","[0.4642063726981481, 0.5031399726867676, 0.1236956709374984, 0.23717469597856203]","[0.2503431662917137, 0.250783808529377, 0.2494365026553472, 0.2494365026553472]","[0.4530516564846039, 0.44131454825401306, 0.04694835841655731, 0.05868544429540634]",0.0
"{""run_name"": ""fedheart_exp_paper_hetagg_gdro"", ""seed"": 1337, ""run_dir"": ""runs/fedheart_cv/Ours_Regret_s1337_f4"", ""use_fedheart"": true, ""num_classes"": 2, ""stratified_batching"": true, ""train_frac"": 0.8, ""group_max_train_samples"": [null, null, 20, 25], ""true_hetero_input_dim"": true, ""feature_mask"": [[0, 1, 2, 3, 5, 6, 7, 8, 9, 10], [0, 1, 2, 3, 5, 6, 11, 12], [0, 1, 2, 4, 5, 7, 11, 12], [0, 1, 2, 4, 5, 6, 8, 9, 10]], ""batch_size"": 64, ""num_workers"": 0, ""epochs"": 100, ""early_stopping_patience"": 30, ""lr"": 0.001, ""weight_decay"": 0.0001, ""optimizer"": ""adam"", ""grad_clip"": 1.0, ""lr_scheduler"": ""cosine"", ""lr_min"": 1e-05, ""latent_dim"": 64, ""head_hidden"": 32, ""groups"": [{""name"": ""cleveland"", ""encoder"": ""mlp_tabular_ln"", ""input_dim"": 10, ""hidden_dim"": 64, ""dropout"": 0.1}, {""name"": ""hungarian"", ""encoder"": ""mlp_tabular_ln"", ""input_dim"": 8, ""hidden_dim"": 64, ""dropout"": 0.1}, {""name"": ""switzerland"", ""encoder"": ""mlp_tabular_ln"", ""input_dim"": 8, ""hidden_dim"": 64, ""dropout"": 0.1}, {""name"": ""va_long_beach"", ""encoder"": ""mlp_tabular_ln"", ""input_dim"": 9, ""hidden_dim"": 64, ""dropout"": 0.1}], ""anchor_eps"": 0.0001, ""sep_samples_per_class"": 4, ""sep_method"": ""classifier"", ""sep_margin"": 1.0, ""lambda_fit"": 0.1, ""lambda_sep"": 0.1, ""groupdro_enabled"": true, ""groupdro_eta"": 1.0, ""groupdro_gamma"": 0.9, ""groupdro_update_mode"": ""softmax"", ""groupdro_objective"": ""weighted"", ""groupdro_kl_lambda"": 0.0, ""groupdro_uniform_init"": true, ""log_interval"": 20, ""save_every"": 10, ""val_frac"": 0.2, ""impute_missing"": true, ""common_encoder"": false, ""use_regret"": true, ""optimal_losses"": [0.49934679966136675, 0.5924033531758973, 0.4240419712328326, 1.4799922526387188], ""data_split_seed"": 1004}","{""num_groups"": 4, ""num_classes"": 2, ""train_total"": 426, ""test_total"": 185, ""train_group_counts"": [193, 188, 20, 25], ""test_group_counts"": [61, 59, 25, 40], ""train_class_counts"": [232, 194], ""test_class_counts"": [83, 102], ""train_group_class_counts"": [[104, 89], [120, 68], [1, 19], [7, 18]], ""test_group_class_counts"": [[33, 28], [38, 21], [2, 23], [10, 30]], ""group_proportions"": [0.45305164319248825, 0.4413145539906103, 0.046948356807511735, 0.05868544600938967], ""val_group_counts"": [49, 47, 20, 32], ""val_total"": 148}","{""num_groups"": 4, ""eta"": 1.0, ""update_mode"": ""softmax"", ""robust_objective"": ""weighted"", ""gamma"": 0.9, ""kl_lambda"": 0.0, ""initial_pi"": [0.4530516564846039, 0.44131454825401306, 0.04694835841655731, 0.05868544429540634]}",2026-09-14T15:50:53.683715,16,0.49604441225528717,0.8411458333333334,0.001,0.7675675675675676,0.7807304112253404,0.7213114754098361,0.88,"[0.7213114754098361, 0.7966101694915254, 0.88, 0.725]","[0.5383318754248931, 0.5063973930427583, 0.3388974827900529, 0.6520820025820285]","[0.6987951807228916, 0.8235294117647058]","[[0.696969696969697, 0.75], [0.8947368421052632, 0.6190476190476191], [0.0, 0.9565217391304348], [0.1, 0.9333333333333333]]","[61, 59, 25, 40]",0.7628841396166801,"[0.7210115684691957, 0.7671052631578947, 0.4680851063829787, 0.49483352468427094]",0.4680851063829787,0.6520820025820285,0.7702702702702703,0.7923503310898827,0.71875,0.95,"[0.7346938775510204, 0.7659574468085106, 0.95, 0.71875]","[0.5251235975598803, 0.5385687420976922, 0.26423476161435244, 0.7627747987862676]","[0.7121212121212122, 0.8170731707317073]","[[0.7037037037037037, 0.7727272727272727], [0.8666666666666667, 0.5882352941176471], [0.0, 1.0], [0.25, 0.875]]","[49, 47, 20, 32]",0.765997023809524,"[0.7342511472674178, 0.735279057859703, 0.48717948717948717, 0.5656108597285068]",0.48717948717948717,0.7627747987862676,"[0.25, 0.25, 0.25, 0.25]","[0.4400068422158559, 0.4878653685251872, 0.05096287839114666, 0.2533488894502322]","[0.2516411542892456, 0.2494529460867246, 0.2494529460867246, 0.2494529460867246]","[0.4530516564846039, 0.44131454825401306, 0.04694835841655731, 0.05868544429540634]",0.0
"{""run_name"": ""fedheart_exp_paper_hetagg_gdro"", ""seed"": 1337, ""run_dir"": ""runs/fedheart_cv/Ours_Regret_s1337_f4"", ""use_fedheart"": true, ""num_classes"": 2, ""stratified_batching"": true, ""train_frac"": 0.8, ""group_max_train_samples"": [null, null, 20, 25], ""true_hetero_input_dim"": true, ""feature_mask"": [[0, 1, 2, 3, 5, 6, 7, 8, 9, 10], [0, 1, 2, 3, 5, 6, 11, 12], [0, 1, 2, 4, 5, 7, 11, 12], [0, 1, 2, 4, 5, 6, 8, 9, 10]], ""batch_size"": 64, ""num_workers"": 0, ""epochs"": 100, ""early_stopping_patience"": 30, ""lr"": 0.001, ""weight_decay"": 0.0001, ""optimizer"": ""adam"", ""grad_clip"": 1.0, ""lr_scheduler"": ""cosine"", ""lr_min"": 1e-05, ""latent_dim"": 64, ""head_hidden"": 32, ""groups"": [{""name"": ""cleveland"", ""encoder"": ""mlp_tabular_ln"", ""input_dim"": 10, ""hidden_dim"": 64, ""dropout"": 0.1}, {""name"": ""hungarian"", ""encoder"": ""mlp_tabular_ln"", ""input_dim"": 8, ""hidden_dim"": 64, ""dropout"": 0.1}, {""name"": ""switzerland"", ""encoder"": ""mlp_tabular_ln"", ""input_dim"": 8, ""hidden_dim"": 64, ""dropout"": 0.1}, {""name"": ""va_long_beach"", ""encoder"": ""mlp_tabular_ln"", ""input_dim"": 9, ""hidden_dim"": 64, ""dropout"": 0.1}], ""anchor_eps"": 0.0001, ""sep_samples_per_class"": 4, ""sep_method"": ""classifier"", ""sep_margin"": 1.0, ""lambda_fit"": 0.1, ""lambda_sep"": 0.1, ""groupdro_enabled"": true, ""groupdro_eta"": 1.0, ""groupdro_gamma"": 0.9, ""groupdro_update_mode"": ""softmax"", ""groupdro_objective"": ""weighted"", ""groupdro_kl_lambda"": 0.0, ""groupdro_uniform_init"": true, ""log_interval"": 20, ""save_every"": 10, ""val_frac"": 0.2, ""impute_missing"": true, ""common_encoder"": false, ""use_regret"": true, ""optimal_losses"": [0.49934679966136675, 0.5924033531758973, 0.4240419712328326, 1.4799922526387188], ""data_split_seed"": 1004}","{""num_groups"": 4, ""num_classes"": 2, ""train_total"": 426, ""test_total"": 185, ""train_group_counts"": [193, 188, 20, 25], ""test_group_counts"": [61, 59, 25, 40], ""train_class_counts"": [232, 194], ""test_class_counts"": [83, 102], ""train_group_class_counts"": [[104, 89], [120, 68], [1, 19], [7, 18]], ""test_group_class_counts"": [[33, 28], [38, 21], [2, 23], [10, 30]], ""group_proportions"": [0.45305164319248825, 0.4413145539906103, 0.046948356807511735, 0.05868544600938967], ""val_group_counts"": [49, 47, 20, 32], ""val_total"": 148}","{""num_groups"": 4, ""eta"": 1.0, ""update_mode"": ""softmax"", ""robust_objective"": ""weighted"", ""gamma"": 0.9, ""kl_lambda"": 0.0, ""initial_pi"": [0.4530516564846039, 0.44131454825401306, 0.04694835841655731, 0.05868544429540634]}",2026-09-14T15:50:53.683715,17,0.449116051197052,0.828125,0.001,0.7621621621621621,0.7766320505696027,0.7049180327868853,0.88,"[0.7049180327868853, 0.7966101694915254, 0.88, 0.725]","[0.5517811143740279, 0.49825345952126937, 0.35084376726299527, 0.6983365961583331]","[0.6746987951807228, 0.8333333333333334]","[[0.6666666666666666, 0.75], [0.8947368421052632, 0.6190476190476191], [0.0, 0.9565217391304348], [0.0, 0.9666666666666667]]","[61, 59, 25, 40]",0.7561706206566019,"[0.7048387096774194, 0.7671052631578947, 0.4680851063829787, 0.42028985507246375]",0.42028985507246375,0.6983365961583331,0.777027027027027,0.7974523719062092,0.71875,0.95,"[0.7551020408163265, 0.7659574468085106, 0.95, 0.71875]","[0.5410967898003909, 0.5339419783112851, 0.27678641155362127, 0.8202925198129378]","[0.7121212121212122, 0.8292682926829268]","[[0.7037037037037037, 0.8181818181818182], [0.8666666666666667, 0.5882352941176471], [0.0, 1.0], [0.25, 0.875]]","[49, 47, 20, 32]",0.7724456040628056,"[0.7550000000000001, 0.735279057859703, 0.48717948717948717, 0.5656108597285068]",0.48717948717948717,0.8202925198129378,"[0.25, 0.25, 0.25, 0.25]","[0.42150608201821643, 0.46925769249598187, 0.05190635131051143, 0.22054611518979073]","[0.2502108961343765, 0.24992970377206802, 0.24992970377206802, 0.24992970377206802]","[0.4530516564846039, 0.44131454825401306, 0.04694835841655731, 0.05868544429540634]",0.0
"{""run_name"": ""fedheart_exp_paper_hetagg_gdro"", ""seed"": 1337, ""run_dir"": ""runs/fedheart_cv/Ours_Regret_s1337_f4"", ""use_fedheart"": true, ""num_classes"": 2, ""stratified_batching"": true, ""train_frac"": 0.8, ""group_max_train_samples"": [null, null, 20, 25], ""true_hetero_input_dim"": true, ""feature_mask"": [[0, 1, 2, 3, 5, 6, 7, 8, 9, 10], [0, 1, 2, 3, 5, 6, 11, 12], [0, 1, 2, 4, 5, 7, 11, 12], [0, 1, 2, 4, 5, 6, 8, 9, 10]], ""batch_size"": 64, ""num_workers"": 0, ""epochs"": 100, ""early_stopping_patience"": 30, ""lr"": 0.001, ""weight_decay"": 0.0001, ""optimizer"": ""adam"", ""grad_clip"": 1.0, ""lr_scheduler"": ""cosine"", ""lr_min"": 1e-05, ""latent_dim"": 64, ""head_hidden"": 32, ""groups"": [{""name"": ""cleveland"", ""encoder"": ""mlp_tabular_ln"", ""input_dim"": 10, ""hidden_dim"": 64, ""dropout"": 0.1}, {""name"": ""hungarian"", ""encoder"": ""mlp_tabular_ln"", ""input_dim"": 8, ""hidden_dim"": 64, ""dropout"": 0.1}, {""name"": ""switzerland"", ""encoder"": ""mlp_tabular_ln"", ""input_dim"": 8, ""hidden_dim"": 64, ""dropout"": 0.1}, {""name"": ""va_long_beach"", ""encoder"": ""mlp_tabular_ln"", ""input_dim"": 9, ""hidden_dim"": 64, ""dropout"": 0.1}], ""anchor_eps"": 0.0001, ""sep_samples_per_class"": 4, ""sep_method"": ""classifier"", ""sep_margin"": 1.0, ""lambda_fit"": 0.1, ""lambda_sep"": 0.1, ""groupdro_enabled"": true, ""groupdro_eta"": 1.0, ""groupdro_gamma"": 0.9, ""groupdro_update_mode"": ""softmax"", ""groupdro_objective"": ""weighted"", ""groupdro_kl_lambda"": 0.0, ""groupdro_uniform_init"": true, ""log_interval"": 20, ""save_every"": 10, ""val_frac"": 0.2, ""impute_missing"": true, ""common_encoder"": false, ""use_regret"": true, ""optimal_losses"": [0.49934679966136675, 0.5924033531758973, 0.4240419712328326, 1.4799922526387188], ""data_split_seed"": 1004}","{""num_groups"": 4, ""num_classes"": 2, ""train_total"": 426, ""test_total"": 185, ""train_group_counts"": [193, 188, 20, 25], ""test_group_counts"": [61, 59, 25, 40], ""train_class_counts"": [232, 194], ""test_class_counts"": [83, 102], ""train_group_class_counts"": [[104, 89], [120, 68], [1, 19], [7, 18]], ""test_group_class_counts"": [[33, 28], [38, 21], [2, 23], [10, 30]], ""group_proportions"": [0.45305164319248825, 0.4413145539906103, 0.046948356807511735, 0.05868544600938967], ""val_group_counts"": [49, 47, 20, 32], ""val_total"": 148}","{""num_groups"": 4, ""eta"": 1.0, ""update_mode"": ""softmax"", ""robust_objective"": ""weighted"", ""gamma"": 0.9, ""kl_lambda"": 0.0, ""initial_pi"": [0.4530516564846039, 0.44131454825401306, 0.04694835841655731, 0.05868544429540634]}",2026-09-14T15:50:53.683715,18,0.43112410108248395,0.8411458333333334,0.001,0.7675675675675676,0.7807304112253404,0.7213114754098361,0.88,"[0.7213114754098361, 0.7966101694915254, 0.88, 0.725]","[0.539095834141872, 0.49251609535540564, 0.3694867042079568, 0.7543307057349011]","[0.6867469879518072, 0.8333333333333334]","[[0.696969696969697, 0.75], [0.8947368421052632, 0.6190476190476191], [0.0, 0.9565217391304348], [0.0, 0.9666666666666667]]","[61, 59, 25, 40]",0.7621183577046142,"[0.7210115684691957, 0.7671052631578947, 0.4680851063829787, 0.42028985507246375]",0.42028985507246375,0.7543307057349011,0.777027027027027,0.7927648719062093,0.75,0.9,"[0.7551020408163265, 0.7659574468085106, 0.9, 0.75]","[0.5205441080794042, 0.5292948730131413, 0.3023129986599088, 0.8565386751724873]","[0.7272727272727273, 0.8170731707317073]","[[0.7407407407407407, 0.7727272727272727], [0.8666666666666667, 0.5882352941176471], [0.0, 0.9473684210526315], [0.25, 0.9166666666666666]]","[49, 47, 20, 32]",0.773290628046233,"[0.754180602006689, 0.735279057859703, 0.47368421052631576, 0.5897435897435898]",0.47368421052631576,0.8565386751724873,"[0.25, 0.25, 0.25, 0.25]","[0.42796602348486584, 0.45613554616769153, 0.05491844564676285, 0.1718369573354721]","[0.2519087716937065, 0.24983734140793482, 0.2491269459327062, 0.2491269459327062]","[0.4530516564846039, 0.44131454825401306, 0.04694835841655731, 0.05868544429540634]",0.0
"{""run_name"": ""fedheart_exp_paper_hetagg_gdro"", ""seed"": 1337, ""run_dir"": ""runs/fedheart_cv/Ours_Regret_s1337_f4"", ""use_fedheart"": true, ""num_classes"": 2, ""stratified_batching"": true, ""train_frac"": 0.8, ""group_max_train_samples"": [null, null, 20, 25], ""true_hetero_input_dim"": true, ""feature_mask"": [[0, 1, 2, 3, 5, 6, 7, 8, 9, 10], [0, 1, 2, 3, 5, 6, 11, 12], [0, 1, 2, 4, 5, 7, 11, 12], [0, 1, 2, 4, 5, 6, 8, 9, 10]], ""batch_size"": 64, ""num_workers"": 0, ""epochs"": 100, ""early_stopping_patience"": 30, ""lr"": 0.001, ""weight_decay"": 0.0001, ""optimizer"": ""adam"", ""grad_clip"": 1.0, ""lr_scheduler"": ""cosine"", ""lr_min"": 1e-05, ""latent_dim"": 64, ""head_hidden"": 32, ""groups"": [{""name"": ""cleveland"", ""encoder"": ""mlp_tabular_ln"", ""input_dim"": 10, ""hidden_dim"": 64, ""dropout"": 0.1}, {""name"": ""hungarian"", ""encoder"": ""mlp_tabular_ln"", ""input_dim"": 8, ""hidden_dim"": 64, ""dropout"": 0.1}, {""name"": ""switzerland"", ""encoder"": ""mlp_tabular_ln"", ""input_dim"": 8, ""hidden_dim"": 64, ""dropout"": 0.1}, {""name"": ""va_long_beach"", ""encoder"": ""mlp_tabular_ln"", ""input_dim"": 9, ""hidden_dim"": 64, ""dropout"": 0.1}], ""anchor_eps"": 0.0001, ""sep_samples_per_class"": 4, ""sep_method"": ""classifier"", ""sep_margin"": 1.0, ""lambda_fit"": 0.1, ""lambda_sep"": 0.1, ""groupdro_enabled"": true, ""groupdro_eta"": 1.0, ""groupdro_gamma"": 0.9, ""groupdro_update_mode"": ""softmax"", ""groupdro_objective"": ""weighted"", ""groupdro_kl_lambda"": 0.0, ""groupdro_uniform_init"": true, ""log_interval"": 20, ""save_every"": 10, ""val_frac"": 0.2, ""impute_missing"": true, ""common_encoder"": false, ""use_regret"": true, ""optimal_losses"": [0.49934679966136675, 0.5924033531758973, 0.4240419712328326, 1.4799922526387188], ""data_split_seed"": 1004}","{""num_groups"": 4, ""num_classes"": 2, ""train_total"": 426, ""test_total"": 185, ""train_group_counts"": [193, 188, 20, 25], ""test_group_counts"": [61, 59, 25, 40], ""train_class_counts"": [232, 194], ""test_class_counts"": [83, 102], ""train_group_class_counts"": [[104, 89], [120, 68], [1, 19], [7, 18]], ""test_group_class_counts"": [[33, 28], [38, 21], [2, 23], [10, 30]], ""group_proportions"": [0.45305164319248825, 0.4413145539906103, 0.046948356807511735, 0.05868544600938967], ""val_group_counts"": [49, 47, 20, 32], ""val_total"": 148}","{""num_groups"": 4, ""eta"": 1.0, ""update_mode"": ""softmax"", ""robust_objective"": ""weighted"", ""gamma"": 0.9, ""kl_lambda"": 0.0, ""initial_pi"": [0.4530516564846039, 0.44131454825401306, 0.04694835841655731, 0.05868544429540634]}",2026-09-14T15:50:53.683715,19,0.4393009195725123,0.8177083333333334,0.001,0.7675675675675676,0.7807304112253404,0.7213114754098361,0.88,"[0.7213114754098361, 0.7966101694915254, 0.88, 0.725]","[0.5527355755816717, 0.49066534259561767, 0.3891027223691344, 0.7583944131270982]","[0.6867469879518072, 0.8333333333333334]","[[0.696969696969697, 0.75], [0.8947368421052632, 0.6190476190476191], [0.0, 0.9565217391304348], [0.0, 0.9666666666666667]]","[61, 59, 25, 40]",0.7621183577046142,"[0.7210115684691957, 0.7671052631578947, 0.4680851063829787, 0.42028985507246375]",0.42028985507246375,0.7583944131270982,0.777027027027027,0.7902715208423795,0.71875,0.9,"[0.7551020408163265, 0.7872340425531915, 0.9, 0.71875]","[0.5351435688077187, 0.5206566934889936, 0.31940976763144135, 0.8758083658467513]","[0.7121212121212122, 0.8292682926829268]","[[0.7407407407407407, 0.7727272727272727], [0.8666666666666667, 0.6470588235294118], [0.0, 0.9473684210526315], [0.125, 0.9166666666666666]]","[49, 47, 20, 32]",0.7724456040628056,"[0.754180602006689, 0.7631048387096775, 0.47368421052631576, 0.5060034305317324]",0.47368421052631576,0.8758083658467513,"[0.25, 0.25, 0.25, 0.25]","[0.4154975414276123, 0.4936452805995941, 0.07381826654697458, 0.17482802147666612]","[0.2502317825953166, 0.2506195952494939, 0.24957431852817535, 0.24957431852817535]","[0.4530516564846039, 0.44131454825401306, 0.04694835841655731, 0.05868544429540634]",0.0
"{""run_name"": ""fedheart_exp_paper_hetagg_gdro"", ""seed"": 1337, ""run_dir"": ""runs/fedheart_cv/Ours_Regret_s1337_f4"", ""use_fedheart"": true, ""num_classes"": 2, ""stratified_batching"": true, ""train_frac"": 0.8, ""group_max_train_samples"": [null, null, 20, 25], ""true_hetero_input_dim"": true, ""feature_mask"": [[0, 1, 2, 3, 5, 6, 7, 8, 9, 10], [0, 1, 2, 3, 5, 6, 11, 12], [0, 1, 2, 4, 5, 7, 11, 12], [0, 1, 2, 4, 5, 6, 8, 9, 10]], ""batch_size"": 64, ""num_workers"": 0, ""epochs"": 100, ""early_stopping_patience"": 30, ""lr"": 0.001, ""weight_decay"": 0.0001, ""optimizer"": ""adam"", ""grad_clip"": 1.0, ""lr_scheduler"": ""cosine"", ""lr_min"": 1e-05, ""latent_dim"": 64, ""head_hidden"": 32, ""groups"": [{""name"": ""cleveland"", ""encoder"": ""mlp_tabular_ln"", ""input_dim"": 10, ""hidden_dim"": 64, ""dropout"": 0.1}, {""name"": ""hungarian"", ""encoder"": ""mlp_tabular_ln"", ""input_dim"": 8, ""hidden_dim"": 64, ""dropout"": 0.1}, {""name"": ""switzerland"", ""encoder"": ""mlp_tabular_ln"", ""input_dim"": 8, ""hidden_dim"": 64, ""dropout"": 0.1}, {""name"": ""va_long_beach"", ""encoder"": ""mlp_tabular_ln"", ""input_dim"": 9, ""hidden_dim"": 64, ""dropout"": 0.1}], ""anchor_eps"": 0.0001, ""sep_samples_per_class"": 4, ""sep_method"": ""classifier"", ""sep_margin"": 1.0, ""lambda_fit"": 0.1, ""lambda_sep"": 0.1, ""groupdro_enabled"": true, ""groupdro_eta"": 1.0, ""groupdro_gamma"": 0.9, ""groupdro_update_mode"": ""softmax"", ""groupdro_objective"": ""weighted"", ""groupdro_kl_lambda"": 0.0, ""groupdro_uniform_init"": true, ""log_interval"": 20, ""save_every"": 10, ""val_frac"": 0.2, ""impute_missing"": true, ""common_encoder"": false, ""use_regret"": true, ""optimal_losses"": [0.49934679966136675, 0.5924033531758973, 0.4240419712328326, 1.4799922526387188], ""data_split_seed"": 1004}","{""num_groups"": 4, ""num_classes"": 2, ""train_total"": 426, ""test_total"": 185, ""train_group_counts"": [193, 188, 20, 25], ""test_group_counts"": [61, 59, 25, 40], ""train_class_counts"": [232, 194], ""test_class_counts"": [83, 102], ""train_group_class_counts"": [[104, 89], [120, 68], [1, 19], [7, 18]], ""test_group_class_counts"": [[33, 28], [38, 21], [2, 23], [10, 30]], ""group_proportions"": [0.45305164319248825, 0.4413145539906103, 0.046948356807511735, 0.05868544600938967], ""val_group_counts"": [49, 47, 20, 32], ""val_total"": 148}","{""num_groups"": 4, ""eta"": 1.0, ""update_mode"": ""softmax"", ""robust_objective"": ""weighted"", ""gamma"": 0.9, ""kl_lambda"": 0.0, ""initial_pi"": [0.4530516564846039, 0.44131454825401306, 0.04694835841655731, 0.05868544429540634]}",2026-09-14T15:50:53.683715,20,0.3996603488922119,0.8177083333333334,0.001,0.7675675675675676,0.7807304112253404,0.7213114754098361,0.88,"[0.7213114754098361, 0.7966101694915254, 0.88, 0.725]","[0.5592438268979065, 0.48955505379175734, 0.4059509148262441, 0.8417757793096825]","[0.6867469879518072, 0.8333333333333334]","[[0.696969696969697, 0.75], [0.8947368421052632, 0.6190476190476191], [0.0, 0.9565217391304348], [0.0, 0.9666666666666667]]","[61, 59, 25, 40]",0.7621183577046142,"[0.7210115684691957, 0.7671052631578947, 0.4680851063829787, 0.42028985507246375]",0.42028985507246375,0.8417757793096825,0.777027027027027,0.7902715208423795,0.71875,0.9,"[0.7551020408163265, 0.7872340425531915, 0.9, 0.71875]","[0.5416816227442148, 0.5091082366540077, 0.33189820873085407, 0.952368215599563]","[0.7272727272727273, 0.8170731707317073]","[[0.7777777777777778, 0.7272727272727273], [0.8666666666666667, 0.6470588235294118], [0.0, 0.9473684210526315], [0.125, 0.9166666666666666]]","[49, 47, 20, 32]",0.773290628046233,"[0.7525252525252526, 0.7631048387096775, 0.47368421052631576, 0.5060034305317324]",0.47368421052631576,0.952368215599563,"[0.25, 0.25, 0.25, 0.25]","[0.4448242833216985, 0.45105630656083423, 0.04827751126140356, 0.11995285873611768]","[0.2528543621301651, 0.2490485484401385, 0.2490485484401385, 0.2490485484401385]","[0.4530516564846039, 0.44131454825401306, 0.04694835841655731, 0.05868544429540634]",0.0
"{""run_name"": ""fedheart_exp_paper_hetagg_gdro"", ""seed"": 1337, ""run_dir"": ""runs/fedheart_cv/Ours_Regret_s1337_f4"", ""use_fedheart"": true, ""num_classes"": 2, ""stratified_batching"": true, ""train_frac"": 0.8, ""group_max_train_samples"": [null, null, 20, 25], ""true_hetero_input_dim"": true, ""feature_mask"": [[0, 1, 2, 3, 5, 6, 7, 8, 9, 10], [0, 1, 2, 3, 5, 6, 11, 12], [0, 1, 2, 4, 5, 7, 11, 12], [0, 1, 2, 4, 5, 6, 8, 9, 10]], ""batch_size"": 64, ""num_workers"": 0, ""epochs"": 100, ""early_stopping_patience"": 30, ""lr"": 0.001, ""weight_decay"": 0.0001, ""optimizer"": ""adam"", ""grad_clip"": 1.0, ""lr_scheduler"": ""cosine"", ""lr_min"": 1e-05, ""latent_dim"": 64, ""head_hidden"": 32, ""groups"": [{""name"": ""cleveland"", ""encoder"": ""mlp_tabular_ln"", ""input_dim"": 10, ""hidden_dim"": 64, ""dropout"": 0.1}, {""name"": ""hungarian"", ""encoder"": ""mlp_tabular_ln"", ""input_dim"": 8, ""hidden_dim"": 64, ""dropout"": 0.1}, {""name"": ""switzerland"", ""encoder"": ""mlp_tabular_ln"", ""input_dim"": 8, ""hidden_dim"": 64, ""dropout"": 0.1}, {""name"": ""va_long_beach"", ""encoder"": ""mlp_tabular_ln"", ""input_dim"": 9, ""hidden_dim"": 64, ""dropout"": 0.1}], ""anchor_eps"": 0.0001, ""sep_samples_per_class"": 4, ""sep_method"": ""classifier"", ""sep_margin"": 1.0, ""lambda_fit"": 0.1, ""lambda_sep"": 0.1, ""groupdro_enabled"": true, ""groupdro_eta"": 1.0, ""groupdro_gamma"": 0.9, ""groupdro_update_mode"": ""softmax"", ""groupdro_objective"": ""weighted"", ""groupdro_kl_lambda"": 0.0, ""groupdro_uniform_init"": true, ""log_interval"": 20, ""save_every"": 10, ""val_frac"": 0.2, ""impute_missing"": true, ""common_encoder"": false, ""use_regret"": true, ""optimal_losses"": [0.49934679966136675, 0.5924033531758973, 0.4240419712328326, 1.4799922526387188], ""data_split_seed"": 1004}","{""num_groups"": 4, ""num_classes"": 2, ""train_total"": 426, ""test_total"": 185, ""train_group_counts"": [193, 188, 20, 25], ""test_group_counts"": [61, 59, 25, 40], ""train_class_counts"": [232, 194], ""test_class_counts"": [83, 102], ""train_group_class_counts"": [[104, 89], [120, 68], [1, 19], [7, 18]], ""test_group_class_counts"": [[33, 28], [38, 21], [2, 23], [10, 30]], ""group_proportions"": [0.45305164319248825, 0.4413145539906103, 0.046948356807511735, 0.05868544600938967], ""val_group_counts"": [49, 47, 20, 32], ""val_total"": 148}","{""num_groups"": 4, ""eta"": 1.0, ""update_mode"": ""softmax"", ""robust_objective"": ""weighted"", ""gamma"": 0.9, ""kl_lambda"": 0.0, ""initial_pi"": [0.4530516564846039, 0.44131454825401306, 0.04694835841655731, 0.05868544429540634]}",2026-09-14T15:50:53.683715,21,0.3546606997648875,0.8489583333333334,0.001,0.7675675675675676,0.7807304112253404,0.7213114754098361,0.88,"[0.7213114754098361, 0.7966101694915254, 0.88, 0.725]","[0.5616428069159632, 0.49044673435263714, 0.4104983203113079, 0.8157192410668358]","[0.6867469879518072, 0.8333333333333334]","[[0.696969696969697, 0.75], [0.8947368421052632, 0.6190476190476191], [0.0, 0.9565217391304348], [0.0, 0.9666666666666667]]","[61, 59, 25, 40]",0.7621183577046142,"[0.7210115684691957, 0.7671052631578947, 0.4680851063829787, 0.42028985507246375]",0.42028985507246375,0.8157192410668358,0.7837837837837838,0.7928802105948762,0.6875,0.9,"[0.7755102040816326, 0.8085106382978723, 0.9, 0.6875]","[0.541663438461873, 0.5042902131346946, 0.3244233330478892, 0.9736561704048654]","[0.7424242424242424, 0.8170731707317073]","[[0.7777777777777778, 0.7727272727272727], [0.9, 0.6470588235294118], [0.0, 0.9473684210526315], [0.125, 0.875]]","[49, 47, 20, 32]",0.7805375347544022,"[0.7740041928721173, 0.7834101382488479, 0.47368421052631576, 0.48717948717948717]",0.47368421052631576,0.9736561704048654,"[0.25, 0.25, 0.25, 0.25]","[0.3986004441976547, 0.42983994881312054, 0.05131830212970575, 0.08348702235768239]","[0.2513611664374669, 0.24954627950986227, 0.24954627950986227, 0.24954627950986227]","[0.4530516564846039, 0.44131454825401306, 0.04694835841655731, 0.05868544429540634]",0.0
"{""run_name"": ""fedheart_exp_paper_hetagg_gdro"", ""seed"": 1337, ""run_dir"": ""runs/fedheart_cv/Ours_Regret_s1337_f4"", ""use_fedheart"": true, ""num_classes"": 2, ""stratified_batching"": true, ""train_frac"": 0.8, ""group_max_train_samples"": [null, null, 20, 25], ""true_hetero_input_dim"": true, ""feature_mask"": [[0, 1, 2, 3, 5, 6, 7, 8, 9, 10], [0, 1, 2, 3, 5, 6, 11, 12], [0, 1, 2, 4, 5, 7, 11, 12], [0, 1, 2, 4, 5, 6, 8, 9, 10]], ""batch_size"": 64, ""num_workers"": 0, ""epochs"": 100, ""early_stopping_patience"": 30, ""lr"": 0.001, ""weight_decay"": 0.0001, ""optimizer"": ""adam"", ""grad_clip"": 1.0, ""lr_scheduler"": ""cosine"", ""lr_min"": 1e-05, ""latent_dim"": 64, ""head_hidden"": 32, ""groups"": [{""name"": ""cleveland"", ""encoder"": ""mlp_tabular_ln"", ""input_dim"": 10, ""hidden_dim"": 64, ""dropout"": 0.1}, {""name"": ""hungarian"", ""encoder"": ""mlp_tabular_ln"", ""input_dim"": 8, ""hidden_dim"": 64, ""dropout"": 0.1}, {""name"": ""switzerland"", ""encoder"": ""mlp_tabular_ln"", ""input_dim"": 8, ""hidden_dim"": 64, ""dropout"": 0.1}, {""name"": ""va_long_beach"", ""encoder"": ""mlp_tabular_ln"", ""input_dim"": 9, ""hidden_dim"": 64, ""dropout"": 0.1}], ""anchor_eps"": 0.0001, ""sep_samples_per_class"": 4, ""sep_method"": ""classifier"", ""sep_margin"": 1.0, ""lambda_fit"": 0.1, ""lambda_sep"": 0.1, ""groupdro_enabled"": true, ""groupdro_eta"": 1.0, ""groupdro_gamma"": 0.9, ""groupdro_update_mode"": ""softmax"", ""groupdro_objective"": ""weighted"", ""groupdro_kl_lambda"": 0.0, ""groupdro_uniform_init"": true, ""log_interval"": 20, ""save_every"": 10, ""val_frac"": 0.2, ""impute_missing"": true, ""common_encoder"": false, ""use_regret"": true, ""optimal_losses"": [0.49934679966136675, 0.5924033531758973, 0.4240419712328326, 1.4799922526387188], ""data_split_seed"": 1004}","{""num_groups"": 4, ""num_classes"": 2, ""train_total"": 426, ""test_total"": 185, ""train_group_counts"": [193, 188, 20, 25], ""test_group_counts"": [61, 59, 25, 40], ""train_class_counts"": [232, 194], ""test_class_counts"": [83, 102], ""train_group_class_counts"": [[104, 89], [120, 68], [1, 19], [7, 18]], ""test_group_class_counts"": [[33, 28], [38, 21], [2, 23], [10, 30]], ""group_proportions"": [0.45305164319248825, 0.4413145539906103, 0.046948356807511735, 0.05868544600938967], ""val_group_counts"": [49, 47, 20, 32], ""val_total"": 148}","{""num_groups"": 4, ""eta"": 1.0, ""update_mode"": ""softmax"", ""robust_objective"": ""weighted"", ""gamma"": 0.9, ""kl_lambda"": 0.0, ""initial_pi"": [0.4530516564846039, 0.44131454825401306, 0.04694835841655731, 0.05868544429540634]}",2026-09-14T15:50:53.683715,22,0.3608266661564509,0.8489583333333334,0.001,0.7675675675675676,0.7807304112253404,0.7213114754098361,0.88,"[0.7213114754098361, 0.7966101694915254, 0.88, 0.725]","[0.5681637019896116, 0.4927699517900661, 0.42023812210187317, 0.7571931670885533]","[0.6987951807228916, 0.8235294117647058]","[[0.696969696969697, 0.75], [0.8947368421052632, 0.6190476190476191], [0.0, 0.9565217391304348], [0.1, 0.9333333333333333]]","[61, 59, 25, 40]",0.7628841396166801,"[0.7210115684691957, 0.7671052631578947, 0.4680851063829787, 0.49483352468427094]",0.4680851063829787,0.7571931670885533,0.7837837837837838,0.7928802105948762,0.6875,0.9,"[0.7755102040816326, 0.8085106382978723, 0.9, 0.6875]","[0.537899271413988, 0.5116070171302938, 0.31474557030014694, 0.983260259454255]","[0.7575757575757576, 0.8048780487804879]","[[0.7777777777777778, 0.7727272727272727], [0.9, 0.6470588235294118], [0.0, 0.9473684210526315], [0.25, 0.8333333333333334]]","[49, 47, 20, 32]",0.7812269031781227,"[0.7740041928721173, 0.7834101382488479, 0.47368421052631576, 0.5428571428571429]",0.47368421052631576,0.983260259454255,"[0.25, 0.25, 0.25, 0.25]","[0.3588513135910034, 0.45283926526705426, 0.04635197490764161, 0.14146516751497984]","[0.25, 0.25, 0.25, 0.25]","[0.4530516564846039, 0.44131454825401306, 0.04694835841655731, 0.05868544429540634]",0.0
"{""run_name"": ""fedheart_exp_paper_hetagg_gdro"", ""seed"": 1337, ""run_dir"": ""runs/fedheart_cv/Ours_Regret_s1337_f4"", ""use_fedheart"": true, ""num_classes"": 2, ""stratified_batching"": true, ""train_frac"": 0.8, ""group_max_train_samples"": [null, null, 20, 25], ""true_hetero_input_dim"": true, ""feature_mask"": [[0, 1, 2, 3, 5, 6, 7, 8, 9, 10], [0, 1, 2, 3, 5, 6, 11, 12], [0, 1, 2, 4, 5, 7, 11, 12], [0, 1, 2, 4, 5, 6, 8, 9, 10]], ""batch_size"": 64, ""num_workers"": 0, ""epochs"": 100, ""early_stopping_patience"": 30, ""lr"": 0.001, ""weight_decay"": 0.0001, ""optimizer"": ""adam"", ""grad_clip"": 1.0, ""lr_scheduler"": ""cosine"", ""lr_min"": 1e-05, ""latent_dim"": 64, ""head_hidden"": 32, ""groups"": [{""name"": ""cleveland"", ""encoder"": ""mlp_tabular_ln"", ""input_dim"": 10, ""hidden_dim"": 64, ""dropout"": 0.1}, {""name"": ""hungarian"", ""encoder"": ""mlp_tabular_ln"", ""input_dim"": 8, ""hidden_dim"": 64, ""dropout"": 0.1}, {""name"": ""switzerland"", ""encoder"": ""mlp_tabular_ln"", ""input_dim"": 8, ""hidden_dim"": 64, ""dropout"": 0.1}, {""name"": ""va_long_beach"", ""encoder"": ""mlp_tabular_ln"", ""input_dim"": 9, ""hidden_dim"": 64, ""dropout"": 0.1}], ""anchor_eps"": 0.0001, ""sep_samples_per_class"": 4, ""sep_method"": ""classifier"", ""sep_margin"": 1.0, ""lambda_fit"": 0.1, ""lambda_sep"": 0.1, ""groupdro_enabled"": true, ""groupdro_eta"": 1.0, ""groupdro_gamma"": 0.9, ""groupdro_update_mode"": ""softmax"", ""groupdro_objective"": ""weighted"", ""groupdro_kl_lambda"": 0.0, ""groupdro_uniform_init"": true, ""log_interval"": 20, ""save_every"": 10, ""val_frac"": 0.2, ""impute_missing"": true, ""common_encoder"": false, ""use_regret"": true, ""optimal_losses"": [0.49934679966136675, 0.5924033531758973, 0.4240419712328326, 1.4799922526387188], ""data_split_seed"": 1004}","{""num_groups"": 4, ""num_classes"": 2, ""train_total"": 426, ""test_total"": 185, ""train_group_counts"": [193, 188, 20, 25], ""test_group_counts"": [61, 59, 25, 40], ""train_class_counts"": [232, 194], ""test_class_counts"": [83, 102], ""train_group_class_counts"": [[104, 89], [120, 68], [1, 19], [7, 18]], ""test_group_class_counts"": [[33, 28], [38, 21], [2, 23], [10, 30]], ""group_proportions"": [0.45305164319248825, 0.4413145539906103, 0.046948356807511735, 0.05868544600938967], ""val_group_counts"": [49, 47, 20, 32], ""val_total"": 148}","{""num_groups"": 4, ""eta"": 1.0, ""update_mode"": ""softmax"", ""robust_objective"": ""weighted"", ""gamma"": 0.9, ""kl_lambda"": 0.0, ""initial_pi"": [0.4530516564846039, 0.44131454825401306, 0.04694835841655731, 0.05868544429540634]}",2026-09-14T15:50:53.683715,23,0.3299933324257533,0.8619791666666666,0.001,0.7675675675675676,0.7807304112253404,0.7213114754098361,0.88,"[0.7213114754098361, 0.7966101694915254, 0.88, 0.725]","[0.5695943704760466, 0.5030767798928891, 0.4267784224450588, 0.8193305915221571]","[0.6987951807228916, 0.8235294117647058]","[[0.7272727272727273, 0.7142857142857143], [0.8947368421052632, 0.6190476190476191], [0.0, 0.9565217391304348], [0.0, 0.9666666666666667]]","[61, 59, 25, 40]",0.7628841396166801,"[0.7201079622132254, 0.7671052631578947, 0.4680851063829787, 0.42028985507246375]",0.42028985507246375,0.8193305915221571,0.777027027027027,0.7875610616587061,0.6875,0.9,"[0.7755102040816326, 0.7872340425531915, 0.9, 0.6875]","[0.5327488732125077, 0.5171935035985835, 0.3202908822102472, 1.0415292765537743]","[0.7272727272727273, 0.8170731707317073]","[[0.7777777777777778, 0.7727272727272727], [0.8666666666666667, 0.6470588235294118], [0.0, 0.9473684210526315], [0.125, 0.875]]","[49, 47, 20, 32]",0.773290628046233,"[0.7740041928721173, 0.7631048387096775, 0.47368421052631576, 0.48717948717948717]",0.47368421052631576,1.0415292765537743,"[0.25, 0.25, 0.25, 0.25]","[0.3281068255503972, 0.4435329536596934, 0.0271100082124273, 0.14569584901134172]","[0.25, 0.25, 0.25, 0.25]","[0.4530516564846039, 0.44131454825401306, 0.04694835841655731, 0.05868544429540634]",0.0
"{""run_name"": ""fedheart_exp_paper_hetagg_gdro"", ""seed"": 1337, ""run_dir"": ""runs/fedheart_cv/Ours_Regret_s1337_f4"", ""use_fedheart"": true, ""num_classes"": 2, ""stratified_batching"": true, ""train_frac"": 0.8, ""group_max_train_samples"": [null, null, 20, 25], ""true_hetero_input_dim"": true, ""feature_mask"": [[0, 1, 2, 3, 5, 6, 7, 8, 9, 10], [0, 1, 2, 3, 5, 6, 11, 12], [0, 1, 2, 4, 5, 7, 11, 12], [0, 1, 2, 4, 5, 6, 8, 9, 10]], ""batch_size"": 64, ""num_workers"": 0, ""epochs"": 100, ""early_stopping_patience"": 30, ""lr"": 0.001, ""weight_decay"": 0.0001, ""optimizer"": ""adam"", ""grad_clip"": 1.0, ""lr_scheduler"": ""cosine"", ""lr_min"": 1e-05, ""latent_dim"": 64, ""head_hidden"": 32, ""groups"": [{""name"": ""cleveland"", ""encoder"": ""mlp_tabular_ln"", ""input_dim"": 10, ""hidden_dim"": 64, ""dropout"": 0.1}, {""name"": ""hungarian"", ""encoder"": ""mlp_tabular_ln"", ""input_dim"": 8, ""hidden_dim"": 64, ""dropout"": 0.1}, {""name"": ""switzerland"", ""encoder"": ""mlp_tabular_ln"", ""input_dim"": 8, ""hidden_dim"": 64, ""dropout"": 0.1}, {""name"": ""va_long_beach"", ""encoder"": ""mlp_tabular_ln"", ""input_dim"": 9, ""hidden_dim"": 64, ""dropout"": 0.1}], ""anchor_eps"": 0.0001, ""sep_samples_per_class"": 4, ""sep_method"": ""classifier"", ""sep_margin"": 1.0, ""lambda_fit"": 0.1, ""lambda_sep"": 0.1, ""groupdro_enabled"": true, ""groupdro_eta"": 1.0, ""groupdro_gamma"": 0.9, ""groupdro_update_mode"": ""softmax"", ""groupdro_objective"": ""weighted"", ""groupdro_kl_lambda"": 0.0, ""groupdro_uniform_init"": true, ""log_interval"": 20, ""save_every"": 10, ""val_frac"": 0.2, ""impute_missing"": true, ""common_encoder"": false, ""use_regret"": true, ""optimal_losses"": [0.49934679966136675, 0.5924033531758973, 0.4240419712328326, 1.4799922526387188], ""data_split_seed"": 1004}","{""num_groups"": 4, ""num_classes"": 2, ""train_total"": 426, ""test_total"": 185, ""train_group_counts"": [193, 188, 20, 25], ""test_group_counts"": [61, 59, 25, 40], ""train_class_counts"": [232, 194], ""test_class_counts"": [83, 102], ""train_group_class_counts"": [[104, 89], [120, 68], [1, 19], [7, 18]], ""test_group_class_counts"": [[33, 28], [38, 21], [2, 23], [10, 30]], ""group_proportions"": [0.45305164319248825, 0.4413145539906103, 0.046948356807511735, 0.05868544600938967], ""val_group_counts"": [49, 47, 20, 32], ""val_total"": 148}","{""num_groups"": 4, ""eta"": 1.0, ""update_mode"": ""softmax"", ""robust_objective"": ""weighted"", ""gamma"": 0.9, ""kl_lambda"": 0.0, ""initial_pi"": [0.4530516564846039, 0.44131454825401306, 0.04694835841655731, 0.05868544429540634]}",2026-09-14T15:50:53.683715,24,0.30261407792568207,0.859375,0.001,0.7621621621621621,0.7764931230897472,0.7213114754098361,0.88,"[0.7213114754098361, 0.7796610169491526, 0.88, 0.725]","[0.603411785403236, 0.5124961487570051, 0.4407835582178086, 0.9519609769573435]","[0.6867469879518072, 0.8235294117647058]","[[0.696969696969697, 0.75], [0.8947368421052632, 0.5714285714285714], [0.0, 0.9565217391304348], [0.0, 0.9666666666666667]]","[61, 59, 25, 40]",0.7569859087652258,"[0.7210115684691957, 0.7440774107440773, 0.4680851063829787, 0.42028985507246375]",0.42028985507246375,0.9519609769573435,0.777027027027027,0.7898373046026921,0.71875,0.9,"[0.7959183673469388, 0.7446808510638298, 0.9, 0.71875]","[0.5646338150741494, 0.531108707665129, 0.3439996395842172, 1.134926837439707]","[0.7424242424242424, 0.8048780487804879]","[[0.7777777777777778, 0.8181818181818182], [0.9, 0.47058823529411764], [0.0, 0.9473684210526315], [0.125, 0.9166666666666666]]","[49, 47, 20, 32]",0.7740458015267175,"[0.7951505016722408, 0.6948051948051948, 0.47368421052631576, 0.5060034305317324]",0.47368421052631576,1.134926837439707,"[0.25, 0.25, 0.25, 0.25]","[0.32425065835316974, 0.42823079228401184, 0.0315627078525722, 0.08015496501078208]","[0.25, 0.25, 0.25, 0.25]","[0.4530516564846039, 0.44131454825401306, 0.04694835841655731, 0.05868544429540634]",0.0
"{""run_name"": ""fedheart_exp_paper_hetagg_gdro"", ""seed"": 1337, ""run_dir"": ""runs/fedheart_cv/Ours_Regret_s1337_f4"", ""use_fedheart"": true, ""num_classes"": 2, ""stratified_batching"": true, ""train_frac"": 0.8, ""group_max_train_samples"": [null, null, 20, 25], ""true_hetero_input_dim"": true, ""feature_mask"": [[0, 1, 2, 3, 5, 6, 7, 8, 9, 10], [0, 1, 2, 3, 5, 6, 11, 12], [0, 1, 2, 4, 5, 7, 11, 12], [0, 1, 2, 4, 5, 6, 8, 9, 10]], ""batch_size"": 64, ""num_workers"": 0, ""epochs"": 100, ""early_stopping_patience"": 30, ""lr"": 0.001, ""weight_decay"": 0.0001, ""optimizer"": ""adam"", ""grad_clip"": 1.0, ""lr_scheduler"": ""cosine"", ""lr_min"": 1e-05, ""latent_dim"": 64, ""head_hidden"": 32, ""groups"": [{""name"": ""cleveland"", ""encoder"": ""mlp_tabular_ln"", ""input_dim"": 10, ""hidden_dim"": 64, ""dropout"": 0.1}, {""name"": ""hungarian"", ""encoder"": ""mlp_tabular_ln"", ""input_dim"": 8, ""hidden_dim"": 64, ""dropout"": 0.1}, {""name"": ""switzerland"", ""encoder"": ""mlp_tabular_ln"", ""input_dim"": 8, ""hidden_dim"": 64, ""dropout"": 0.1}, {""name"": ""va_long_beach"", ""encoder"": ""mlp_tabular_ln"", ""input_dim"": 9, ""hidden_dim"": 64, ""dropout"": 0.1}], ""anchor_eps"": 0.0001, ""sep_samples_per_class"": 4, ""sep_method"": ""classifier"", ""sep_margin"": 1.0, ""lambda_fit"": 0.1, ""lambda_sep"": 0.1, ""groupdro_enabled"": true, ""groupdro_eta"": 1.0, ""groupdro_gamma"": 0.9, ""groupdro_update_mode"": ""softmax"", ""groupdro_objective"": ""weighted"", ""groupdro_kl_lambda"": 0.0, ""groupdro_uniform_init"": true, ""log_interval"": 20, ""save_every"": 10, ""val_frac"": 0.2, ""impute_missing"": true, ""common_encoder"": false, ""use_regret"": true, ""optimal_losses"": [0.49934679966136675, 0.5924033531758973, 0.4240419712328326, 1.4799922526387188], ""data_split_seed"": 1004}","{""num_groups"": 4, ""num_classes"": 2, ""train_total"": 426, ""test_total"": 185, ""train_group_counts"": [193, 188, 20, 25], ""test_group_counts"": [61, 59, 25, 40], ""train_class_counts"": [232, 194], ""test_class_counts"": [83, 102], ""train_group_class_counts"": [[104, 89], [120, 68], [1, 19], [7, 18]], ""test_group_class_counts"": [[33, 28], [38, 21], [2, 23], [10, 30]], ""group_proportions"": [0.45305164319248825, 0.4413145539906103, 0.046948356807511735, 0.05868544600938967], ""val_group_counts"": [49, 47, 20, 32], ""val_total"": 148}","{""num_groups"": 4, ""eta"": 1.0, ""update_mode"": ""softmax"", ""robust_objective"": ""weighted"", ""gamma"": 0.9, ""kl_lambda"": 0.0, ""initial_pi"": [0.4530516564846039, 0.44131454825401306, 0.04694835841655731, 0.05868544429540634]}",2026-09-14T15:50:53.683715,25,0.3421126951773961,0.8671875,0.001,0.7675675675675676,0.7805914837454848,0.725,0.88,"[0.7377049180327869, 0.7796610169491526, 0.88, 0.725]","[0.5998346354873454, 0.5178596078718113, 0.45386815554462373, 0.9983827662013937]","[0.6987951807228916, 0.8235294117647058]","[[0.7272727272727273, 0.75], [0.8947368421052632, 0.5714285714285714], [0.0, 0.9565217391304348], [0.0, 0.9666666666666667]]","[61, 59, 25, 40]",0.7628841396166801,"[0.7370689655172413, 0.7440774107440773, 0.4680851063829787, 0.42028985507246375]",0.42028985507246375,0.9983827662013937,0.7837837837837838,0.7951564535388623,0.71875,0.9,"[0.7959183673469388, 0.7659574468085106, 0.9, 0.71875]","[0.5699693068709909, 0.5317163067929288, 0.35007690829224886, 1.1934036489546997]","[0.7424242424242424, 0.8170731707317073]","[[0.7777777777777778, 0.8181818181818182], [0.9, 0.5294117647058824], [0.0, 0.9473684210526315], [0.125, 0.9166666666666666]]","[49, 47, 20, 32]",0.7805375347544022,"[0.7951505016722408, 0.7257294429708223, 0.47368421052631576, 0.5060034305317324]",0.47368421052631576,1.1934036489546997,"[0.25, 0.25, 0.25, 0.25]","[0.3466384907563527, 0.40109261373678845, 0.021832436167945463, 0.25965367381771404]","[0.25, 0.25, 0.25, 0.25]","[0.4530516564846039, 0.44131454825401306, 0.04694835841655731, 0.05868544429540634]",0.0
"{""run_name"": ""fedheart_exp_paper_hetagg_gdro"", ""seed"": 1337, ""run_dir"": ""runs/fedheart_cv/Ours_Regret_s1337_f4"", ""use_fedheart"": true, ""num_classes"": 2, ""stratified_batching"": true, ""train_frac"": 0.8, ""group_max_train_samples"": [null, null, 20, 25], ""true_hetero_input_dim"": true, ""feature_mask"": [[0, 1, 2, 3, 5, 6, 7, 8, 9, 10], [0, 1, 2, 3, 5, 6, 11, 12], [0, 1, 2, 4, 5, 7, 11, 12], [0, 1, 2, 4, 5, 6, 8, 9, 10]], ""batch_size"": 64, ""num_workers"": 0, ""epochs"": 100, ""early_stopping_patience"": 30, ""lr"": 0.001, ""weight_decay"": 0.0001, ""optimizer"": ""adam"", ""grad_clip"": 1.0, ""lr_scheduler"": ""cosine"", ""lr_min"": 1e-05, ""latent_dim"": 64, ""head_hidden"": 32, ""groups"": [{""name"": ""cleveland"", ""encoder"": ""mlp_tabular_ln"", ""input_dim"": 10, ""hidden_dim"": 64, ""dropout"": 0.1}, {""name"": ""hungarian"", ""encoder"": ""mlp_tabular_ln"", ""input_dim"": 8, ""hidden_dim"": 64, ""dropout"": 0.1}, {""name"": ""switzerland"", ""encoder"": ""mlp_tabular_ln"", ""input_dim"": 8, ""hidden_dim"": 64, ""dropout"": 0.1}, {""name"": ""va_long_beach"", ""encoder"": ""mlp_tabular_ln"", ""input_dim"": 9, ""hidden_dim"": 64, ""dropout"": 0.1}], ""anchor_eps"": 0.0001, ""sep_samples_per_class"": 4, ""sep_method"": ""classifier"", ""sep_margin"": 1.0, ""lambda_fit"": 0.1, ""lambda_sep"": 0.1, ""groupdro_enabled"": true, ""groupdro_eta"": 1.0, ""groupdro_gamma"": 0.9, ""groupdro_update_mode"": ""softmax"", ""groupdro_objective"": ""weighted"", ""groupdro_kl_lambda"": 0.0, ""groupdro_uniform_init"": true, ""log_interval"": 20, ""save_every"": 10, ""val_frac"": 0.2, ""impute_missing"": true, ""common_encoder"": false, ""use_regret"": true, ""optimal_losses"": [0.49934679966136675, 0.5924033531758973, 0.4240419712328326, 1.4799922526387188], ""data_split_seed"": 1004}","{""num_groups"": 4, ""num_classes"": 2, ""train_total"": 426, ""test_total"": 185, ""train_group_counts"": [193, 188, 20, 25], ""test_group_counts"": [61, 59, 25, 40], ""train_class_counts"": [232, 194], ""test_class_counts"": [83, 102], ""train_group_class_counts"": [[104, 89], [120, 68], [1, 19], [7, 18]], ""test_group_class_counts"": [[33, 28], [38, 21], [2, 23], [10, 30]], ""group_proportions"": [0.45305164319248825, 0.4413145539906103, 0.046948356807511735, 0.05868544600938967], ""val_group_counts"": [49, 47, 20, 32], ""val_total"": 148}","{""num_groups"": 4, ""eta"": 1.0, ""update_mode"": ""softmax"", ""robust_objective"": ""weighted"", ""gamma"": 0.9, ""kl_lambda"": 0.0, ""initial_pi"": [0.4530516564846039, 0.44131454825401306, 0.04694835841655731, 0.05868544429540634]}",2026-09-14T15:50:53.683715,26,0.3190694550673167,0.8489583333333334,0.001,0.7783783783783784,0.7890660600166713,0.725,0.88,"[0.7377049180327869, 0.8135593220338984, 0.88, 0.725]","[0.5952897822392769, 0.5196104678562132, 0.4643022819515318, 0.8572793913830538]","[0.7108433734939759, 0.8333333333333334]","[[0.7272727272727273, 0.75], [0.8947368421052632, 0.6666666666666666], [0.0, 0.9565217391304348], [0.1, 0.9333333333333333]]","[61, 59, 25, 40]",0.7739127842856717,"[0.7370689655172413, 0.7893541058098019, 0.4680851063829787, 0.49483352468427094]",0.4680851063829787,0.8572793913830538,0.7702702702702703,0.7822419127225358,0.6875,0.9,"[0.7755102040816326, 0.7659574468085106, 0.9, 0.6875]","[0.5734107801500632, 0.5239229330674131, 0.3597872318699956, 1.1113409964455059]","[0.7121212121212122, 0.8170731707317073]","[[0.7777777777777778, 0.7727272727272727], [0.8333333333333334, 0.6470588235294118], [0.0, 0.9473684210526315], [0.125, 0.875]]","[49, 47, 20, 32]",0.765997023809524,"[0.7740041928721173, 0.7431693989071039, 0.47368421052631576, 0.48717948717948717]",0.47368421052631576,1.1113409964455059,"[0.25, 0.25, 0.25, 0.25]","[0.33435924847920734, 0.45698006947835285, 0.01985967648215592, 0.17142189356187978]","[0.25, 0.25, 0.25, 0.25]","[0.4530516564846039, 0.44131454825401306, 0.04694835841655731, 0.05868544429540634]",0.0
"{""run_name"": ""fedheart_exp_paper_hetagg_gdro"", ""seed"": 1337, ""run_dir"": ""runs/fedheart_cv/Ours_Regret_s1337_f4"", ""use_fedheart"": true, ""num_classes"": 2, ""stratified_batching"": true, ""train_frac"": 0.8, ""group_max_train_samples"": [null, null, 20, 25], ""true_hetero_input_dim"": true, ""feature_mask"": [[0, 1, 2, 3, 5, 6, 7, 8, 9, 10], [0, 1, 2, 3, 5, 6, 11, 12], [0, 1, 2, 4, 5, 7, 11, 12], [0, 1, 2, 4, 5, 6, 8, 9, 10]], ""batch_size"": 64, ""num_workers"": 0, ""epochs"": 100, ""early_stopping_patience"": 30, ""lr"": 0.001, ""weight_decay"": 0.0001, ""optimizer"": ""adam"", ""grad_clip"": 1.0, ""lr_scheduler"": ""cosine"", ""lr_min"": 1e-05, ""latent_dim"": 64, ""head_hidden"": 32, ""groups"": [{""name"": ""cleveland"", ""encoder"": ""mlp_tabular_ln"", ""input_dim"": 10, ""hidden_dim"": 64, ""dropout"": 0.1}, {""name"": ""hungarian"", ""encoder"": ""mlp_tabular_ln"", ""input_dim"": 8, ""hidden_dim"": 64, ""dropout"": 0.1}, {""name"": ""switzerland"", ""encoder"": ""mlp_tabular_ln"", ""input_dim"": 8, ""hidden_dim"": 64, ""dropout"": 0.1}, {""name"": ""va_long_beach"", ""encoder"": ""mlp_tabular_ln"", ""input_dim"": 9, ""hidden_dim"": 64, ""dropout"": 0.1}], ""anchor_eps"": 0.0001, ""sep_samples_per_class"": 4, ""sep_method"": ""classifier"", ""sep_margin"": 1.0, ""lambda_fit"": 0.1, ""lambda_sep"": 0.1, ""groupdro_enabled"": true, ""groupdro_eta"": 1.0, ""groupdro_gamma"": 0.9, ""groupdro_update_mode"": ""softmax"", ""groupdro_objective"": ""weighted"", ""groupdro_kl_lambda"": 0.0, ""groupdro_uniform_init"": true, ""log_interval"": 20, ""save_every"": 10, ""val_frac"": 0.2, ""impute_missing"": true, ""common_encoder"": false, ""use_regret"": true, ""optimal_losses"": [0.49934679966136675, 0.5924033531758973, 0.4240419712328326, 1.4799922526387188], ""data_split_seed"": 1004}","{""num_groups"": 4, ""num_classes"": 2, ""train_total"": 426, ""test_total"": 185, ""train_group_counts"": [193, 188, 20, 25], ""test_group_counts"": [61, 59, 25, 40], ""train_class_counts"": [232, 194], ""test_class_counts"": [83, 102], ""train_group_class_counts"": [[104, 89], [120, 68], [1, 19], [7, 18]], ""test_group_class_counts"": [[33, 28], [38, 21], [2, 23], [10, 30]], ""group_proportions"": [0.45305164319248825, 0.4413145539906103, 0.046948356807511735, 0.05868544600938967], ""val_group_counts"": [49, 47, 20, 32], ""val_total"": 148}","{""num_groups"": 4, ""eta"": 1.0, ""update_mode"": ""softmax"", ""robust_objective"": ""weighted"", ""gamma"": 0.9, ""kl_lambda"": 0.0, ""initial_pi"": [0.4530516564846039, 0.44131454825401306, 0.04694835841655731, 0.05868544429540634]}",2026-09-14T15:50:53.683715,27,0.3040981665253639,0.8619791666666666,0.001,0.7675675675675676,0.7848947624340095,0.7049180327868853,0.88,"[0.7049180327868853, 0.7796610169491526, 0.88, 0.775]","[0.626345886039685, 0.5152985648709839, 0.4756775822676718, 0.8383911174023524]","[0.6987951807228916, 0.8235294117647058]","[[0.6666666666666666, 0.75], [0.8947368421052632, 0.5714285714285714], [0.0, 0.9565217391304348], [0.2, 0.9666666666666667]]","[61, 59, 25, 40]",0.7628841396166801,"[0.7048387096774194, 0.7440774107440773, 0.4680851063829787, 0.5866819747416762]",0.4680851063829787,0.8383911174023524,0.7837837837837838,0.7976498046026921,0.7446808510638298,0.9,"[0.7959183673469388, 0.7446808510638298, 0.9, 0.75]","[0.6099180017350888, 0.5248446428078286, 0.37516305688768625, 1.0767985681886785]","[0.7575757575757576, 0.8048780487804879]","[[0.7777777777777778, 0.8181818181818182], [0.9, 0.47058823529411764], [0.0, 0.9473684210526315], [0.25, 0.9166666666666666]]","[49, 47, 20, 32]",0.7812269031781227,"[0.7951505016722408, 0.6948051948051948, 0.47368421052631576, 0.5897435897435898]",0.47368421052631576,1.0767985681886785,"[0.25478774309158325, 0.2484041005373001, 0.2484041005373001, 0.2484041005373001]","[0.3264079714814822, 0.44070035219192505, 0.016203657103081543, 0.15592096094042063]","[0.25079795718193054, 0.24973401675621668, 0.24973401675621668, 0.24973401675621668]","[0.4530516564846039, 0.44131454825401306, 0.04694835841655731, 0.05868544429540634]",0.0
"{""run_name"": ""fedheart_exp_paper_hetagg_gdro"", ""seed"": 1337, ""run_dir"": ""runs/fedheart_cv/Ours_Regret_s1337_f4"", ""use_fedheart"": true, ""num_classes"": 2, ""stratified_batching"": true, ""train_frac"": 0.8, ""group_max_train_samples"": [null, null, 20, 25], ""true_hetero_input_dim"": true, ""feature_mask"": [[0, 1, 2, 3, 5, 6, 7, 8, 9, 10], [0, 1, 2, 3, 5, 6, 11, 12], [0, 1, 2, 4, 5, 7, 11, 12], [0, 1, 2, 4, 5, 6, 8, 9, 10]], ""batch_size"": 64, ""num_workers"": 0, ""epochs"": 100, ""early_stopping_patience"": 30, ""lr"": 0.001, ""weight_decay"": 0.0001, ""optimizer"": ""adam"", ""grad_clip"": 1.0, ""lr_scheduler"": ""cosine"", ""lr_min"": 1e-05, ""latent_dim"": 64, ""head_hidden"": 32, ""groups"": [{""name"": ""cleveland"", ""encoder"": ""mlp_tabular_ln"", ""input_dim"": 10, ""hidden_dim"": 64, ""dropout"": 0.1}, {""name"": ""hungarian"", ""encoder"": ""mlp_tabular_ln"", ""input_dim"": 8, ""hidden_dim"": 64, ""dropout"": 0.1}, {""name"": ""switzerland"", ""encoder"": ""mlp_tabular_ln"", ""input_dim"": 8, ""hidden_dim"": 64, ""dropout"": 0.1}, {""name"": ""va_long_beach"", ""encoder"": ""mlp_tabular_ln"", ""input_dim"": 9, ""hidden_dim"": 64, ""dropout"": 0.1}], ""anchor_eps"": 0.0001, ""sep_samples_per_class"": 4, ""sep_method"": ""classifier"", ""sep_margin"": 1.0, ""lambda_fit"": 0.1, ""lambda_sep"": 0.1, ""groupdro_enabled"": true, ""groupdro_eta"": 1.0, ""groupdro_gamma"": 0.9, ""groupdro_update_mode"": ""softmax"", ""groupdro_objective"": ""weighted"", ""groupdro_kl_lambda"": 0.0, ""groupdro_uniform_init"": true, ""log_interval"": 20, ""save_every"": 10, ""val_frac"": 0.2, ""impute_missing"": true, ""common_encoder"": false, ""use_regret"": true, ""optimal_losses"": [0.49934679966136675, 0.5924033531758973, 0.4240419712328326, 1.4799922526387188], ""data_split_seed"": 1004}","{""num_groups"": 4, ""num_classes"": 2, ""train_total"": 426, ""test_total"": 185, ""train_group_counts"": [193, 188, 20, 25], ""test_group_counts"": [61, 59, 25, 40], ""train_class_counts"": [232, 194], ""test_class_counts"": [83, 102], ""train_group_class_counts"": [[104, 89], [120, 68], [1, 19], [7, 18]], ""test_group_class_counts"": [[33, 28], [38, 21], [2, 23], [10, 30]], ""group_proportions"": [0.45305164319248825, 0.4413145539906103, 0.046948356807511735, 0.05868544600938967], ""val_group_counts"": [49, 47, 20, 32], ""val_total"": 148}","{""num_groups"": 4, ""eta"": 1.0, ""update_mode"": ""softmax"", ""robust_objective"": ""weighted"", ""gamma"": 0.9, ""kl_lambda"": 0.0, ""initial_pi"": [0.4530516564846039, 0.44131454825401306, 0.04694835841655731, 0.05868544429540634]}",2026-09-14T15:50:53.683715,28,0.30087440957625705,0.8489583333333334,0.001,0.7837837837837838,0.7953160600166713,0.7377049180327869,0.88,"[0.7377049180327869, 0.8135593220338984, 0.88, 0.75]","[0.6101437900826091, 0.5138085773056846, 0.49521434408612547, 0.8443764408730203]","[0.7108433734939759, 0.8431372549019608]","[[0.7272727272727273, 0.75], [0.8947368421052632, 0.6666666666666666], [0.0, 0.9565217391304348], [0.1, 0.9666666666666667]]","[61, 59, 25, 40]",0.7790780988774779,"[0.7370689655172413, 0.7893541058098019, 0.4680851063829787, 0.5098039215686275]",0.4680851063829787,0.8443764408730203,0.7972972972972973,0.8085052105948762,0.75,0.9,"[0.7755102040816326, 0.8085106382978723, 0.9, 0.75]","[0.5899350813076812, 0.5092306819526439, 0.408890376065392, 1.064771071090945]","[0.7575757575757576, 0.8292682926829268]","[[0.7777777777777778, 0.7727272727272727], [0.9, 0.6470588235294118], [0.0, 0.9473684210526315], [0.25, 0.9166666666666666]]","[49, 47, 20, 32]",0.794253938832252,"[0.7740041928721173, 0.7834101382488479, 0.47368421052631576, 0.5897435897435898]",0.47368421052631576,1.064771071090945,"[0.25, 0.25, 0.25, 0.25]","[0.34712469577789307, 0.4017321914434433, 0.04625064507126808, 0.14229081850498915]","[0.25, 0.25, 0.25, 0.25]","[0.4530516564846039, 0.44131454825401306, 0.04694835841655731, 0.05868544429540634]",0.0
"{""run_name"": ""fedheart_exp_paper_hetagg_gdro"", ""seed"": 1337, ""run_dir"": ""runs/fedheart_cv/Ours_Regret_s1337_f4"", ""use_fedheart"": true, ""num_classes"": 2, ""stratified_batching"": true, ""train_frac"": 0.8, ""group_max_train_samples"": [null, null, 20, 25], ""true_hetero_input_dim"": true, ""feature_mask"": [[0, 1, 2, 3, 5, 6, 7, 8, 9, 10], [0, 1, 2, 3, 5, 6, 11, 12], [0, 1, 2, 4, 5, 7, 11, 12], [0, 1, 2, 4, 5, 6, 8, 9, 10]], ""batch_size"": 64, ""num_workers"": 0, ""epochs"": 100, ""early_stopping_patience"": 30, ""lr"": 0.001, ""weight_decay"": 0.0001, ""optimizer"": ""adam"", ""grad_clip"": 1.0, ""lr_scheduler"": ""cosine"", ""lr_min"": 1e-05, ""latent_dim"": 64, ""head_hidden"": 32, ""groups"": [{""name"": ""cleveland"", ""encoder"": ""mlp_tabular_ln"", ""input_dim"": 10, ""hidden_dim"": 64, ""dropout"": 0.1}, {""name"": ""hungarian"", ""encoder"": ""mlp_tabular_ln"", ""input_dim"": 8, ""hidden_dim"": 64, ""dropout"": 0.1}, {""name"": ""switzerland"", ""encoder"": ""mlp_tabular_ln"", ""input_dim"": 8, ""hidden_dim"": 64, ""dropout"": 0.1}, {""name"": ""va_long_beach"", ""encoder"": ""mlp_tabular_ln"", ""input_dim"": 9, ""hidden_dim"": 64, ""dropout"": 0.1}], ""anchor_eps"": 0.0001, ""sep_samples_per_class"": 4, ""sep_method"": ""classifier"", ""sep_margin"": 1.0, ""lambda_fit"": 0.1, ""lambda_sep"": 0.1, ""groupdro_enabled"": true, ""groupdro_eta"": 1.0, ""groupdro_gamma"": 0.9, ""groupdro_update_mode"": ""softmax"", ""groupdro_objective"": ""weighted"", ""groupdro_kl_lambda"": 0.0, ""groupdro_uniform_init"": true, ""log_interval"": 20, ""save_every"": 10, ""val_frac"": 0.2, ""impute_missing"": true, ""common_encoder"": false, ""use_regret"": true, ""optimal_losses"": [0.49934679966136675, 0.5924033531758973, 0.4240419712328326, 1.4799922526387188], ""data_split_seed"": 1004}","{""num_groups"": 4, ""num_classes"": 2, ""train_total"": 426, ""test_total"": 185, ""train_group_counts"": [193, 188, 20, 25], ""test_group_counts"": [61, 59, 25, 40], ""train_class_counts"": [232, 194], ""test_class_counts"": [83, 102], ""train_group_class_counts"": [[104, 89], [120, 68], [1, 19], [7, 18]], ""test_group_class_counts"": [[33, 28], [38, 21], [2, 23], [10, 30]], ""group_proportions"": [0.45305164319248825, 0.4413145539906103, 0.046948356807511735, 0.05868544600938967], ""val_group_counts"": [49, 47, 20, 32], ""val_total"": 148}","{""num_groups"": 4, ""eta"": 1.0, ""update_mode"": ""softmax"", ""robust_objective"": ""weighted"", ""gamma"": 0.9, ""kl_lambda"": 0.0, ""initial_pi"": [0.4530516564846039, 0.44131454825401306, 0.04694835841655731, 0.05868544429540634]}",2026-09-14T15:50:53.683715,29,0.2821632648507754,0.8489583333333334,0.001,0.7783783783783784,0.7912176993609337,0.7213114754098361,0.88,"[0.7213114754098361, 0.8135593220338984, 0.88, 0.75]","[0.6019882091977558, 0.5202011817718967, 0.5168627240043133, 0.8550255793175893]","[0.7108433734939759, 0.8333333333333334]","[[0.7272727272727273, 0.7142857142857143], [0.8947368421052632, 0.6666666666666666], [0.0, 0.9565217391304348], [0.1, 0.9666666666666667]]","[61, 59, 25, 40]",0.7739127842856717,"[0.7201079622132254, 0.7893541058098019, 0.4680851063829787, 0.5098039215686275]",0.4680851063829787,0.8550255793175893,0.7837837837837838,0.7980840208423795,0.75,0.9,"[0.7551020408163265, 0.7872340425531915, 0.9, 0.75]","[0.5839294886634666, 0.5171430669724941, 0.4426755222608335, 1.0728619719156995]","[0.7272727272727273, 0.8292682926829268]","[[0.7777777777777778, 0.7272727272727273], [0.8333333333333334, 0.7058823529411765], [0.0, 0.9473684210526315], [0.25, 0.9166666666666666]]","[49, 47, 20, 32]",0.7797619047619049,"[0.7525252525252526, 0.7696078431372549, 0.47368421052631576, 0.5897435897435898]",0.47368421052631576,1.0728619719156995,"[0.25, 0.25, 0.25, 0.25]","[0.341110534965992, 0.42485158145427704, 0.029945446954419214, 0.11672354986270268]","[0.2494556332627932, 0.2516331076622009, 0.2494556332627932, 0.2494556332627932]","[0.4530516564846039, 0.44131454825401306, 0.04694835841655731, 0.05868544429540634]",0.0
"{""run_name"": ""fedheart_exp_paper_hetagg_gdro"", ""seed"": 1337, ""run_dir"": ""runs/fedheart_cv/Ours_Regret_s1337_f4"", ""use_fedheart"": true, ""num_classes"": 2, ""stratified_batching"": true, ""train_frac"": 0.8, ""group_max_train_samples"": [null, null, 20, 25], ""true_hetero_input_dim"": true, ""feature_mask"": [[0, 1, 2, 3, 5, 6, 7, 8, 9, 10], [0, 1, 2, 3, 5, 6, 11, 12], [0, 1, 2, 4, 5, 7, 11, 12], [0, 1, 2, 4, 5, 6, 8, 9, 10]], ""batch_size"": 64, ""num_workers"": 0, ""epochs"": 100, ""early_stopping_patience"": 30, ""lr"": 0.001, ""weight_decay"": 0.0001, ""optimizer"": ""adam"", ""grad_clip"": 1.0, ""lr_scheduler"": ""cosine"", ""lr_min"": 1e-05, ""latent_dim"": 64, ""head_hidden"": 32, ""groups"": [{""name"": ""cleveland"", ""encoder"": ""mlp_tabular_ln"", ""input_dim"": 10, ""hidden_dim"": 64, ""dropout"": 0.1}, {""name"": ""hungarian"", ""encoder"": ""mlp_tabular_ln"", ""input_dim"": 8, ""hidden_dim"": 64, ""dropout"": 0.1}, {""name"": ""switzerland"", ""encoder"": ""mlp_tabular_ln"", ""input_dim"": 8, ""hidden_dim"": 64, ""dropout"": 0.1}, {""name"": ""va_long_beach"", ""encoder"": ""mlp_tabular_ln"", ""input_dim"": 9, ""hidden_dim"": 64, ""dropout"": 0.1}], ""anchor_eps"": 0.0001, ""sep_samples_per_class"": 4, ""sep_method"": ""classifier"", ""sep_margin"": 1.0, ""lambda_fit"": 0.1, ""lambda_sep"": 0.1, ""groupdro_enabled"": true, ""groupdro_eta"": 1.0, ""groupdro_gamma"": 0.9, ""groupdro_update_mode"": ""softmax"", ""groupdro_objective"": ""weighted"", ""groupdro_kl_lambda"": 0.0, ""groupdro_uniform_init"": true, ""log_interval"": 20, ""save_every"": 10, ""val_frac"": 0.2, ""impute_missing"": true, ""common_encoder"": false, ""use_regret"": true, ""optimal_losses"": [0.49934679966136675, 0.5924033531758973, 0.4240419712328326, 1.4799922526387188], ""data_split_seed"": 1004}","{""num_groups"": 4, ""num_classes"": 2, ""train_total"": 426, ""test_total"": 185, ""train_group_counts"": [193, 188, 20, 25], ""test_group_counts"": [61, 59, 25, 40], ""train_class_counts"": [232, 194], ""test_class_counts"": [83, 102], ""train_group_class_counts"": [[104, 89], [120, 68], [1, 19], [7, 18]], ""test_group_class_counts"": [[33, 28], [38, 21], [2, 23], [10, 30]], ""group_proportions"": [0.45305164319248825, 0.4413145539906103, 0.046948356807511735, 0.05868544600938967], ""val_group_counts"": [49, 47, 20, 32], ""val_total"": 148}","{""num_groups"": 4, ""eta"": 1.0, ""update_mode"": ""softmax"", ""robust_objective"": ""weighted"", ""gamma"": 0.9, ""kl_lambda"": 0.0, ""initial_pi"": [0.4530516564846039, 0.44131454825401306, 0.04694835841655731, 0.05868544429540634]}",2026-09-14T15:50:53.683715,30,0.25454551229874295,0.8723958333333334,0.001,0.7783783783783784,0.7890660600166713,0.725,0.88,"[0.7377049180327869, 0.8135593220338984, 0.88, 0.725]","[0.6104680863438082, 0.5163533622872526, 0.5362957554357126, 0.9144338701356901]","[0.6987951807228916, 0.8431372549019608]","[[0.7272727272727273, 0.75], [0.8947368421052632, 0.6666666666666666], [0.0, 0.9565217391304348], [0.0, 0.9666666666666667]]","[61, 59, 25, 40]",0.7731826201369576,"[0.7370689655172413, 0.7893541058098019, 0.4680851063829787, 0.42028985507246375]",0.42028985507246375,0.9144338701356901,0.777027027027027,0.7902715208423795,0.71875,0.9,"[0.7551020408163265, 0.7872340425531915, 0.9, 0.71875]","[0.5984317098116997, 0.5163136837171748, 0.458149822615087, 1.120669196392555]","[0.7424242424242424, 0.8048780487804879]","[[0.7777777777777778, 0.7272727272727273], [0.9, 0.5882352941176471], [0.0, 0.9473684210526315], [0.125, 0.9166666666666666]]","[49, 47, 20, 32]",0.7740458015267175,"[0.7525252525252526, 0.7552083333333334, 0.47368421052631576, 0.5060034305317324]",0.47368421052631576,1.120669196392555,"[0.25, 0.25, 0.25, 0.25]","[0.35629716515541077, 0.3991217811902364, 0.020434296146656077, 0.03418366269518932]","[0.25, 0.25, 0.25, 0.25]","[0.4530516564846039, 0.44131454825401306, 0.04694835841655731, 0.05868544429540634]",0.0
"{""run_name"": ""fedheart_exp_paper_hetagg_gdro"", ""seed"": 1337, ""run_dir"": ""runs/fedheart_cv/Ours_Regret_s1337_f4"", ""use_fedheart"": true, ""num_classes"": 2, ""stratified_batching"": true, ""train_frac"": 0.8, ""group_max_train_samples"": [null, null, 20, 25], ""true_hetero_input_dim"": true, ""feature_mask"": [[0, 1, 2, 3, 5, 6, 7, 8, 9, 10], [0, 1, 2, 3, 5, 6, 11, 12], [0, 1, 2, 4, 5, 7, 11, 12], [0, 1, 2, 4, 5, 6, 8, 9, 10]], ""batch_size"": 64, ""num_workers"": 0, ""epochs"": 100, ""early_stopping_patience"": 30, ""lr"": 0.001, ""weight_decay"": 0.0001, ""optimizer"": ""adam"", ""grad_clip"": 1.0, ""lr_scheduler"": ""cosine"", ""lr_min"": 1e-05, ""latent_dim"": 64, ""head_hidden"": 32, ""groups"": [{""name"": ""cleveland"", ""encoder"": ""mlp_tabular_ln"", ""input_dim"": 10, ""hidden_dim"": 64, ""dropout"": 0.1}, {""name"": ""hungarian"", ""encoder"": ""mlp_tabular_ln"", ""input_dim"": 8, ""hidden_dim"": 64, ""dropout"": 0.1}, {""name"": ""switzerland"", ""encoder"": ""mlp_tabular_ln"", ""input_dim"": 8, ""hidden_dim"": 64, ""dropout"": 0.1}, {""name"": ""va_long_beach"", ""encoder"": ""mlp_tabular_ln"", ""input_dim"": 9, ""hidden_dim"": 64, ""dropout"": 0.1}], ""anchor_eps"": 0.0001, ""sep_samples_per_class"": 4, ""sep_method"": ""classifier"", ""sep_margin"": 1.0, ""lambda_fit"": 0.1, ""lambda_sep"": 0.1, ""groupdro_enabled"": true, ""groupdro_eta"": 1.0, ""groupdro_gamma"": 0.9, ""groupdro_update_mode"": ""softmax"", ""groupdro_objective"": ""weighted"", ""groupdro_kl_lambda"": 0.0, ""groupdro_uniform_init"": true, ""log_interval"": 20, ""save_every"": 10, ""val_frac"": 0.2, ""impute_missing"": true, ""common_encoder"": false, ""use_regret"": true, ""optimal_losses"": [0.49934679966136675, 0.5924033531758973, 0.4240419712328326, 1.4799922526387188], ""data_split_seed"": 1004}","{""num_groups"": 4, ""num_classes"": 2, ""train_total"": 426, ""test_total"": 185, ""train_group_counts"": [193, 188, 20, 25], ""test_group_counts"": [61, 59, 25, 40], ""train_class_counts"": [232, 194], ""test_class_counts"": [83, 102], ""train_group_class_counts"": [[104, 89], [120, 68], [1, 19], [7, 18]], ""test_group_class_counts"": [[33, 28], [38, 21], [2, 23], [10, 30]], ""group_proportions"": [0.45305164319248825, 0.4413145539906103, 0.046948356807511735, 0.05868544600938967], ""val_group_counts"": [49, 47, 20, 32], ""val_total"": 148}","{""num_groups"": 4, ""eta"": 1.0, ""update_mode"": ""softmax"", ""robust_objective"": ""weighted"", ""gamma"": 0.9, ""kl_lambda"": 0.0, ""initial_pi"": [0.4530516564846039, 0.44131454825401306, 0.04694835841655731, 0.05868544429540634]}",2026-09-14T15:50:53.683715,31,0.3101361965139707,0.8515625,0.001,0.7567567567567568,0.7723947624340095,0.7049180327868853,0.88,"[0.7049180327868853, 0.7796610169491526, 0.88, 0.725]","[0.6464136679977422, 0.5227796193843676, 0.5502239696355536, 0.9578557865810581]","[0.6626506024096386, 0.8333333333333334]","[[0.6363636363636364, 0.7857142857142857], [0.8947368421052632, 0.5714285714285714], [0.0, 0.9565217391304348], [0.0, 0.9666666666666667]]","[61, 59, 25, 40]",0.7501875468867216,"[0.7048387096774194, 0.7440774107440773, 0.4680851063829787, 0.42028985507246375]",0.42028985507246375,0.9578557865810581,0.7702702702702703,0.7870115067303517,0.7021276595744681,0.9,"[0.7959183673469388, 0.7021276595744681, 0.9, 0.75]","[0.6345066472659914, 0.5398231206580679, 0.4565605790994596, 1.1555187989943079]","[0.7272727272727273, 0.8048780487804879]","[[0.7407407407407407, 0.8636363636363636], [0.9, 0.35294117647058826], [0.0, 0.9473684210526315], [0.125, 0.9583333333333334]]","[49, 47, 20, 32]",0.7668211306765523,"[0.7958333333333333, 0.6278280542986425, 0.47368421052631576, 0.5259259259259259]",0.47368421052631576,1.1555187989943079,"[0.25, 0.25, 0.25, 0.25]","[0.3431149671475093, 0.443844902018706, 0.01746941905003041, 0.21081974807505807]","[0.24956316500902176, 0.2513104925553004, 0.24956316500902176, 0.24956316500902176]","[0.4530516564846039, 0.44131454825401306, 0.04694835841655731, 0.05868544429540634]",0.0
"{""run_name"": ""fedheart_exp_paper_hetagg_gdro"", ""seed"": 1337, ""run_dir"": ""runs/fedheart_cv/Ours_Regret_s1337_f4"", ""use_fedheart"": true, ""num_classes"": 2, ""stratified_batching"": true, ""train_frac"": 0.8, ""group_max_train_samples"": [null, null, 20, 25], ""true_hetero_input_dim"": true, ""feature_mask"": [[0, 1, 2, 3, 5, 6, 7, 8, 9, 10], [0, 1, 2, 3, 5, 6, 11, 12], [0, 1, 2, 4, 5, 7, 11, 12], [0, 1, 2, 4, 5, 6, 8, 9, 10]], ""batch_size"": 64, ""num_workers"": 0, ""epochs"": 100, ""early_stopping_patience"": 30, ""lr"": 0.001, ""weight_decay"": 0.0001, ""optimizer"": ""adam"", ""grad_clip"": 1.0, ""lr_scheduler"": ""cosine"", ""lr_min"": 1e-05, ""latent_dim"": 64, ""head_hidden"": 32, ""groups"": [{""name"": ""cleveland"", ""encoder"": ""mlp_tabular_ln"", ""input_dim"": 10, ""hidden_dim"": 64, ""dropout"": 0.1}, {""name"": ""hungarian"", ""encoder"": ""mlp_tabular_ln"", ""input_dim"": 8, ""hidden_dim"": 64, ""dropout"": 0.1}, {""name"": ""switzerland"", ""encoder"": ""mlp_tabular_ln"", ""input_dim"": 8, ""hidden_dim"": 64, ""dropout"": 0.1}, {""name"": ""va_long_beach"", ""encoder"": ""mlp_tabular_ln"", ""input_dim"": 9, ""hidden_dim"": 64, ""dropout"": 0.1}], ""anchor_eps"": 0.0001, ""sep_samples_per_class"": 4, ""sep_method"": ""classifier"", ""sep_margin"": 1.0, ""lambda_fit"": 0.1, ""lambda_sep"": 0.1, ""groupdro_enabled"": true, ""groupdro_eta"": 1.0, ""groupdro_gamma"": 0.9, ""groupdro_update_mode"": ""softmax"", ""groupdro_objective"": ""weighted"", ""groupdro_kl_lambda"": 0.0, ""groupdro_uniform_init"": true, ""log_interval"": 20, ""save_every"": 10, ""val_frac"": 0.2, ""impute_missing"": true, ""common_encoder"": false, ""use_regret"": true, ""optimal_losses"": [0.49934679966136675, 0.5924033531758973, 0.4240419712328326, 1.4799922526387188], ""data_split_seed"": 1004}","{""num_groups"": 4, ""num_classes"": 2, ""train_total"": 426, ""test_total"": 185, ""train_group_counts"": [193, 188, 20, 25], ""test_group_counts"": [61, 59, 25, 40], ""train_class_counts"": [232, 194], ""test_class_counts"": [83, 102], ""train_group_class_counts"": [[104, 89], [120, 68], [1, 19], [7, 18]], ""test_group_class_counts"": [[33, 28], [38, 21], [2, 23], [10, 30]], ""group_proportions"": [0.45305164319248825, 0.4413145539906103, 0.046948356807511735, 0.05868544600938967], ""val_group_counts"": [49, 47, 20, 32], ""val_total"": 148}","{""num_groups"": 4, ""eta"": 1.0, ""update_mode"": ""softmax"", ""robust_objective"": ""weighted"", ""gamma"": 0.9, ""kl_lambda"": 0.0, ""initial_pi"": [0.4530516564846039, 0.44131454825401306, 0.04694835841655731, 0.05868544429540634]}",2026-09-14T15:50:53.683715,32,0.24998868008454642,0.859375,0.001,0.7675675675675676,0.7807304112253404,0.7213114754098361,0.88,"[0.7213114754098361, 0.7966101694915254, 0.88, 0.725]","[0.6200498199304108, 0.5184498427719888, 0.5622014801297337, 0.9411093081973376]","[0.6987951807228916, 0.8235294117647058]","[[0.7272727272727273, 0.7142857142857143], [0.8947368421052632, 0.6190476190476191], [0.0, 0.9565217391304348], [0.0, 0.9666666666666667]]","[61, 59, 25, 40]",0.7628841396166801,"[0.7201079622132254, 0.7671052631578947, 0.4680851063829787, 0.42028985507246375]",0.42028985507246375,0.9411093081973376,0.777027027027027,0.7902715208423795,0.71875,0.9,"[0.7551020408163265, 0.7872340425531915, 0.9, 0.71875]","[0.61401431140851, 0.516669155157944, 0.4516246596875135, 1.1473979127185885]","[0.7424242424242424, 0.8048780487804879]","[[0.7777777777777778, 0.7272727272727273], [0.9, 0.5882352941176471], [0.0, 0.9473684210526315], [0.125, 0.9166666666666666]]","[49, 47, 20, 32]",0.7740458015267175,"[0.7525252525252526, 0.7552083333333334, 0.47368421052631576, 0.5060034305317324]",0.47368421052631576,1.1473979127185885,"[0.25, 0.25, 0.25, 0.25]","[0.3124759296576182, 0.41896259784698486, 0.010577664244920015, 0.06572227568055193]","[0.24984059482812881, 0.25047820309797925, 0.24984059482812881, 0.24984059482812881]","[0.4530516564846039, 0.44131454825401306, 0.04694835841655731, 0.05868544429540634]",0.0
"{""run_name"": ""fedheart_exp_paper_hetagg_gdro"", ""seed"": 1337, ""run_dir"": ""runs/fedheart_cv/Ours_Regret_s1337_f4"", ""use_fedheart"": true, ""num_classes"": 2, ""stratified_batching"": true, ""train_frac"": 0.8, ""group_max_train_samples"": [null, null, 20, 25], ""true_hetero_input_dim"": true, ""feature_mask"": [[0, 1, 2, 3, 5, 6, 7, 8, 9, 10], [0, 1, 2, 3, 5, 6, 11, 12], [0, 1, 2, 4, 5, 7, 11, 12], [0, 1, 2, 4, 5, 6, 8, 9, 10]], ""batch_size"": 64, ""num_workers"": 0, ""epochs"": 100, ""early_stopping_patience"": 30, ""lr"": 0.001, ""weight_decay"": 0.0001, ""optimizer"": ""adam"", ""grad_clip"": 1.0, ""lr_scheduler"": ""cosine"", ""lr_min"": 1e-05, ""latent_dim"": 64, ""head_hidden"": 32, ""groups"": [{""name"": ""cleveland"", ""encoder"": ""mlp_tabular_ln"", ""input_dim"": 10, ""hidden_dim"": 64, ""dropout"": 0.1}, {""name"": ""hungarian"", ""encoder"": ""mlp_tabular_ln"", ""input_dim"": 8, ""hidden_dim"": 64, ""dropout"": 0.1}, {""name"": ""switzerland"", ""encoder"": ""mlp_tabular_ln"", ""input_dim"": 8, ""hidden_dim"": 64, ""dropout"": 0.1}, {""name"": ""va_long_beach"", ""encoder"": ""mlp_tabular_ln"", ""input_dim"": 9, ""hidden_dim"": 64, ""dropout"": 0.1}], ""anchor_eps"": 0.0001, ""sep_samples_per_class"": 4, ""sep_method"": ""classifier"", ""sep_margin"": 1.0, ""lambda_fit"": 0.1, ""lambda_sep"": 0.1, ""groupdro_enabled"": true, ""groupdro_eta"": 1.0, ""groupdro_gamma"": 0.9, ""groupdro_update_mode"": ""softmax"", ""groupdro_objective"": ""weighted"", ""groupdro_kl_lambda"": 0.0, ""groupdro_uniform_init"": true, ""log_interval"": 20, ""save_every"": 10, ""val_frac"": 0.2, ""impute_missing"": true, ""common_encoder"": false, ""use_regret"": true, ""optimal_losses"": [0.49934679966136675, 0.5924033531758973, 0.4240419712328326, 1.4799922526387188], ""data_split_seed"": 1004}","{""num_groups"": 4, ""num_classes"": 2, ""train_total"": 426, ""test_total"": 185, ""train_group_counts"": [193, 188, 20, 25], ""test_group_counts"": [61, 59, 25, 40], ""train_class_counts"": [232, 194], ""test_class_counts"": [83, 102], ""train_group_class_counts"": [[104, 89], [120, 68], [1, 19], [7, 18]], ""test_group_class_counts"": [[33, 28], [38, 21], [2, 23], [10, 30]], ""group_proportions"": [0.45305164319248825, 0.4413145539906103, 0.046948356807511735, 0.05868544600938967], ""val_group_counts"": [49, 47, 20, 32], ""val_total"": 148}","{""num_groups"": 4, ""eta"": 1.0, ""update_mode"": ""softmax"", ""robust_objective"": ""weighted"", ""gamma"": 0.9, ""kl_lambda"": 0.0, ""initial_pi"": [0.4530516564846039, 0.44131454825401306, 0.04694835841655731, 0.05868544429540634]}",2026-09-14T15:50:53.683715,33,0.27559751520554227,0.8333333333333334,0.001,0.7675675675675676,0.7808693387051959,0.7049180327868853,0.88,"[0.7049180327868853, 0.8135593220338984, 0.88, 0.725]","[0.6276617697516426, 0.528118176227909, 0.566441790740937, 0.9348234135555685]","[0.6867469879518072, 0.8333333333333334]","[[0.696969696969697, 0.7142857142857143], [0.8947368421052632, 0.6666666666666666], [0.0, 0.9565217391304348], [0.0, 0.9666666666666667]]","[61, 59, 25, 40]",0.7621183577046142,"[0.7042025862068966, 0.7893541058098019, 0.4680851063829787, 0.42028985507246375]",0.42028985507246375,0.9348234135555685,0.7837837837837838,0.7955906697785498,0.71875,0.9,"[0.7551020408163265, 0.8085106382978723, 0.9, 0.71875]","[0.6198171293172909, 0.5180198667531318, 0.47231176450441126, 1.1392350379901472]","[0.7272727272727273, 0.8292682926829268]","[[0.7777777777777778, 0.7272727272727273], [0.8666666666666667, 0.7058823529411765], [0.0, 0.9473684210526315], [0.125, 0.9166666666666666]]","[49, 47, 20, 32]",0.7797619047619049,"[0.7525252525252526, 0.7898658718330849, 0.47368421052631576, 0.5060034305317324]",0.47368421052631576,1.1392350379901472,"[0.25, 0.25, 0.25, 0.25]","[0.338278425236543, 0.4571744153896968, 0.04443448739281545, 0.06893451636036237]","[0.25, 0.25, 0.25, 0.25]","[0.4530516564846039, 0.44131454825401306, 0.04694835841655731, 0.05868544429540634]",0.0
"{""run_name"": ""fedheart_exp_paper_hetagg_gdro"", ""seed"": 1337, ""run_dir"": ""runs/fedheart_cv/Ours_Regret_s1337_f4"", ""use_fedheart"": true, ""num_classes"": 2, ""stratified_batching"": true, ""train_frac"": 0.8, ""group_max_train_samples"": [null, null, 20, 25], ""true_hetero_input_dim"": true, ""feature_mask"": [[0, 1, 2, 3, 5, 6, 7, 8, 9, 10], [0, 1, 2, 3, 5, 6, 11, 12], [0, 1, 2, 4, 5, 7, 11, 12], [0, 1, 2, 4, 5, 6, 8, 9, 10]], ""batch_size"": 64, ""num_workers"": 0, ""epochs"": 100, ""early_stopping_patience"": 30, ""lr"": 0.001, ""weight_decay"": 0.0001, ""optimizer"": ""adam"", ""grad_clip"": 1.0, ""lr_scheduler"": ""cosine"", ""lr_min"": 1e-05, ""latent_dim"": 64, ""head_hidden"": 32, ""groups"": [{""name"": ""cleveland"", ""encoder"": ""mlp_tabular_ln"", ""input_dim"": 10, ""hidden_dim"": 64, ""dropout"": 0.1}, {""name"": ""hungarian"", ""encoder"": ""mlp_tabular_ln"", ""input_dim"": 8, ""hidden_dim"": 64, ""dropout"": 0.1}, {""name"": ""switzerland"", ""encoder"": ""mlp_tabular_ln"", ""input_dim"": 8, ""hidden_dim"": 64, ""dropout"": 0.1}, {""name"": ""va_long_beach"", ""encoder"": ""mlp_tabular_ln"", ""input_dim"": 9, ""hidden_dim"": 64, ""dropout"": 0.1}], ""anchor_eps"": 0.0001, ""sep_samples_per_class"": 4, ""sep_method"": ""classifier"", ""sep_margin"": 1.0, ""lambda_fit"": 0.1, ""lambda_sep"": 0.1, ""groupdro_enabled"": true, ""groupdro_eta"": 1.0, ""groupdro_gamma"": 0.9, ""groupdro_update_mode"": ""softmax"", ""groupdro_objective"": ""weighted"", ""groupdro_kl_lambda"": 0.0, ""groupdro_uniform_init"": true, ""log_interval"": 20, ""save_every"": 10, ""val_frac"": 0.2, ""impute_missing"": true, ""common_encoder"": false, ""use_regret"": true, ""optimal_losses"": [0.49934679966136675, 0.5924033531758973, 0.4240419712328326, 1.4799922526387188], ""data_split_seed"": 1004}","{""num_groups"": 4, ""num_classes"": 2, ""train_total"": 426, ""test_total"": 185, ""train_group_counts"": [193, 188, 20, 25], ""test_group_counts"": [61, 59, 25, 40], ""train_class_counts"": [232, 194], ""test_class_counts"": [83, 102], ""train_group_class_counts"": [[104, 89], [120, 68], [1, 19], [7, 18]], ""test_group_class_counts"": [[33, 28], [38, 21], [2, 23], [10, 30]], ""group_proportions"": [0.45305164319248825, 0.4413145539906103, 0.046948356807511735, 0.05868544600938967], ""val_group_counts"": [49, 47, 20, 32], ""val_total"": 148}","{""num_groups"": 4, ""eta"": 1.0, ""update_mode"": ""softmax"", ""robust_objective"": ""weighted"", ""gamma"": 0.9, ""kl_lambda"": 0.0, ""initial_pi"": [0.4530516564846039, 0.44131454825401306, 0.04694835841655731, 0.05868544429540634]}",2026-09-14T15:50:53.683715,34,0.25574586043755215,0.8515625,0.001,0.7675675675675676,0.7807304112253404,0.7213114754098361,0.88,"[0.7213114754098361, 0.7966101694915254, 0.88, 0.725]","[0.6547983167845695, 0.5285944209702439, 0.5694097789144144, 1.0086979567618983]","[0.6746987951807228, 0.8431372549019608]","[[0.6666666666666666, 0.7857142857142857], [0.8947368421052632, 0.6190476190476191], [0.0, 0.9565217391304348], [0.0, 0.9666666666666667]]","[61, 59, 25, 40]",0.7612903225806451,"[0.721311475409836, 0.7671052631578947, 0.4680851063829787, 0.42028985507246375]",0.42028985507246375,1.0086979567618983,0.7972972972972973,0.8082881024750326,0.75,0.9,"[0.7959183673469388, 0.7872340425531915, 0.9, 0.75]","[0.6441844387398082, 0.5137858959509337, 0.474710927385604, 1.1891071581667347]","[0.7424242424242424, 0.8414634146341463]","[[0.7777777777777778, 0.8181818181818182], [0.9, 0.5882352941176471], [0.0, 0.9473684210526315], [0.125, 0.9583333333333334]]","[49, 47, 20, 32]",0.7935267857142858,"[0.7951505016722408, 0.7552083333333334, 0.47368421052631576, 0.5259259259259259]",0.47368421052631576,1.1891071581667347,"[0.25, 0.25, 0.25, 0.25]","[0.32735370596249896, 0.4244736929734548, 0.014090923825278878, 0.09725623950362206]","[0.2502842843532562, 0.24990524103244147, 0.24990524103244147, 0.24990524103244147]","[0.4530516564846039, 0.44131454825401306, 0.04694835841655731, 0.05868544429540634]",0.0
"{""run_name"": ""fedheart_exp_paper_hetagg_gdro"", ""seed"": 1337, ""run_dir"": ""runs/fedheart_cv/Ours_Regret_s1337_f4"", ""use_fedheart"": true, ""num_classes"": 2, ""stratified_batching"": true, ""train_frac"": 0.8, ""group_max_train_samples"": [null, null, 20, 25], ""true_hetero_input_dim"": true, ""feature_mask"": [[0, 1, 2, 3, 5, 6, 7, 8, 9, 10], [0, 1, 2, 3, 5, 6, 11, 12], [0, 1, 2, 4, 5, 7, 11, 12], [0, 1, 2, 4, 5, 6, 8, 9, 10]], ""batch_size"": 64, ""num_workers"": 0, ""epochs"": 100, ""early_stopping_patience"": 30, ""lr"": 0.001, ""weight_decay"": 0.0001, ""optimizer"": ""adam"", ""grad_clip"": 1.0, ""lr_scheduler"": ""cosine"", ""lr_min"": 1e-05, ""latent_dim"": 64, ""head_hidden"": 32, ""groups"": [{""name"": ""cleveland"", ""encoder"": ""mlp_tabular_ln"", ""input_dim"": 10, ""hidden_dim"": 64, ""dropout"": 0.1}, {""name"": ""hungarian"", ""encoder"": ""mlp_tabular_ln"", ""input_dim"": 8, ""hidden_dim"": 64, ""dropout"": 0.1}, {""name"": ""switzerland"", ""encoder"": ""mlp_tabular_ln"", ""input_dim"": 8, ""hidden_dim"": 64, ""dropout"": 0.1}, {""name"": ""va_long_beach"", ""encoder"": ""mlp_tabular_ln"", ""input_dim"": 9, ""hidden_dim"": 64, ""dropout"": 0.1}], ""anchor_eps"": 0.0001, ""sep_samples_per_class"": 4, ""sep_method"": ""classifier"", ""sep_margin"": 1.0, ""lambda_fit"": 0.1, ""lambda_sep"": 0.1, ""groupdro_enabled"": true, ""groupdro_eta"": 1.0, ""groupdro_gamma"": 0.9, ""groupdro_update_mode"": ""softmax"", ""groupdro_objective"": ""weighted"", ""groupdro_kl_lambda"": 0.0, ""groupdro_uniform_init"": true, ""log_interval"": 20, ""save_every"": 10, ""val_frac"": 0.2, ""impute_missing"": true, ""common_encoder"": false, ""use_regret"": true, ""optimal_losses"": [0.49934679966136675, 0.5924033531758973, 0.4240419712328326, 1.4799922526387188], ""data_split_seed"": 1004}","{""num_groups"": 4, ""num_classes"": 2, ""train_total"": 426, ""test_total"": 185, ""train_group_counts"": [193, 188, 20, 25], ""test_group_counts"": [61, 59, 25, 40], ""train_class_counts"": [232, 194], ""test_class_counts"": [83, 102], ""train_group_class_counts"": [[104, 89], [120, 68], [1, 19], [7, 18]], ""test_group_class_counts"": [[33, 28], [38, 21], [2, 23], [10, 30]], ""group_proportions"": [0.45305164319248825, 0.4413145539906103, 0.046948356807511735, 0.05868544600938967], ""val_group_counts"": [49, 47, 20, 32], ""val_total"": 148}","{""num_groups"": 4, ""eta"": 1.0, ""update_mode"": ""softmax"", ""robust_objective"": ""weighted"", ""gamma"": 0.9, ""kl_lambda"": 0.0, ""initial_pi"": [0.4530516564846039, 0.44131454825401306, 0.04694835841655731, 0.05868544429540634]}",2026-09-14T15:50:53.683715,35,0.2356214721997579,0.8619791666666666,0.001,0.7621621621621621,0.7766320505696027,0.7049180327868853,0.88,"[0.7049180327868853, 0.7966101694915254, 0.88, 0.725]","[0.6373167423317667, 0.5303597004800025, 0.5709236391028389, 1.0320578674276475]","[0.6867469879518072, 0.8235294117647058]","[[0.696969696969697, 0.7142857142857143], [0.8947368421052632, 0.6190476190476191], [0.0, 0.9565217391304348], [0.0, 0.9666666666666667]]","[61, 59, 25, 40]",0.7569859087652258,"[0.7042025862068966, 0.7671052631578947, 0.4680851063829787, 0.42028985507246375]",0.42028985507246375,1.0320578674276475,0.7702702702702703,0.7874457229700391,0.7446808510638298,0.9,"[0.7551020408163265, 0.7446808510638298, 0.9, 0.75]","[0.6258856037973749, 0.5139393584525331, 0.4740635571652092, 1.2325560409317404]","[0.7272727272727273, 0.8048780487804879]","[[0.7777777777777778, 0.7272727272727273], [0.8666666666666667, 0.5294117647058824], [0.0, 0.9473684210526315], [0.125, 0.9583333333333334]]","[49, 47, 20, 32]",0.7668211306765523,"[0.7525252525252526, 0.7062499999999999, 0.47368421052631576, 0.5259259259259259]",0.47368421052631576,1.2325560409317404,"[0.25, 0.25, 0.25, 0.25]","[0.3123929997285207, 0.40289992094039917, 0.010814640282963714, 0.07602756889536977]","[0.24986663460731506, 0.2516886343558629, 0.24922236800193787, 0.24922236800193787]","[0.4530516564846039, 0.44131454825401306, 0.04694835841655731, 0.05868544429540634]",0.0
"{""run_name"": ""fedheart_exp_paper_hetagg_gdro"", ""seed"": 1337, ""run_dir"": ""runs/fedheart_cv/Ours_Regret_s1337_f4"", ""use_fedheart"": true, ""num_classes"": 2, ""stratified_batching"": true, ""train_frac"": 0.8, ""group_max_train_samples"": [null, null, 20, 25], ""true_hetero_input_dim"": true, ""feature_mask"": [[0, 1, 2, 3, 5, 6, 7, 8, 9, 10], [0, 1, 2, 3, 5, 6, 11, 12], [0, 1, 2, 4, 5, 7, 11, 12], [0, 1, 2, 4, 5, 6, 8, 9, 10]], ""batch_size"": 64, ""num_workers"": 0, ""epochs"": 100, ""early_stopping_patience"": 30, ""lr"": 0.001, ""weight_decay"": 0.0001, ""optimizer"": ""adam"", ""grad_clip"": 1.0, ""lr_scheduler"": ""cosine"", ""lr_min"": 1e-05, ""latent_dim"": 64, ""head_hidden"": 32, ""groups"": [{""name"": ""cleveland"", ""encoder"": ""mlp_tabular_ln"", ""input_dim"": 10, ""hidden_dim"": 64, ""dropout"": 0.1}, {""name"": ""hungarian"", ""encoder"": ""mlp_tabular_ln"", ""input_dim"": 8, ""hidden_dim"": 64, ""dropout"": 0.1}, {""name"": ""switzerland"", ""encoder"": ""mlp_tabular_ln"", ""input_dim"": 8, ""hidden_dim"": 64, ""dropout"": 0.1}, {""name"": ""va_long_beach"", ""encoder"": ""mlp_tabular_ln"", ""input_dim"": 9, ""hidden_dim"": 64, ""dropout"": 0.1}], ""anchor_eps"": 0.0001, ""sep_samples_per_class"": 4, ""sep_method"": ""classifier"", ""sep_margin"": 1.0, ""lambda_fit"": 0.1, ""lambda_sep"": 0.1, ""groupdro_enabled"": true, ""groupdro_eta"": 1.0, ""groupdro_gamma"": 0.9, ""groupdro_update_mode"": ""softmax"", ""groupdro_objective"": ""weighted"", ""groupdro_kl_lambda"": 0.0, ""groupdro_uniform_init"": true, ""log_interval"": 20, ""save_every"": 10, ""val_frac"": 0.2, ""impute_missing"": true, ""common_encoder"": false, ""use_regret"": true, ""optimal_losses"": [0.49934679966136675, 0.5924033531758973, 0.4240419712328326, 1.4799922526387188], ""data_split_seed"": 1004}","{""num_groups"": 4, ""num_classes"": 2, ""train_total"": 426, ""test_total"": 185, ""train_group_counts"": [193, 188, 20, 25], ""test_group_counts"": [61, 59, 25, 40], ""train_class_counts"": [232, 194], ""test_class_counts"": [83, 102], ""train_group_class_counts"": [[104, 89], [120, 68], [1, 19], [7, 18]], ""test_group_class_counts"": [[33, 28], [38, 21], [2, 23], [10, 30]], ""group_proportions"": [0.45305164319248825, 0.4413145539906103, 0.046948356807511735, 0.05868544600938967], ""val_group_counts"": [49, 47, 20, 32], ""val_total"": 148}","{""num_groups"": 4, ""eta"": 1.0, ""update_mode"": ""softmax"", ""robust_objective"": ""weighted"", ""gamma"": 0.9, ""kl_lambda"": 0.0, ""initial_pi"": [0.4530516564846039, 0.44131454825401306, 0.04694835841655731, 0.05868544429540634]}",2026-09-14T15:50:53.683715,36,0.214307631055514,0.8776041666666666,0.001,0.7621621621621621,0.7766320505696027,0.7049180327868853,0.88,"[0.7049180327868853, 0.7966101694915254, 0.88, 0.725]","[0.6652341537391309, 0.5369286646087796, 0.5771338300826028, 1.0573033150663833]","[0.6746987951807228, 0.8333333333333334]","[[0.6666666666666666, 0.75], [0.8947368421052632, 0.6190476190476191], [0.0, 0.9565217391304348], [0.0, 0.9666666666666667]]","[61, 59, 25, 40]",0.7561706206566019,"[0.7048387096774194, 0.7671052631578947, 0.4680851063829787, 0.42028985507246375]",0.42028985507246375,1.0573033150663833,0.7837837837837838,0.7978669127225358,0.75,0.9,"[0.7755102040816326, 0.7659574468085106, 0.9, 0.75]","[0.6515660168679089, 0.5146229736348416, 0.47117755911895076, 1.293038380024882]","[0.7272727272727273, 0.8292682926829268]","[[0.7777777777777778, 0.7727272727272727], [0.8666666666666667, 0.5882352941176471], [0.0, 0.9473684210526315], [0.125, 0.9583333333333334]]","[49, 47, 20, 32]",0.7797619047619049,"[0.7740041928721173, 0.735279057859703, 0.47368421052631576, 0.5259259259259259]",0.47368421052631576,1.293038380024882,"[0.25, 0.25, 0.25, 0.25]","[0.27835704137881595, 0.38777534415324527, 0.016812317228565615, 0.06157007689277331]","[0.24984251459439596, 0.25047244131565094, 0.24984251459439596, 0.24984251459439596]","[0.4530516564846039, 0.44131454825401306, 0.04694835841655731, 0.05868544429540634]",0.0
"{""run_name"": ""fedheart_exp_paper_hetagg_gdro"", ""seed"": 1337, ""run_dir"": ""runs/fedheart_cv/Ours_Regret_s1337_f4"", ""use_fedheart"": true, ""num_classes"": 2, ""stratified_batching"": true, ""train_frac"": 0.8, ""group_max_train_samples"": [null, null, 20, 25], ""true_hetero_input_dim"": true, ""feature_mask"": [[0, 1, 2, 3, 5, 6, 7, 8, 9, 10], [0, 1, 2, 3, 5, 6, 11, 12], [0, 1, 2, 4, 5, 7, 11, 12], [0, 1, 2, 4, 5, 6, 8, 9, 10]], ""batch_size"": 64, ""num_workers"": 0, ""epochs"": 100, ""early_stopping_patience"": 30, ""lr"": 0.001, ""weight_decay"": 0.0001, ""optimizer"": ""adam"", ""grad_clip"": 1.0, ""lr_scheduler"": ""cosine"", ""lr_min"": 1e-05, ""latent_dim"": 64, ""head_hidden"": 32, ""groups"": [{""name"": ""cleveland"", ""encoder"": ""mlp_tabular_ln"", ""input_dim"": 10, ""hidden_dim"": 64, ""dropout"": 0.1}, {""name"": ""hungarian"", ""encoder"": ""mlp_tabular_ln"", ""input_dim"": 8, ""hidden_dim"": 64, ""dropout"": 0.1}, {""name"": ""switzerland"", ""encoder"": ""mlp_tabular_ln"", ""input_dim"": 8, ""hidden_dim"": 64, ""dropout"": 0.1}, {""name"": ""va_long_beach"", ""encoder"": ""mlp_tabular_ln"", ""input_dim"": 9, ""hidden_dim"": 64, ""dropout"": 0.1}], ""anchor_eps"": 0.0001, ""sep_samples_per_class"": 4, ""sep_method"": ""classifier"", ""sep_margin"": 1.0, ""lambda_fit"": 0.1, ""lambda_sep"": 0.1, ""groupdro_enabled"": true, ""groupdro_eta"": 1.0, ""groupdro_gamma"": 0.9, ""groupdro_update_mode"": ""softmax"", ""groupdro_objective"": ""weighted"", ""groupdro_kl_lambda"": 0.0, ""groupdro_uniform_init"": true, ""log_interval"": 20, ""save_every"": 10, ""val_frac"": 0.2, ""impute_missing"": true, ""common_encoder"": false, ""use_regret"": true, ""optimal_losses"": [0.49934679966136675, 0.5924033531758973, 0.4240419712328326, 1.4799922526387188], ""data_split_seed"": 1004}","{""num_groups"": 4, ""num_classes"": 2, ""train_total"": 426, ""test_total"": 185, ""train_group_counts"": [193, 188, 20, 25], ""test_group_counts"": [61, 59, 25, 40], ""train_class_counts"": [232, 194], ""test_class_counts"": [83, 102], ""train_group_class_counts"": [[104, 89], [120, 68], [1, 19], [7, 18]], ""test_group_class_counts"": [[33, 28], [38, 21], [2, 23], [10, 30]], ""group_proportions"": [0.45305164319248825, 0.4413145539906103, 0.046948356807511735, 0.05868544600938967], ""val_group_counts"": [49, 47, 20, 32], ""val_total"": 148}","{""num_groups"": 4, ""eta"": 1.0, ""update_mode"": ""softmax"", ""robust_objective"": ""weighted"", ""gamma"": 0.9, ""kl_lambda"": 0.0, ""initial_pi"": [0.4530516564846039, 0.44131454825401306, 0.04694835841655731, 0.05868544429540634]}",2026-09-14T15:50:53.683715,37,0.21744456390539804,0.8776041666666666,0.001,0.7675675675675676,0.7828820505696027,0.7049180327868853,0.88,"[0.7049180327868853, 0.7966101694915254, 0.88, 0.75]","[0.6682890136191835, 0.5440319689716828, 0.5843709295988083, 0.9802482810613583]","[0.7108433734939759, 0.8137254901960784]","[[0.696969696969697, 0.7142857142857143], [0.8947368421052632, 0.6190476190476191], [0.0, 0.9565217391304348], [0.2, 0.9333333333333333]]","[61, 59, 25, 40]",0.7635888139320633,"[0.7042025862068966, 0.7671052631578947, 0.4680851063829787, 0.5670995670995671]",0.4680851063829787,0.9802482810613583,0.7702702702702703,0.7797485616587061,0.65625,0.9,"[0.7755102040816326, 0.7872340425531915, 0.9, 0.65625]","[0.6518063914524962, 0.5179690425779592, 0.47172047416097485, 1.291065436169447]","[0.7424242424242424, 0.7926829268292683]","[[0.7777777777777778, 0.7727272727272727], [0.9, 0.5882352941176471], [0.0, 0.9473684210526315], [0.125, 0.8333333333333334]]","[49, 47, 20, 32]",0.7675535846267554,"[0.7740041928721173, 0.7552083333333334, 0.47368421052631576, 0.46907993966817496]",0.46907993966817496,1.291065436169447,"[0.25, 0.25, 0.25, 0.25]","[0.29385416209697723, 0.39899882177511853, 0.012488235253840685, 0.05295523558743298]","[0.25, 0.25, 0.25, 0.25]","[0.4530516564846039, 0.44131454825401306, 0.04694835841655731, 0.05868544429540634]",0.0
"{""run_name"": ""fedheart_exp_paper_hetagg_gdro"", ""seed"": 1337, ""run_dir"": ""runs/fedheart_cv/Ours_Regret_s1337_f4"", ""use_fedheart"": true, ""num_classes"": 2, ""stratified_batching"": true, ""train_frac"": 0.8, ""group_max_train_samples"": [null, null, 20, 25], ""true_hetero_input_dim"": true, ""feature_mask"": [[0, 1, 2, 3, 5, 6, 7, 8, 9, 10], [0, 1, 2, 3, 5, 6, 11, 12], [0, 1, 2, 4, 5, 7, 11, 12], [0, 1, 2, 4, 5, 6, 8, 9, 10]], ""batch_size"": 64, ""num_workers"": 0, ""epochs"": 100, ""early_stopping_patience"": 30, ""lr"": 0.001, ""weight_decay"": 0.0001, ""optimizer"": ""adam"", ""grad_clip"": 1.0, ""lr_scheduler"": ""cosine"", ""lr_min"": 1e-05, ""latent_dim"": 64, ""head_hidden"": 32, ""groups"": [{""name"": ""cleveland"", ""encoder"": ""mlp_tabular_ln"", ""input_dim"": 10, ""hidden_dim"": 64, ""dropout"": 0.1}, {""name"": ""hungarian"", ""encoder"": ""mlp_tabular_ln"", ""input_dim"": 8, ""hidden_dim"": 64, ""dropout"": 0.1}, {""name"": ""switzerland"", ""encoder"": ""mlp_tabular_ln"", ""input_dim"": 8, ""hidden_dim"": 64, ""dropout"": 0.1}, {""name"": ""va_long_beach"", ""encoder"": ""mlp_tabular_ln"", ""input_dim"": 9, ""hidden_dim"": 64, ""dropout"": 0.1}], ""anchor_eps"": 0.0001, ""sep_samples_per_class"": 4, ""sep_method"": ""classifier"", ""sep_margin"": 1.0, ""lambda_fit"": 0.1, ""lambda_sep"": 0.1, ""groupdro_enabled"": true, ""groupdro_eta"": 1.0, ""groupdro_gamma"": 0.9, ""groupdro_update_mode"": ""softmax"", ""groupdro_objective"": ""weighted"", ""groupdro_kl_lambda"": 0.0, ""groupdro_uniform_init"": true, ""log_interval"": 20, ""save_every"": 10, ""val_frac"": 0.2, ""impute_missing"": true, ""common_encoder"": false, ""use_regret"": true, ""optimal_losses"": [0.49934679966136675, 0.5924033531758973, 0.4240419712328326, 1.4799922526387188], ""data_split_seed"": 1004}","{""num_groups"": 4, ""num_classes"": 2, ""train_total"": 426, ""test_total"": 185, ""train_group_counts"": [193, 188, 20, 25], ""test_group_counts"": [61, 59, 25, 40], ""train_class_counts"": [232, 194], ""test_class_counts"": [83, 102], ""train_group_class_counts"": [[104, 89], [120, 68], [1, 19], [7, 18]], ""test_group_class_counts"": [[33, 28], [38, 21], [2, 23], [10, 30]], ""group_proportions"": [0.45305164319248825, 0.4413145539906103, 0.046948356807511735, 0.05868544600938967], ""val_group_counts"": [49, 47, 20, 32], ""val_total"": 148}","{""num_groups"": 4, ""eta"": 1.0, ""update_mode"": ""softmax"", ""robust_objective"": ""weighted"", ""gamma"": 0.9, ""kl_lambda"": 0.0, ""initial_pi"": [0.4530516564846039, 0.44131454825401306, 0.04694835841655731, 0.05868544429540634]}",2026-09-14T15:50:53.683715,38,0.21200363089640936,0.8723958333333334,0.001,0.7621621621621621,0.7766320505696027,0.7049180327868853,0.88,"[0.7049180327868853, 0.7966101694915254, 0.88, 0.725]","[0.6715360075143761, 0.5516949987701946, 0.5911402769363485, 0.9051416785121547]","[0.7108433734939759, 0.803921568627451]","[[0.696969696969697, 0.7142857142857143], [0.8947368421052632, 0.6190476190476191], [0.0, 0.9565217391304348], [0.2, 0.9]]","[61, 59, 25, 40]",0.7584283000949668,"[0.7042025862068966, 0.7671052631578947, 0.4680851063829787, 0.5487179487179487]",0.4680851063829787,0.9051416785121547,0.75,0.7615148719062093,0.625,0.9,"[0.7551020408163265, 0.7659574468085106, 0.9, 0.625]","[0.6574661684393579, 0.5162929290548918, 0.4784017591038719, 1.2631593929436349]","[0.7272727272727273, 0.7682926829268293]","[[0.7777777777777778, 0.7272727272727273], [0.8666666666666667, 0.5882352941176471], [0.0, 0.9473684210526315], [0.125, 0.7916666666666666]]","[49, 47, 20, 32]",0.7474053231237602,"[0.7525252525252526, 0.735279057859703, 0.47368421052631576, 0.45142857142857146]",0.45142857142857146,1.2631593929436349,"[0.25, 0.25, 0.25, 0.25]","[0.2899252822001775, 0.3704681048790614, 0.005126495593382667, 0.09448336181230843]","[0.25, 0.25, 0.25, 0.25]","[0.4530516564846039, 0.44131454825401306, 0.04694835841655731, 0.05868544429540634]",0.0
"{""run_name"": ""fedheart_exp_paper_hetagg_gdro"", ""seed"": 1337, ""run_dir"": ""runs/fedheart_cv/Ours_Regret_s1337_f4"", ""use_fedheart"": true, ""num_classes"": 2, ""stratified_batching"": true, ""train_frac"": 0.8, ""group_max_train_samples"": [null, null, 20, 25], ""true_hetero_input_dim"": true, ""feature_mask"": [[0, 1, 2, 3, 5, 6, 7, 8, 9, 10], [0, 1, 2, 3, 5, 6, 11, 12], [0, 1, 2, 4, 5, 7, 11, 12], [0, 1, 2, 4, 5, 6, 8, 9, 10]], ""batch_size"": 64, ""num_workers"": 0, ""epochs"": 100, ""early_stopping_patience"": 30, ""lr"": 0.001, ""weight_decay"": 0.0001, ""optimizer"": ""adam"", ""grad_clip"": 1.0, ""lr_scheduler"": ""cosine"", ""lr_min"": 1e-05, ""latent_dim"": 64, ""head_hidden"": 32, ""groups"": [{""name"": ""cleveland"", ""encoder"": ""mlp_tabular_ln"", ""input_dim"": 10, ""hidden_dim"": 64, ""dropout"": 0.1}, {""name"": ""hungarian"", ""encoder"": ""mlp_tabular_ln"", ""input_dim"": 8, ""hidden_dim"": 64, ""dropout"": 0.1}, {""name"": ""switzerland"", ""encoder"": ""mlp_tabular_ln"", ""input_dim"": 8, ""hidden_dim"": 64, ""dropout"": 0.1}, {""name"": ""va_long_beach"", ""encoder"": ""mlp_tabular_ln"", ""input_dim"": 9, ""hidden_dim"": 64, ""dropout"": 0.1}], ""anchor_eps"": 0.0001, ""sep_samples_per_class"": 4, ""sep_method"": ""classifier"", ""sep_margin"": 1.0, ""lambda_fit"": 0.1, ""lambda_sep"": 0.1, ""groupdro_enabled"": true, ""groupdro_eta"": 1.0, ""groupdro_gamma"": 0.9, ""groupdro_update_mode"": ""softmax"", ""groupdro_objective"": ""weighted"", ""groupdro_kl_lambda"": 0.0, ""groupdro_uniform_init"": true, ""log_interval"": 20, ""save_every"": 10, ""val_frac"": 0.2, ""impute_missing"": true, ""common_encoder"": false, ""use_regret"": true, ""optimal_losses"": [0.49934679966136675, 0.5924033531758973, 0.4240419712328326, 1.4799922526387188], ""data_split_seed"": 1004}","{""num_groups"": 4, ""num_classes"": 2, ""train_total"": 426, ""test_total"": 185, ""train_group_counts"": [193, 188, 20, 25], ""test_group_counts"": [61, 59, 25, 40], ""train_class_counts"": [232, 194], ""test_class_counts"": [83, 102], ""train_group_class_counts"": [[104, 89], [120, 68], [1, 19], [7, 18]], ""test_group_class_counts"": [[33, 28], [38, 21], [2, 23], [10, 30]], ""group_proportions"": [0.45305164319248825, 0.4413145539906103, 0.046948356807511735, 0.05868544600938967], ""val_group_counts"": [49, 47, 20, 32], ""val_total"": 148}","{""num_groups"": 4, ""eta"": 1.0, ""update_mode"": ""softmax"", ""robust_objective"": ""weighted"", ""gamma"": 0.9, ""kl_lambda"": 0.0, ""initial_pi"": [0.4530516564846039, 0.44131454825401306, 0.04694835841655731, 0.05868544429540634]}",2026-09-14T15:50:53.683715,39,0.23472698529561362,0.859375,0.001,0.7675675675675676,0.7828820505696027,0.7049180327868853,0.88,"[0.7049180327868853, 0.7966101694915254, 0.88, 0.75]","[0.6885736146712768, 0.5503065342683409, 0.5948158650589176, 0.9474090547577362]","[0.6987951807228916, 0.8235294117647058]","[[0.6666666666666666, 0.75], [0.8947368421052632, 0.6190476190476191], [0.0, 0.9565217391304348], [0.2, 0.9333333333333333]]","[61, 59, 25, 40]",0.7628841396166801,"[0.7048387096774194, 0.7671052631578947, 0.4680851063829787, 0.5670995670995671]",0.4680851063829787,0.9474090547577362,0.7635135135135135,0.7746465208423795,0.65625,0.9,"[0.7551020408163265, 0.7872340425531915, 0.9, 0.65625]","[0.6824059679115914, 0.5094659724768172, 0.478368085224065, 1.2323791669259663]","[0.7272727272727273, 0.7926829268292683]","[[0.7777777777777778, 0.7272727272727273], [0.8666666666666667, 0.6470588235294118], [0.0, 0.9473684210526315], [0.125, 0.8333333333333334]]","[49, 47, 20, 32]",0.760351607679852,"[0.7525252525252526, 0.7631048387096775, 0.47368421052631576, 0.46907993966817496]",0.46907993966817496,1.2323791669259663,"[0.25, 0.25, 0.25, 0.25]","[0.3124135161439578, 0.41717206438382465, 0.016552701670055587, 0.10151880079259475]","[0.25, 0.25, 0.25, 0.25]","[0.4530516564846039, 0.44131454825401306, 0.04694835841655731, 0.05868544429540634]",0.0
"{""run_name"": ""fedheart_exp_paper_hetagg_gdro"", ""seed"": 1337, ""run_dir"": ""runs/fedheart_cv/Ours_Regret_s1337_f4"", ""use_fedheart"": true, ""num_classes"": 2, ""stratified_batching"": true, ""train_frac"": 0.8, ""group_max_train_samples"": [null, null, 20, 25], ""true_hetero_input_dim"": true, ""feature_mask"": [[0, 1, 2, 3, 5, 6, 7, 8, 9, 10], [0, 1, 2, 3, 5, 6, 11, 12], [0, 1, 2, 4, 5, 7, 11, 12], [0, 1, 2, 4, 5, 6, 8, 9, 10]], ""batch_size"": 64, ""num_workers"": 0, ""epochs"": 100, ""early_stopping_patience"": 30, ""lr"": 0.001, ""weight_decay"": 0.0001, ""optimizer"": ""adam"", ""grad_clip"": 1.0, ""lr_scheduler"": ""cosine"", ""lr_min"": 1e-05, ""latent_dim"": 64, ""head_hidden"": 32, ""groups"": [{""name"": ""cleveland"", ""encoder"": ""mlp_tabular_ln"", ""input_dim"": 10, ""hidden_dim"": 64, ""dropout"": 0.1}, {""name"": ""hungarian"", ""encoder"": ""mlp_tabular_ln"", ""input_dim"": 8, ""hidden_dim"": 64, ""dropout"": 0.1}, {""name"": ""switzerland"", ""encoder"": ""mlp_tabular_ln"", ""input_dim"": 8, ""hidden_dim"": 64, ""dropout"": 0.1}, {""name"": ""va_long_beach"", ""encoder"": ""mlp_tabular_ln"", ""input_dim"": 9, ""hidden_dim"": 64, ""dropout"": 0.1}], ""anchor_eps"": 0.0001, ""sep_samples_per_class"": 4, ""sep_method"": ""classifier"", ""sep_margin"": 1.0, ""lambda_fit"": 0.1, ""lambda_sep"": 0.1, ""groupdro_enabled"": true, ""groupdro_eta"": 1.0, ""groupdro_gamma"": 0.9, ""groupdro_update_mode"": ""softmax"", ""groupdro_objective"": ""weighted"", ""groupdro_kl_lambda"": 0.0, ""groupdro_uniform_init"": true, ""log_interval"": 20, ""save_every"": 10, ""val_frac"": 0.2, ""impute_missing"": true, ""common_encoder"": false, ""use_regret"": true, ""optimal_losses"": [0.49934679966136675, 0.5924033531758973, 0.4240419712328326, 1.4799922526387188], ""data_split_seed"": 1004}","{""num_groups"": 4, ""num_classes"": 2, ""train_total"": 426, ""test_total"": 185, ""train_group_counts"": [193, 188, 20, 25], ""test_group_counts"": [61, 59, 25, 40], ""train_class_counts"": [232, 194], ""test_class_counts"": [83, 102], ""train_group_class_counts"": [[104, 89], [120, 68], [1, 19], [7, 18]], ""test_group_class_counts"": [[33, 28], [38, 21], [2, 23], [10, 30]], ""group_proportions"": [0.45305164319248825, 0.4413145539906103, 0.046948356807511735, 0.05868544600938967], ""val_group_counts"": [49, 47, 20, 32], ""val_total"": 148}","{""num_groups"": 4, ""eta"": 1.0, ""update_mode"": ""softmax"", ""robust_objective"": ""weighted"", ""gamma"": 0.9, ""kl_lambda"": 0.0, ""initial_pi"": [0.4530516564846039, 0.44131454825401306, 0.04694835841655731, 0.05868544429540634]}",2026-09-14T15:50:53.683715,40,0.22301757335662842,0.8776041666666666,0.001,0.7675675675675676,0.7828820505696027,0.7049180327868853,0.88,"[0.7049180327868853, 0.7966101694915254, 0.88, 0.75]","[0.6843182880461949, 0.5493542611662109, 0.6010927346581593, 0.948283401883964]","[0.7108433734939759, 0.8137254901960784]","[[0.696969696969697, 0.7142857142857143], [0.8947368421052632, 0.6190476190476191], [0.0, 0.9565217391304348], [0.2, 0.9333333333333333]]","[61, 59, 25, 40]",0.7635888139320633,"[0.7042025862068966, 0.7671052631578947, 0.4680851063829787, 0.5670995670995671]",0.4680851063829787,0.948283401883964,0.7635135135135135,0.7746465208423795,0.65625,0.9,"[0.7551020408163265, 0.7872340425531915, 0.9, 0.65625]","[0.6781467896487031, 0.512546107490012, 0.4942643536371179, 1.2079395107739401]","[0.7272727272727273, 0.7926829268292683]","[[0.7777777777777778, 0.7272727272727273], [0.8666666666666667, 0.6470588235294118], [0.0, 0.9473684210526315], [0.125, 0.8333333333333334]]","[49, 47, 20, 32]",0.760351607679852,"[0.7525252525252526, 0.7631048387096775, 0.47368421052631576, 0.46907993966817496]",0.46907993966817496,1.2079395107739401,"[0.25, 0.25, 0.25, 0.25]","[0.25756972407301265, 0.3982875694831212, 0.017049415269866586, 0.1306264439287285]","[0.25, 0.25, 0.25, 0.25]","[0.4530516564846039, 0.44131454825401306, 0.04694835841655731, 0.05868544429540634]",0.0
"{""run_name"": ""fedheart_exp_paper_hetagg_gdro"", ""seed"": 1337, ""run_dir"": ""runs/fedheart_cv/Ours_Regret_s1337_f4"", ""use_fedheart"": true, ""num_classes"": 2, ""stratified_batching"": true, ""train_frac"": 0.8, ""group_max_train_samples"": [null, null, 20, 25], ""true_hetero_input_dim"": true, ""feature_mask"": [[0, 1, 2, 3, 5, 6, 7, 8, 9, 10], [0, 1, 2, 3, 5, 6, 11, 12], [0, 1, 2, 4, 5, 7, 11, 12], [0, 1, 2, 4, 5, 6, 8, 9, 10]], ""batch_size"": 64, ""num_workers"": 0, ""epochs"": 100, ""early_stopping_patience"": 30, ""lr"": 0.001, ""weight_decay"": 0.0001, ""optimizer"": ""adam"", ""grad_clip"": 1.0, ""lr_scheduler"": ""cosine"", ""lr_min"": 1e-05, ""latent_dim"": 64, ""head_hidden"": 32, ""groups"": [{""name"": ""cleveland"", ""encoder"": ""mlp_tabular_ln"", ""input_dim"": 10, ""hidden_dim"": 64, ""dropout"": 0.1}, {""name"": ""hungarian"", ""encoder"": ""mlp_tabular_ln"", ""input_dim"": 8, ""hidden_dim"": 64, ""dropout"": 0.1}, {""name"": ""switzerland"", ""encoder"": ""mlp_tabular_ln"", ""input_dim"": 8, ""hidden_dim"": 64, ""dropout"": 0.1}, {""name"": ""va_long_beach"", ""encoder"": ""mlp_tabular_ln"", ""input_dim"": 9, ""hidden_dim"": 64, ""dropout"": 0.1}], ""anchor_eps"": 0.0001, ""sep_samples_per_class"": 4, ""sep_method"": ""classifier"", ""sep_margin"": 1.0, ""lambda_fit"": 0.1, ""lambda_sep"": 0.1, ""groupdro_enabled"": true, ""groupdro_eta"": 1.0, ""groupdro_gamma"": 0.9, ""groupdro_update_mode"": ""softmax"", ""groupdro_objective"": ""weighted"", ""groupdro_kl_lambda"": 0.0, ""groupdro_uniform_init"": true, ""log_interval"": 20, ""save_every"": 10, ""val_frac"": 0.2, ""impute_missing"": true, ""common_encoder"": false, ""use_regret"": true, ""optimal_losses"": [0.49934679966136675, 0.5924033531758973, 0.4240419712328326, 1.4799922526387188], ""data_split_seed"": 1004}","{""num_groups"": 4, ""num_classes"": 2, ""train_total"": 426, ""test_total"": 185, ""train_group_counts"": [193, 188, 20, 25], ""test_group_counts"": [61, 59, 25, 40], ""train_class_counts"": [232, 194], ""test_class_counts"": [83, 102], ""train_group_class_counts"": [[104, 89], [120, 68], [1, 19], [7, 18]], ""test_group_class_counts"": [[33, 28], [38, 21], [2, 23], [10, 30]], ""group_proportions"": [0.45305164319248825, 0.4413145539906103, 0.046948356807511735, 0.05868544600938967], ""val_group_counts"": [49, 47, 20, 32], ""val_total"": 148}","{""num_groups"": 4, ""eta"": 1.0, ""update_mode"": ""softmax"", ""robust_objective"": ""weighted"", ""gamma"": 0.9, ""kl_lambda"": 0.0, ""initial_pi"": [0.4530516564846039, 0.44131454825401306, 0.04694835841655731, 0.05868544429540634]}",2026-09-14T15:50:53.683715,41,0.21612703055143356,0.8776041666666666,0.001,0.7621621621621621,0.7728820505696027,0.7049180327868853,0.84,"[0.7049180327868853, 0.7966101694915254, 0.84, 0.75]","[0.6841471635232694, 0.5491711982857372, 0.6106645771255717, 0.9577009953762172]","[0.7108433734939759, 0.803921568627451]","[[0.696969696969697, 0.7142857142857143], [0.8947368421052632, 0.6190476190476191], [0.0, 0.9130434782608695], [0.2, 0.9333333333333333]]","[61, 59, 25, 40]",0.7584283000949668,"[0.7042025862068966, 0.7671052631578947, 0.45652173913043476, 0.5670995670995671]",0.45652173913043476,0.9577009953762172,0.7635135135135135,0.7771398719062093,0.6875,0.9,"[0.7551020408163265, 0.7659574468085106, 0.9, 0.6875]","[0.6749326395327035, 0.5153268865369102, 0.51224451372982, 1.1933166611943307]","[0.7272727272727273, 0.7926829268292683]","[[0.7777777777777778, 0.7272727272727273], [0.8666666666666667, 0.5882352941176471], [0.0, 0.9473684210526315], [0.125, 0.875]]","[49, 47, 20, 32]",0.760351607679852,"[0.7525252525252526, 0.735279057859703, 0.47368421052631576, 0.48717948717948717]",0.47368421052631576,1.1933166611943307,"[0.25, 0.25, 0.25, 0.25]","[0.27602607011795044, 0.41829438755909604, 0.005768078398735573, 0.09820879382702212]","[0.24935144186019897, 0.2519456595182419, 0.24935144186019897, 0.24935144186019897]","[0.4530516564846039, 0.44131454825401306, 0.04694835841655731, 0.05868544429540634]",0.0
"{""run_name"": ""fedheart_exp_paper_hetagg_gdro"", ""seed"": 1337, ""run_dir"": ""runs/fedheart_cv/Ours_Regret_s1337_f4"", ""use_fedheart"": true, ""num_classes"": 2, ""stratified_batching"": true, ""train_frac"": 0.8, ""group_max_train_samples"": [null, null, 20, 25], ""true_hetero_input_dim"": true, ""feature_mask"": [[0, 1, 2, 3, 5, 6, 7, 8, 9, 10], [0, 1, 2, 3, 5, 6, 11, 12], [0, 1, 2, 4, 5, 7, 11, 12], [0, 1, 2, 4, 5, 6, 8, 9, 10]], ""batch_size"": 64, ""num_workers"": 0, ""epochs"": 100, ""early_stopping_patience"": 30, ""lr"": 0.001, ""weight_decay"": 0.0001, ""optimizer"": ""adam"", ""grad_clip"": 1.0, ""lr_scheduler"": ""cosine"", ""lr_min"": 1e-05, ""latent_dim"": 64, ""head_hidden"": 32, ""groups"": [{""name"": ""cleveland"", ""encoder"": ""mlp_tabular_ln"", ""input_dim"": 10, ""hidden_dim"": 64, ""dropout"": 0.1}, {""name"": ""hungarian"", ""encoder"": ""mlp_tabular_ln"", ""input_dim"": 8, ""hidden_dim"": 64, ""dropout"": 0.1}, {""name"": ""switzerland"", ""encoder"": ""mlp_tabular_ln"", ""input_dim"": 8, ""hidden_dim"": 64, ""dropout"": 0.1}, {""name"": ""va_long_beach"", ""encoder"": ""mlp_tabular_ln"", ""input_dim"": 9, ""hidden_dim"": 64, ""dropout"": 0.1}], ""anchor_eps"": 0.0001, ""sep_samples_per_class"": 4, ""sep_method"": ""classifier"", ""sep_margin"": 1.0, ""lambda_fit"": 0.1, ""lambda_sep"": 0.1, ""groupdro_enabled"": true, ""groupdro_eta"": 1.0, ""groupdro_gamma"": 0.9, ""groupdro_update_mode"": ""softmax"", ""groupdro_objective"": ""weighted"", ""groupdro_kl_lambda"": 0.0, ""groupdro_uniform_init"": true, ""log_interval"": 20, ""save_every"": 10, ""val_frac"": 0.2, ""impute_missing"": true, ""common_encoder"": false, ""use_regret"": true, ""optimal_losses"": [0.49934679966136675, 0.5924033531758973, 0.4240419712328326, 1.4799922526387188], ""data_split_seed"": 1004}","{""num_groups"": 4, ""num_classes"": 2, ""train_total"": 426, ""test_total"": 185, ""train_group_counts"": [193, 188, 20, 25], ""test_group_counts"": [61, 59, 25, 40], ""train_class_counts"": [232, 194], ""test_class_counts"": [83, 102], ""train_group_class_counts"": [[104, 89], [120, 68], [1, 19], [7, 18]], ""test_group_class_counts"": [[33, 28], [38, 21], [2, 23], [10, 30]], ""group_proportions"": [0.45305164319248825, 0.4413145539906103, 0.046948356807511735, 0.05868544600938967], ""val_group_counts"": [49, 47, 20, 32], ""val_total"": 148}","{""num_groups"": 4, ""eta"": 1.0, ""update_mode"": ""softmax"", ""robust_objective"": ""weighted"", ""gamma"": 0.9, ""kl_lambda"": 0.0, ""initial_pi"": [0.4530516564846039, 0.44131454825401306, 0.04694835841655731, 0.05868544429540634]}",2026-09-14T15:50:53.683715,42,0.20603138456741968,0.8932291666666666,0.001,0.7621621621621621,0.7766320505696027,0.7049180327868853,0.88,"[0.7049180327868853, 0.7966101694915254, 0.88, 0.725]","[0.6818681332267454, 0.5460353485482224, 0.6070732086803764, 0.9708351079185377]","[0.6987951807228916, 0.8137254901960784]","[[0.696969696969697, 0.7142857142857143], [0.8947368421052632, 0.6190476190476191], [0.0, 0.9565217391304348], [0.1, 0.9333333333333333]]","[61, 59, 25, 40]",0.7577380952380952,"[0.7042025862068966, 0.7671052631578947, 0.4680851063829787, 0.49483352468427094]",0.4680851063829787,0.9708351079185377,0.7635135135135135,0.7771398719062093,0.6875,0.9,"[0.7551020408163265, 0.7659574468085106, 0.9, 0.6875]","[0.6733527460268566, 0.5084335530533436, 0.5073319729708601, 1.211502031150303]","[0.7272727272727273, 0.7926829268292683]","[[0.7777777777777778, 0.7272727272727273], [0.8666666666666667, 0.5882352941176471], [0.0, 0.9473684210526315], [0.125, 0.875]]","[49, 47, 20, 32]",0.760351607679852,"[0.7525252525252526, 0.735279057859703, 0.47368421052631576, 0.48717948717948717]",0.47368421052631576,1.211502031150303,"[0.25, 0.25, 0.25, 0.25]","[0.29407215615113574, 0.4105819861094157, 0.021393871633335948, 0.04078374492625395]","[0.25, 0.25, 0.25, 0.25]","[0.4530516564846039, 0.44131454825401306, 0.04694835841655731, 0.05868544429540634]",0.0
