config,dataset_info,groupdro_config,start_time,epoch,train_loss,train_acc,learning_rate,test_overall_acc,test_balanced_acc,test_worst_group_acc,test_best_group_acc,test_per_group_acc,test_per_group_loss,test_per_class_acc,test_per_group_per_class_acc,test_per_group_counts,test_overall_macro_f1,test_per_group_f1,test_worst_group_f1,test_worst_group_loss,val_overall_acc,val_balanced_acc,val_worst_group_acc,val_best_group_acc,val_per_group_acc,val_per_group_loss,val_per_class_acc,val_per_group_per_class_acc,val_per_group_counts,val_overall_macro_f1,val_per_group_f1,val_worst_group_f1,val_worst_group_loss,groupdro_weights,train_per_group_loss,groupdro_weights_mean,groupdro_pi,groupdro_kl_penalty
"{""run_name"": ""fedheart_exp_paper_hetagg_gdro"", ""seed"": 7, ""run_dir"": ""runs/fedheart_cv/Ours_Regret_s7_f3"", ""use_fedheart"": true, ""num_classes"": 2, ""stratified_batching"": true, ""train_frac"": 0.8, ""group_max_train_samples"": [null, null, 20, 25], ""true_hetero_input_dim"": true, ""feature_mask"": [[0, 1, 2, 3, 5, 6, 7, 8, 9, 10], [0, 1, 2, 3, 5, 6, 11, 12], [0, 1, 2, 4, 5, 7, 11, 12], [0, 1, 2, 4, 5, 6, 8, 9, 10]], ""batch_size"": 64, ""num_workers"": 0, ""epochs"": 100, ""early_stopping_patience"": 30, ""lr"": 0.001, ""weight_decay"": 0.0001, ""optimizer"": ""adam"", ""grad_clip"": 1.0, ""lr_scheduler"": ""cosine"", ""lr_min"": 1e-05, ""latent_dim"": 64, ""head_hidden"": 32, ""groups"": [{""name"": ""cleveland"", ""encoder"": ""mlp_tabular_ln"", ""input_dim"": 10, ""hidden_dim"": 64, ""dropout"": 0.1}, {""name"": ""hungarian"", ""encoder"": ""mlp_tabular_ln"", ""input_dim"": 8, ""hidden_dim"": 64, ""dropout"": 0.1}, {""name"": ""switzerland"", ""encoder"": ""mlp_tabular_ln"", ""input_dim"": 8, ""hidden_dim"": 64, ""dropout"": 0.1}, {""name"": ""va_long_beach"", ""encoder"": ""mlp_tabular_ln"", ""input_dim"": 9, ""hidden_dim"": 64, ""dropout"": 0.1}], ""anchor_eps"": 0.0001, ""sep_samples_per_class"": 4, ""sep_method"": ""classifier"", ""sep_margin"": 1.0, ""lambda_fit"": 0.1, ""lambda_sep"": 0.1, ""groupdro_enabled"": true, ""groupdro_eta"": 0.02, ""groupdro_gamma"": 0.9, ""groupdro_update_mode"": ""exp"", ""groupdro_objective"": ""weighted"", ""groupdro_kl_lambda"": 0.0, ""groupdro_uniform_init"": false, ""log_interval"": 20, ""save_every"": 10, ""groupdro_ema_decay"": 0.9, ""groupdro_update_every"": 1, ""dro_signal"": ""val"", ""val_frac"": 0.15, ""impute_missing"": true, ""common_encoder"": false, ""use_regret"": true, ""optimal_losses"": [0.468332, 0.498132, 0.341179, 0.597641], ""data_split_seed"": 1003}","{""num_groups"": 4, ""num_classes"": 2, ""train_total"": 449, ""test_total"": 185, ""train_group_counts"": [205, 199, 20, 25], ""test_group_counts"": [61, 59, 25, 40], ""train_class_counts"": [251, 198], ""test_class_counts"": [83, 102], ""train_group_class_counts"": [[111, 94], [127, 72], [3, 17], [10, 15]], ""test_group_class_counts"": [[33, 28], [38, 21], [2, 23], [10, 30]], ""group_proportions"": [0.45657015590200445, 0.44320712694877507, 0.044543429844097995, 0.0556792873051225], ""val_group_counts"": [37, 36, 15, 24], ""val_total"": 112}","{""num_groups"": 4, ""eta"": 0.02, ""update_mode"": ""exp"", ""robust_objective"": ""weighted"", ""gamma"": 0.9, ""kl_lambda"": 0.0, ""initial_pi"": [0.4565701484680176, 0.44320711493492126, 0.04454343020915985, 0.055679287761449814]}",2026-09-15T20:45:00.781871,1,3.478688932059844,0.5351473958043554,0.001,0.5567567567567567,0.5192546540705751,0.36,0.6440677966101694,"[0.6229508196721312, 0.6440677966101694, 0.36, 0.45]","[0.6713154315948486, 0.6394680809166472, 0.7459306979179382, 0.7216396182775497]","[0.8313253012048193, 0.3333333333333333]","[[0.6666666666666666, 0.5714285714285714], [0.9736842105263158, 0.047619047619047616], [1.0, 0.30434782608695654], [0.8, 0.3333333333333333]]","[61, 59, 25, 40]",0.5403030303030303,"[0.6192672998643147, 0.43295194508009155, 0.3333333333333333, 0.4486215538847117]",0.3333333333333333,0.7459306979179382,0.5357142857142857,0.4598911411411411,0.06666666666666667,0.6756756756756757,"[0.6756756756756757, 0.6388888888888888, 0.06666666666666667, 0.4583333333333333]","[0.667456870143478, 0.6731084055370755, 0.8313959876696269, 0.713029940923055]","[0.9, 0.24193548387096775]","[[0.9, 0.4117647058823529], [0.9565217391304348, 0.07692307692307693], [1.0, 0.0], [0.6666666666666666, 0.3888888888888889]]","[37, 36, 15, 24]",0.49982823771899687,"[0.6442307692307692, 0.4526315789473685, 0.0625, 0.44973544973544965]",0.0625,0.8313959876696269,"[0.4565723240375519, 0.4431878328323364, 0.04456958919763565, 0.055670227855443954]","[0.6921759332929339, 0.6588087167058673, 0.8000201483567556, 0.6966839830080668]","[0.4565701484680176, 0.44320711493492126, 0.04454343020915985, 0.055679287761449814]","[0.4565701484680176, 0.44320711493492126, 0.04454343020915985, 0.055679287761449814]",0.0
"{""run_name"": ""fedheart_exp_paper_hetagg_gdro"", ""seed"": 7, ""run_dir"": ""runs/fedheart_cv/Ours_Regret_s7_f3"", ""use_fedheart"": true, ""num_classes"": 2, ""stratified_batching"": true, ""train_frac"": 0.8, ""group_max_train_samples"": [null, null, 20, 25], ""true_hetero_input_dim"": true, ""feature_mask"": [[0, 1, 2, 3, 5, 6, 7, 8, 9, 10], [0, 1, 2, 3, 5, 6, 11, 12], [0, 1, 2, 4, 5, 7, 11, 12], [0, 1, 2, 4, 5, 6, 8, 9, 10]], ""batch_size"": 64, ""num_workers"": 0, ""epochs"": 100, ""early_stopping_patience"": 30, ""lr"": 0.001, ""weight_decay"": 0.0001, ""optimizer"": ""adam"", ""grad_clip"": 1.0, ""lr_scheduler"": ""cosine"", ""lr_min"": 1e-05, ""latent_dim"": 64, ""head_hidden"": 32, ""groups"": [{""name"": ""cleveland"", ""encoder"": ""mlp_tabular_ln"", ""input_dim"": 10, ""hidden_dim"": 64, ""dropout"": 0.1}, {""name"": ""hungarian"", ""encoder"": ""mlp_tabular_ln"", ""input_dim"": 8, ""hidden_dim"": 64, ""dropout"": 0.1}, {""name"": ""switzerland"", ""encoder"": ""mlp_tabular_ln"", ""input_dim"": 8, ""hidden_dim"": 64, ""dropout"": 0.1}, {""name"": ""va_long_beach"", ""encoder"": ""mlp_tabular_ln"", ""input_dim"": 9, ""hidden_dim"": 64, ""dropout"": 0.1}], ""anchor_eps"": 0.0001, ""sep_samples_per_class"": 4, ""sep_method"": ""classifier"", ""sep_margin"": 1.0, ""lambda_fit"": 0.1, ""lambda_sep"": 0.1, ""groupdro_enabled"": true, ""groupdro_eta"": 0.02, ""groupdro_gamma"": 0.9, ""groupdro_update_mode"": ""exp"", ""groupdro_objective"": ""weighted"", ""groupdro_kl_lambda"": 0.0, ""groupdro_uniform_init"": false, ""log_interval"": 20, ""save_every"": 10, ""groupdro_ema_decay"": 0.9, ""groupdro_update_every"": 1, ""dro_signal"": ""val"", ""val_frac"": 0.15, ""impute_missing"": true, ""common_encoder"": false, ""use_regret"": true, ""optimal_losses"": [0.468332, 0.498132, 0.341179, 0.597641], ""data_split_seed"": 1003}","{""num_groups"": 4, ""num_classes"": 2, ""train_total"": 449, ""test_total"": 185, ""train_group_counts"": [205, 199, 20, 25], ""test_group_counts"": [61, 59, 25, 40], ""train_class_counts"": [251, 198], ""test_class_counts"": [83, 102], ""train_group_class_counts"": [[111, 94], [127, 72], [3, 17], [10, 15]], ""test_group_class_counts"": [[33, 28], [38, 21], [2, 23], [10, 30]], ""group_proportions"": [0.45657015590200445, 0.44320712694877507, 0.044543429844097995, 0.0556792873051225], ""val_group_counts"": [37, 36, 15, 24], ""val_total"": 112}","{""num_groups"": 4, ""eta"": 0.02, ""update_mode"": ""exp"", ""robust_objective"": ""weighted"", ""gamma"": 0.9, ""kl_lambda"": 0.0, ""initial_pi"": [0.4565701484680176, 0.44320711493492126, 0.04454343020915985, 0.055679287761449814]}",2026-09-15T20:45:00.781871,2,2.3196543717330274,0.6167800479194745,0.001,0.5945945945945946,0.5519710336204501,0.4,0.7049180327868853,"[0.7049180327868853, 0.6779661016949152, 0.4, 0.425]","[0.6671961037839045, 0.6422183786408376, 0.7288358616828918, 0.7087731808423996]","[0.8795180722891566, 0.3627450980392157]","[[0.9393939393939394, 0.42857142857142855], [0.9210526315789473, 0.23809523809523808], [1.0, 0.34782608695652173], [0.5, 0.4]]","[61, 59, 25, 40]",0.5786388897324547,"[0.6732142857142858, 0.5656722200697404, 0.3633276740237691, 0.40683430045132174]",0.3633276740237691,0.7288358616828918,0.5446428571428571,0.4810998498498499,0.06666666666666667,0.625,"[0.6216216216216216, 0.6111111111111112, 0.06666666666666667, 0.625]","[0.6630406975746155, 0.6728084550963508, 0.813469918568929, 0.6976406052708626]","[0.86, 0.2903225806451613]","[[0.95, 0.23529411764705882], [0.8695652173913043, 0.15384615384615385], [1.0, 0.0], [0.5, 0.6666666666666666]]","[37, 36, 15, 24]",0.5207651648628241,"[0.5472027972027972, 0.48148148148148145, 0.0625, 0.5636363636363636]",0.0625,0.813469918568929,"[0.4565759301185608, 0.4431542456150055, 0.04461805894970894, 0.05565173178911209]","[0.6620827572686332, 0.6544795717511859, 0.7368076841036478, 0.7008816301822662]","[0.4565723240375519, 0.4431878328323364, 0.04456958919763565, 0.055670227855443954]","[0.4565701484680176, 0.44320711493492126, 0.04454343020915985, 0.055679287761449814]",0.0
"{""run_name"": ""fedheart_exp_paper_hetagg_gdro"", ""seed"": 7, ""run_dir"": ""runs/fedheart_cv/Ours_Regret_s7_f3"", ""use_fedheart"": true, ""num_classes"": 2, ""stratified_batching"": true, ""train_frac"": 0.8, ""group_max_train_samples"": [null, null, 20, 25], ""true_hetero_input_dim"": true, ""feature_mask"": [[0, 1, 2, 3, 5, 6, 7, 8, 9, 10], [0, 1, 2, 3, 5, 6, 11, 12], [0, 1, 2, 4, 5, 7, 11, 12], [0, 1, 2, 4, 5, 6, 8, 9, 10]], ""batch_size"": 64, ""num_workers"": 0, ""epochs"": 100, ""early_stopping_patience"": 30, ""lr"": 0.001, ""weight_decay"": 0.0001, ""optimizer"": ""adam"", ""grad_clip"": 1.0, ""lr_scheduler"": ""cosine"", ""lr_min"": 1e-05, ""latent_dim"": 64, ""head_hidden"": 32, ""groups"": [{""name"": ""cleveland"", ""encoder"": ""mlp_tabular_ln"", ""input_dim"": 10, ""hidden_dim"": 64, ""dropout"": 0.1}, {""name"": ""hungarian"", ""encoder"": ""mlp_tabular_ln"", ""input_dim"": 8, ""hidden_dim"": 64, ""dropout"": 0.1}, {""name"": ""switzerland"", ""encoder"": ""mlp_tabular_ln"", ""input_dim"": 8, ""hidden_dim"": 64, ""dropout"": 0.1}, {""name"": ""va_long_beach"", ""encoder"": ""mlp_tabular_ln"", ""input_dim"": 9, ""hidden_dim"": 64, ""dropout"": 0.1}], ""anchor_eps"": 0.0001, ""sep_samples_per_class"": 4, ""sep_method"": ""classifier"", ""sep_margin"": 1.0, ""lambda_fit"": 0.1, ""lambda_sep"": 0.1, ""groupdro_enabled"": true, ""groupdro_eta"": 0.02, ""groupdro_gamma"": 0.9, ""groupdro_update_mode"": ""exp"", ""groupdro_objective"": ""weighted"", ""groupdro_kl_lambda"": 0.0, ""groupdro_uniform_init"": false, ""log_interval"": 20, ""save_every"": 10, ""groupdro_ema_decay"": 0.9, ""groupdro_update_every"": 1, ""dro_signal"": ""val"", ""val_frac"": 0.15, ""impute_missing"": true, ""common_encoder"": false, ""use_regret"": true, ""optimal_losses"": [0.468332, 0.498132, 0.341179, 0.597641], ""data_split_seed"": 1003}","{""num_groups"": 4, ""num_classes"": 2, ""train_total"": 449, ""test_total"": 185, ""train_group_counts"": [205, 199, 20, 25], ""test_group_counts"": [61, 59, 25, 40], ""train_class_counts"": [251, 198], ""test_class_counts"": [83, 102], ""train_group_class_counts"": [[111, 94], [127, 72], [3, 17], [10, 15]], ""test_group_class_counts"": [[33, 28], [38, 21], [2, 23], [10, 30]], ""group_proportions"": [0.45657015590200445, 0.44320712694877507, 0.044543429844097995, 0.0556792873051225], ""val_group_counts"": [37, 36, 15, 24], ""val_total"": 112}","{""num_groups"": 4, ""eta"": 0.02, ""update_mode"": ""exp"", ""robust_objective"": ""weighted"", ""gamma"": 0.9, ""kl_lambda"": 0.0, ""initial_pi"": [0.4565701484680176, 0.44320711493492126, 0.04454343020915985, 0.055679287761449814]}",2026-09-15T20:45:00.781871,3,1.727075331876067,0.664399095538522,0.001,0.6054054054054054,0.5800243123089747,0.45,0.6779661016949152,"[0.6721311475409836, 0.6779661016949152, 0.52, 0.45]","[0.6689904361474709, 0.6488597009141567, 0.7075397038459778, 0.7018521845340728]","[0.8674698795180723, 0.39215686274509803]","[[0.9696969696969697, 0.32142857142857145], [0.868421052631579, 0.3333333333333333], [1.0, 0.4782608695652174], [0.5, 0.43333333333333335]]","[61, 59, 25, 40]",0.5932351435197736,"[0.6177944862155389, 0.6003565062388592, 0.4485294117647059, 0.4270833333333333]",0.4270833333333333,0.7075397038459778,0.5267857142857143,0.46651651651651654,0.13333333333333333,0.6216216216216216,"[0.6216216216216216, 0.6111111111111112, 0.13333333333333333, 0.5]","[0.6651638730152233, 0.672251734468672, 0.7820208509763081, 0.6976630066831907]","[0.84, 0.27419354838709675]","[[0.95, 0.23529411764705882], [0.8695652173913043, 0.15384615384615385], [1.0, 0.07142857142857142], [0.3333333333333333, 0.5555555555555556]]","[37, 36, 15, 24]",0.5019716419162682,"[0.5472027972027972, 0.48148148148148145, 0.13333333333333333, 0.43750000000000006]",0.13333333333333333,0.7820208509763081,"[0.45658332109451294, 0.4431079626083374, 0.04468394070863724, 0.0556248277425766]","[0.6623451880046299, 0.6500222682952881, 0.7092902461687723, 0.6680404841899872]","[0.4565759301185608, 0.4431542456150055, 0.04461805894970894, 0.05565173178911209]","[0.4565701484680176, 0.44320711493492126, 0.04454343020915985, 0.055679287761449814]",0.0
"{""run_name"": ""fedheart_exp_paper_hetagg_gdro"", ""seed"": 7, ""run_dir"": ""runs/fedheart_cv/Ours_Regret_s7_f3"", ""use_fedheart"": true, ""num_classes"": 2, ""stratified_batching"": true, ""train_frac"": 0.8, ""group_max_train_samples"": [null, null, 20, 25], ""true_hetero_input_dim"": true, ""feature_mask"": [[0, 1, 2, 3, 5, 6, 7, 8, 9, 10], [0, 1, 2, 3, 5, 6, 11, 12], [0, 1, 2, 4, 5, 7, 11, 12], [0, 1, 2, 4, 5, 6, 8, 9, 10]], ""batch_size"": 64, ""num_workers"": 0, ""epochs"": 100, ""early_stopping_patience"": 30, ""lr"": 0.001, ""weight_decay"": 0.0001, ""optimizer"": ""adam"", ""grad_clip"": 1.0, ""lr_scheduler"": ""cosine"", ""lr_min"": 1e-05, ""latent_dim"": 64, ""head_hidden"": 32, ""groups"": [{""name"": ""cleveland"", ""encoder"": ""mlp_tabular_ln"", ""input_dim"": 10, ""hidden_dim"": 64, ""dropout"": 0.1}, {""name"": ""hungarian"", ""encoder"": ""mlp_tabular_ln"", ""input_dim"": 8, ""hidden_dim"": 64, ""dropout"": 0.1}, {""name"": ""switzerland"", ""encoder"": ""mlp_tabular_ln"", ""input_dim"": 8, ""hidden_dim"": 64, ""dropout"": 0.1}, {""name"": ""va_long_beach"", ""encoder"": ""mlp_tabular_ln"", ""input_dim"": 9, ""hidden_dim"": 64, ""dropout"": 0.1}], ""anchor_eps"": 0.0001, ""sep_samples_per_class"": 4, ""sep_method"": ""classifier"", ""sep_margin"": 1.0, ""lambda_fit"": 0.1, ""lambda_sep"": 0.1, ""groupdro_enabled"": true, ""groupdro_eta"": 0.02, ""groupdro_gamma"": 0.9, ""groupdro_update_mode"": ""exp"", ""groupdro_objective"": ""weighted"", ""groupdro_kl_lambda"": 0.0, ""groupdro_uniform_init"": false, ""log_interval"": 20, ""save_every"": 10, ""groupdro_ema_decay"": 0.9, ""groupdro_update_every"": 1, ""dro_signal"": ""val"", ""val_frac"": 0.15, ""impute_missing"": true, ""common_encoder"": false, ""use_regret"": true, ""optimal_losses"": [0.468332, 0.498132, 0.341179, 0.597641], ""data_split_seed"": 1003}","{""num_groups"": 4, ""num_classes"": 2, ""train_total"": 449, ""test_total"": 185, ""train_group_counts"": [205, 199, 20, 25], ""test_group_counts"": [61, 59, 25, 40], ""train_class_counts"": [251, 198], ""test_class_counts"": [83, 102], ""train_group_class_counts"": [[111, 94], [127, 72], [3, 17], [10, 15]], ""test_group_class_counts"": [[33, 28], [38, 21], [2, 23], [10, 30]], ""group_proportions"": [0.45657015590200445, 0.44320712694877507, 0.044543429844097995, 0.0556792873051225], ""val_group_counts"": [37, 36, 15, 24], ""val_total"": 112}","{""num_groups"": 4, ""eta"": 0.02, ""update_mode"": ""exp"", ""robust_objective"": ""weighted"", ""gamma"": 0.9, ""kl_lambda"": 0.0, ""initial_pi"": [0.4565701484680176, 0.44320711493492126, 0.04454343020915985, 0.055679287761449814]}",2026-09-15T20:45:00.781871,4,1.4110180282809026,0.6326530598729105,0.001,0.6378378378378379,0.6185693942761878,0.475,0.7213114754098361,"[0.7213114754098361, 0.6779661016949152, 0.6, 0.475]","[0.6627665797217948, 0.6465889013419717, 0.6851689827442169, 0.7055116191506385]","[0.8554216867469879, 0.46078431372549017]","[[0.9090909090909091, 0.5], [0.8947368421052632, 0.2857142857142857], [1.0, 0.5652173913043478], [0.5, 0.4666666666666667]]","[61, 59, 25, 40]",0.6316383844987963,"[0.7007215007215006, 0.5843529847979236, 0.503968253968254, 0.4470046082949308]",0.4470046082949308,0.7055116191506385,0.5982142857142857,0.5411411411411411,0.26666666666666666,0.7222222222222222,"[0.6756756756756757, 0.7222222222222222, 0.26666666666666666, 0.5]","[0.6573694348335266, 0.6636322687069575, 0.7584318081537883, 0.7099862992763519]","[0.86, 0.3870967741935484]","[[0.9, 0.4117647058823529], [1.0, 0.23076923076923078], [0.0, 0.2857142857142857], [0.3333333333333333, 0.5555555555555556]]","[37, 36, 15, 24]",0.5863087909381925,"[0.6442307692307692, 0.5982142857142858, 0.21052631578947364, 0.43750000000000006]",0.21052631578947364,0.7584318081537883,"[0.45659396052360535, 0.44304928183555603, 0.04476413130760193, 0.05559258535504341]","[0.6649938651493618, 0.6524993862424578, 0.7437257965405782, 0.6651623050371805]","[0.45658332109451294, 0.4431079626083374, 0.04468394070863724, 0.0556248277425766]","[0.4565701484680176, 0.44320711493492126, 0.04454343020915985, 0.055679287761449814]",0.0
"{""run_name"": ""fedheart_exp_paper_hetagg_gdro"", ""seed"": 7, ""run_dir"": ""runs/fedheart_cv/Ours_Regret_s7_f3"", ""use_fedheart"": true, ""num_classes"": 2, ""stratified_batching"": true, ""train_frac"": 0.8, ""group_max_train_samples"": [null, null, 20, 25], ""true_hetero_input_dim"": true, ""feature_mask"": [[0, 1, 2, 3, 5, 6, 7, 8, 9, 10], [0, 1, 2, 3, 5, 6, 11, 12], [0, 1, 2, 4, 5, 7, 11, 12], [0, 1, 2, 4, 5, 6, 8, 9, 10]], ""batch_size"": 64, ""num_workers"": 0, ""epochs"": 100, ""early_stopping_patience"": 30, ""lr"": 0.001, ""weight_decay"": 0.0001, ""optimizer"": ""adam"", ""grad_clip"": 1.0, ""lr_scheduler"": ""cosine"", ""lr_min"": 1e-05, ""latent_dim"": 64, ""head_hidden"": 32, ""groups"": [{""name"": ""cleveland"", ""encoder"": ""mlp_tabular_ln"", ""input_dim"": 10, ""hidden_dim"": 64, ""dropout"": 0.1}, {""name"": ""hungarian"", ""encoder"": ""mlp_tabular_ln"", ""input_dim"": 8, ""hidden_dim"": 64, ""dropout"": 0.1}, {""name"": ""switzerland"", ""encoder"": ""mlp_tabular_ln"", ""input_dim"": 8, ""hidden_dim"": 64, ""dropout"": 0.1}, {""name"": ""va_long_beach"", ""encoder"": ""mlp_tabular_ln"", ""input_dim"": 9, ""hidden_dim"": 64, ""dropout"": 0.1}], ""anchor_eps"": 0.0001, ""sep_samples_per_class"": 4, ""sep_method"": ""classifier"", ""sep_margin"": 1.0, ""lambda_fit"": 0.1, ""lambda_sep"": 0.1, ""groupdro_enabled"": true, ""groupdro_eta"": 0.02, ""groupdro_gamma"": 0.9, ""groupdro_update_mode"": ""exp"", ""groupdro_objective"": ""weighted"", ""groupdro_kl_lambda"": 0.0, ""groupdro_uniform_init"": false, ""log_interval"": 20, ""save_every"": 10, ""groupdro_ema_decay"": 0.9, ""groupdro_update_every"": 1, ""dro_signal"": ""val"", ""val_frac"": 0.15, ""impute_missing"": true, ""common_encoder"": false, ""use_regret"": true, ""optimal_losses"": [0.468332, 0.498132, 0.341179, 0.597641], ""data_split_seed"": 1003}","{""num_groups"": 4, ""num_classes"": 2, ""train_total"": 449, ""test_total"": 185, ""train_group_counts"": [205, 199, 20, 25], ""test_group_counts"": [61, 59, 25, 40], ""train_class_counts"": [251, 198], ""test_class_counts"": [83, 102], ""train_group_class_counts"": [[111, 94], [127, 72], [3, 17], [10, 15]], ""test_group_class_counts"": [[33, 28], [38, 21], [2, 23], [10, 30]], ""group_proportions"": [0.45657015590200445, 0.44320712694877507, 0.044543429844097995, 0.0556792873051225], ""val_group_counts"": [37, 36, 15, 24], ""val_total"": 112}","{""num_groups"": 4, ""eta"": 0.02, ""update_mode"": ""exp"", ""robust_objective"": ""weighted"", ""gamma"": 0.9, ""kl_lambda"": 0.0, ""initial_pi"": [0.4565701484680176, 0.44320711493492126, 0.04454343020915985, 0.055679287761449814]}",2026-09-15T20:45:00.781871,5,1.2098381968041936,0.6734693845113119,0.001,0.6594594594594595,0.6467661155876632,0.475,0.7540983606557377,"[0.7540983606557377, 0.6779661016949152, 0.68, 0.475]","[0.6475022532900826, 0.6363872693756879, 0.6622067403793335, 0.7049178585410119]","[0.9156626506024096, 0.45098039215686275]","[[1.0, 0.4642857142857143], [0.9473684210526315, 0.19047619047619047], [1.0, 0.6521739130434783], [0.5, 0.4666666666666667]]","[61, 59, 25, 40]",0.6502625656414103,"[0.7244805781391147, 0.5437525437525437, 0.5614035087719298, 0.4470046082949308]",0.4470046082949308,0.7049178585410119,0.5982142857142857,0.5435435435435435,0.3333333333333333,0.7297297297297297,"[0.7297297297297297, 0.6944444444444444, 0.3333333333333333, 0.4166666666666667]","[0.6418827868796684, 0.653207101755672, 0.7283422748247782, 0.7181639522314072]","[0.88, 0.3709677419354839]","[[0.95, 0.47058823529411764], [1.0, 0.15384615384615385], [0.0, 0.35714285714285715], [0.3333333333333333, 0.4444444444444444]]","[37, 36, 15, 24]",0.5835743204164257,"[0.703525641025641, 0.536842105263158, 0.25, 0.37777777777777777]",0.25,0.7283422748247782,"[0.4566049575805664, 0.4429815113544464, 0.04485572874546051, 0.05555785819888115]","[0.6439472351755414, 0.6375198534556797, 0.6697566012541453, 0.6618572274843851]","[0.45659396052360535, 0.44304928183555603, 0.04476413130760193, 0.05559258535504341]","[0.4565701484680176, 0.44320711493492126, 0.04454343020915985, 0.055679287761449814]",0.0
"{""run_name"": ""fedheart_exp_paper_hetagg_gdro"", ""seed"": 7, ""run_dir"": ""runs/fedheart_cv/Ours_Regret_s7_f3"", ""use_fedheart"": true, ""num_classes"": 2, ""stratified_batching"": true, ""train_frac"": 0.8, ""group_max_train_samples"": [null, null, 20, 25], ""true_hetero_input_dim"": true, ""feature_mask"": [[0, 1, 2, 3, 5, 6, 7, 8, 9, 10], [0, 1, 2, 3, 5, 6, 11, 12], [0, 1, 2, 4, 5, 7, 11, 12], [0, 1, 2, 4, 5, 6, 8, 9, 10]], ""batch_size"": 64, ""num_workers"": 0, ""epochs"": 100, ""early_stopping_patience"": 30, ""lr"": 0.001, ""weight_decay"": 0.0001, ""optimizer"": ""adam"", ""grad_clip"": 1.0, ""lr_scheduler"": ""cosine"", ""lr_min"": 1e-05, ""latent_dim"": 64, ""head_hidden"": 32, ""groups"": [{""name"": ""cleveland"", ""encoder"": ""mlp_tabular_ln"", ""input_dim"": 10, ""hidden_dim"": 64, ""dropout"": 0.1}, {""name"": ""hungarian"", ""encoder"": ""mlp_tabular_ln"", ""input_dim"": 8, ""hidden_dim"": 64, ""dropout"": 0.1}, {""name"": ""switzerland"", ""encoder"": ""mlp_tabular_ln"", ""input_dim"": 8, ""hidden_dim"": 64, ""dropout"": 0.1}, {""name"": ""va_long_beach"", ""encoder"": ""mlp_tabular_ln"", ""input_dim"": 9, ""hidden_dim"": 64, ""dropout"": 0.1}], ""anchor_eps"": 0.0001, ""sep_samples_per_class"": 4, ""sep_method"": ""classifier"", ""sep_margin"": 1.0, ""lambda_fit"": 0.1, ""lambda_sep"": 0.1, ""groupdro_enabled"": true, ""groupdro_eta"": 0.02, ""groupdro_gamma"": 0.9, ""groupdro_update_mode"": ""exp"", ""groupdro_objective"": ""weighted"", ""groupdro_kl_lambda"": 0.0, ""groupdro_uniform_init"": false, ""log_interval"": 20, ""save_every"": 10, ""groupdro_ema_decay"": 0.9, ""groupdro_update_every"": 1, ""dro_signal"": ""val"", ""val_frac"": 0.15, ""impute_missing"": true, ""common_encoder"": false, ""use_regret"": true, ""optimal_losses"": [0.468332, 0.498132, 0.341179, 0.597641], ""data_split_seed"": 1003}","{""num_groups"": 4, ""num_classes"": 2, ""train_total"": 449, ""test_total"": 185, ""train_group_counts"": [205, 199, 20, 25], ""test_group_counts"": [61, 59, 25, 40], ""train_class_counts"": [251, 198], ""test_class_counts"": [83, 102], ""train_group_class_counts"": [[111, 94], [127, 72], [3, 17], [10, 15]], ""test_group_class_counts"": [[33, 28], [38, 21], [2, 23], [10, 30]], ""group_proportions"": [0.45657015590200445, 0.44320712694877507, 0.044543429844097995, 0.0556792873051225], ""val_group_counts"": [37, 36, 15, 24], ""val_total"": 112}","{""num_groups"": 4, ""eta"": 0.02, ""update_mode"": ""exp"", ""robust_objective"": ""weighted"", ""gamma"": 0.9, ""kl_lambda"": 0.0, ""initial_pi"": [0.4565701484680176, 0.44320711493492126, 0.04454343020915985, 0.055679287761449814]}",2026-09-15T20:45:00.781871,6,1.07201797540496,0.6893424005194857,0.001,0.6918918918918919,0.6897534037232564,0.55,0.76,"[0.7540983606557377, 0.6949152542372882, 0.76, 0.55]","[0.6303626069279967, 0.62695578447843, 0.6297494268417358, 0.6960474640130997]","[0.891566265060241, 0.5294117647058824]","[[0.9696969696969697, 0.5], [0.9473684210526315, 0.23809523809523808], [0.5, 0.782608695652174], [0.5, 0.5666666666666667]]","[61, 59, 25, 40]",0.6882483370288248,"[0.7306446864880778, 0.5785714285714285, 0.5535714285714286, 0.5054945054945055]",0.5054945054945055,0.6960474640130997,0.6071428571428571,0.5636824324324324,0.4,0.7297297297297297,"[0.7297297297297297, 0.6666666666666666, 0.4, 0.4583333333333333]","[0.6252526608673302, 0.6451848157578044, 0.6891730030377706, 0.7127233495314916]","[0.78, 0.46774193548387094]","[[0.85, 0.5882352941176471], [0.9565217391304348, 0.15384615384615385], [0.0, 0.42857142857142855], [0.0, 0.6111111111111112]]","[37, 36, 15, 24]",0.603985856637737,"[0.7196969696969697, 0.5178571428571428, 0.2857142857142857, 0.31428571428571433]",0.2857142857142857,0.7127233495314916,"[0.4566129446029663, 0.44290992617607117, 0.044955309480428696, 0.05552174150943756]","[0.6407142792429242, 0.6262758459363665, 0.6525529523690542, 0.6569309035936991]","[0.4566049575805664, 0.4429815113544464, 0.04485572874546051, 0.05555785819888115]","[0.4565701484680176, 0.44320711493492126, 0.04454343020915985, 0.055679287761449814]",0.0
"{""run_name"": ""fedheart_exp_paper_hetagg_gdro"", ""seed"": 7, ""run_dir"": ""runs/fedheart_cv/Ours_Regret_s7_f3"", ""use_fedheart"": true, ""num_classes"": 2, ""stratified_batching"": true, ""train_frac"": 0.8, ""group_max_train_samples"": [null, null, 20, 25], ""true_hetero_input_dim"": true, ""feature_mask"": [[0, 1, 2, 3, 5, 6, 7, 8, 9, 10], [0, 1, 2, 3, 5, 6, 11, 12], [0, 1, 2, 4, 5, 7, 11, 12], [0, 1, 2, 4, 5, 6, 8, 9, 10]], ""batch_size"": 64, ""num_workers"": 0, ""epochs"": 100, ""early_stopping_patience"": 30, ""lr"": 0.001, ""weight_decay"": 0.0001, ""optimizer"": ""adam"", ""grad_clip"": 1.0, ""lr_scheduler"": ""cosine"", ""lr_min"": 1e-05, ""latent_dim"": 64, ""head_hidden"": 32, ""groups"": [{""name"": ""cleveland"", ""encoder"": ""mlp_tabular_ln"", ""input_dim"": 10, ""hidden_dim"": 64, ""dropout"": 0.1}, {""name"": ""hungarian"", ""encoder"": ""mlp_tabular_ln"", ""input_dim"": 8, ""hidden_dim"": 64, ""dropout"": 0.1}, {""name"": ""switzerland"", ""encoder"": ""mlp_tabular_ln"", ""input_dim"": 8, ""hidden_dim"": 64, ""dropout"": 0.1}, {""name"": ""va_long_beach"", ""encoder"": ""mlp_tabular_ln"", ""input_dim"": 9, ""hidden_dim"": 64, ""dropout"": 0.1}], ""anchor_eps"": 0.0001, ""sep_samples_per_class"": 4, ""sep_method"": ""classifier"", ""sep_margin"": 1.0, ""lambda_fit"": 0.1, ""lambda_sep"": 0.1, ""groupdro_enabled"": true, ""groupdro_eta"": 0.02, ""groupdro_gamma"": 0.9, ""groupdro_update_mode"": ""exp"", ""groupdro_objective"": ""weighted"", ""groupdro_kl_lambda"": 0.0, ""groupdro_uniform_init"": false, ""log_interval"": 20, ""save_every"": 10, ""groupdro_ema_decay"": 0.9, ""groupdro_update_every"": 1, ""dro_signal"": ""val"", ""val_frac"": 0.15, ""impute_missing"": true, ""common_encoder"": false, ""use_regret"": true, ""optimal_losses"": [0.468332, 0.498132, 0.341179, 0.597641], ""data_split_seed"": 1003}","{""num_groups"": 4, ""num_classes"": 2, ""train_total"": 449, ""test_total"": 185, ""train_group_counts"": [205, 199, 20, 25], ""test_group_counts"": [61, 59, 25, 40], ""train_class_counts"": [251, 198], ""test_class_counts"": [83, 102], ""train_group_class_counts"": [[111, 94], [127, 72], [3, 17], [10, 15]], ""test_group_class_counts"": [[33, 28], [38, 21], [2, 23], [10, 30]], ""group_proportions"": [0.45657015590200445, 0.44320712694877507, 0.044543429844097995, 0.0556792873051225], ""val_group_counts"": [37, 36, 15, 24], ""val_total"": 112}","{""num_groups"": 4, ""eta"": 0.02, ""update_mode"": ""exp"", ""robust_objective"": ""weighted"", ""gamma"": 0.9, ""kl_lambda"": 0.0, ""initial_pi"": [0.4565701484680176, 0.44320711493492126, 0.04454343020915985, 0.055679287761449814]}",2026-09-15T20:45:00.781871,7,0.9854486160267508,0.7301587279962034,0.001,0.7297297297297297,0.7289247013059184,0.6,0.8,"[0.7868852459016393, 0.7288135593220338, 0.8, 0.6]","[0.6115067615860799, 0.6102541922512701, 0.592547961473465, 0.6801049560308456]","[0.8674698795180723, 0.6176470588235294]","[[0.9393939393939394, 0.6071428571428571], [0.9473684210526315, 0.3333333333333333], [0.0, 0.8695652173913043], [0.5, 0.6333333333333333]]","[61, 59, 25, 40]",0.7290885660731021,"[0.7750354609929078, 0.6424242424242423, 0.4444444444444445, 0.5441595441595443]",0.4444444444444445,0.6801049560308456,0.6875,0.6815503003003003,0.5416666666666666,0.7567567567567568,"[0.7567567567567568, 0.6944444444444444, 0.7333333333333333, 0.5416666666666666]","[0.6055515819304699, 0.6333669341272778, 0.6491681973139445, 0.7029557774464289]","[0.78, 0.6129032258064516]","[[0.85, 0.6470588235294118], [0.9565217391304348, 0.23076923076923078], [0.0, 0.7857142857142857], [0.0, 0.7222222222222222]]","[37, 36, 15, 24]",0.6874750857051742,"[0.7501875468867216, 0.5764705882352941, 0.4230769230769231, 0.35135135135135137]",0.35135135135135137,0.7029557774464289,"[0.45661553740501404, 0.4428393244743347, 0.04506005719304085, 0.055485159158706665]","[0.6215904865946088, 0.6061620541981289, 0.638240118821462, 0.6283663610617319]","[0.4566129446029663, 0.44290992617607117, 0.044955309480428696, 0.05552174150943756]","[0.4565701484680176, 0.44320711493492126, 0.04454343020915985, 0.055679287761449814]",0.0
"{""run_name"": ""fedheart_exp_paper_hetagg_gdro"", ""seed"": 7, ""run_dir"": ""runs/fedheart_cv/Ours_Regret_s7_f3"", ""use_fedheart"": true, ""num_classes"": 2, ""stratified_batching"": true, ""train_frac"": 0.8, ""group_max_train_samples"": [null, null, 20, 25], ""true_hetero_input_dim"": true, ""feature_mask"": [[0, 1, 2, 3, 5, 6, 7, 8, 9, 10], [0, 1, 2, 3, 5, 6, 11, 12], [0, 1, 2, 4, 5, 7, 11, 12], [0, 1, 2, 4, 5, 6, 8, 9, 10]], ""batch_size"": 64, ""num_workers"": 0, ""epochs"": 100, ""early_stopping_patience"": 30, ""lr"": 0.001, ""weight_decay"": 0.0001, ""optimizer"": ""adam"", ""grad_clip"": 1.0, ""lr_scheduler"": ""cosine"", ""lr_min"": 1e-05, ""latent_dim"": 64, ""head_hidden"": 32, ""groups"": [{""name"": ""cleveland"", ""encoder"": ""mlp_tabular_ln"", ""input_dim"": 10, ""hidden_dim"": 64, ""dropout"": 0.1}, {""name"": ""hungarian"", ""encoder"": ""mlp_tabular_ln"", ""input_dim"": 8, ""hidden_dim"": 64, ""dropout"": 0.1}, {""name"": ""switzerland"", ""encoder"": ""mlp_tabular_ln"", ""input_dim"": 8, ""hidden_dim"": 64, ""dropout"": 0.1}, {""name"": ""va_long_beach"", ""encoder"": ""mlp_tabular_ln"", ""input_dim"": 9, ""hidden_dim"": 64, ""dropout"": 0.1}], ""anchor_eps"": 0.0001, ""sep_samples_per_class"": 4, ""sep_method"": ""classifier"", ""sep_margin"": 1.0, ""lambda_fit"": 0.1, ""lambda_sep"": 0.1, ""groupdro_enabled"": true, ""groupdro_eta"": 0.02, ""groupdro_gamma"": 0.9, ""groupdro_update_mode"": ""exp"", ""groupdro_objective"": ""weighted"", ""groupdro_kl_lambda"": 0.0, ""groupdro_uniform_init"": false, ""log_interval"": 20, ""save_every"": 10, ""groupdro_ema_decay"": 0.9, ""groupdro_update_every"": 1, ""dro_signal"": ""val"", ""val_frac"": 0.15, ""impute_missing"": true, ""common_encoder"": false, ""use_regret"": true, ""optimal_losses"": [0.468332, 0.498132, 0.341179, 0.597641], ""data_split_seed"": 1003}","{""num_groups"": 4, ""num_classes"": 2, ""train_total"": 449, ""test_total"": 185, ""train_group_counts"": [205, 199, 20, 25], ""test_group_counts"": [61, 59, 25, 40], ""train_class_counts"": [251, 198], ""test_class_counts"": [83, 102], ""train_group_class_counts"": [[111, 94], [127, 72], [3, 17], [10, 15]], ""test_group_class_counts"": [[33, 28], [38, 21], [2, 23], [10, 30]], ""group_proportions"": [0.45657015590200445, 0.44320712694877507, 0.044543429844097995, 0.0556792873051225], ""val_group_counts"": [37, 36, 15, 24], ""val_total"": 112}","{""num_groups"": 4, ""eta"": 0.02, ""update_mode"": ""exp"", ""robust_objective"": ""weighted"", ""gamma"": 0.9, ""kl_lambda"": 0.0, ""initial_pi"": [0.4565701484680176, 0.44320711493492126, 0.04454343020915985, 0.055679287761449814]}",2026-09-15T20:45:00.781871,8,0.9243462550667138,0.7505668961271947,0.001,0.7567567567567568,0.7673992775771048,0.6,0.92,"[0.7868852459016393, 0.7627118644067796, 0.92, 0.6]","[0.5812407043136534, 0.5788800473940574, 0.5525767958164215, 0.662565553188324]","[0.8554216867469879, 0.6764705882352942]","[[0.9393939393939394, 0.6071428571428571], [0.9473684210526315, 0.42857142857142855], [0.0, 1.0], [0.4, 0.6666666666666666]]","[61, 59, 25, 40]",0.7567283247128955,"[0.7750354609929078, 0.6998546511627908, 0.4791666666666667, 0.5238095238095237]",0.4791666666666667,0.662565553188324,0.7232142857142857,0.7285848348348348,0.5416666666666666,0.8666666666666667,"[0.7837837837837838, 0.7222222222222222, 0.8666666666666667, 0.5416666666666666]","[0.5760893805606945, 0.6169212907552719, 0.6090547561645507, 0.692966296027104]","[0.78, 0.6774193548387096]","[[0.85, 0.7058823529411765], [0.9565217391304348, 0.3076923076923077], [0.0, 0.9285714285714286], [0.0, 0.7222222222222222]]","[37, 36, 15, 24]",0.7230155564419625,"[0.7797619047619049, 0.6296296296296297, 0.4642857142857143, 0.35135135135135137]",0.35135135135135137,0.692966296027104,"[0.4566071927547455, 0.4427751898765564, 0.045167941600084305, 0.055449582636356354]","[0.6092472076416016, 0.5916235617228917, 0.5830141007900238, 0.6057573556900024]","[0.45661553740501404, 0.4428393244743347, 0.04506005719304085, 0.055485159158706665]","[0.4565701484680176, 0.44320711493492126, 0.04454343020915985, 0.055679287761449814]",0.0
"{""run_name"": ""fedheart_exp_paper_hetagg_gdro"", ""seed"": 7, ""run_dir"": ""runs/fedheart_cv/Ours_Regret_s7_f3"", ""use_fedheart"": true, ""num_classes"": 2, ""stratified_batching"": true, ""train_frac"": 0.8, ""group_max_train_samples"": [null, null, 20, 25], ""true_hetero_input_dim"": true, ""feature_mask"": [[0, 1, 2, 3, 5, 6, 7, 8, 9, 10], [0, 1, 2, 3, 5, 6, 11, 12], [0, 1, 2, 4, 5, 7, 11, 12], [0, 1, 2, 4, 5, 6, 8, 9, 10]], ""batch_size"": 64, ""num_workers"": 0, ""epochs"": 100, ""early_stopping_patience"": 30, ""lr"": 0.001, ""weight_decay"": 0.0001, ""optimizer"": ""adam"", ""grad_clip"": 1.0, ""lr_scheduler"": ""cosine"", ""lr_min"": 1e-05, ""latent_dim"": 64, ""head_hidden"": 32, ""groups"": [{""name"": ""cleveland"", ""encoder"": ""mlp_tabular_ln"", ""input_dim"": 10, ""hidden_dim"": 64, ""dropout"": 0.1}, {""name"": ""hungarian"", ""encoder"": ""mlp_tabular_ln"", ""input_dim"": 8, ""hidden_dim"": 64, ""dropout"": 0.1}, {""name"": ""switzerland"", ""encoder"": ""mlp_tabular_ln"", ""input_dim"": 8, ""hidden_dim"": 64, ""dropout"": 0.1}, {""name"": ""va_long_beach"", ""encoder"": ""mlp_tabular_ln"", ""input_dim"": 9, ""hidden_dim"": 64, ""dropout"": 0.1}], ""anchor_eps"": 0.0001, ""sep_samples_per_class"": 4, ""sep_method"": ""classifier"", ""sep_margin"": 1.0, ""lambda_fit"": 0.1, ""lambda_sep"": 0.1, ""groupdro_enabled"": true, ""groupdro_eta"": 0.02, ""groupdro_gamma"": 0.9, ""groupdro_update_mode"": ""exp"", ""groupdro_objective"": ""weighted"", ""groupdro_kl_lambda"": 0.0, ""groupdro_uniform_init"": false, ""log_interval"": 20, ""save_every"": 10, ""groupdro_ema_decay"": 0.9, ""groupdro_update_every"": 1, ""dro_signal"": ""val"", ""val_frac"": 0.15, ""impute_missing"": true, ""common_encoder"": false, ""use_regret"": true, ""optimal_losses"": [0.468332, 0.498132, 0.341179, 0.597641], ""data_split_seed"": 1003}","{""num_groups"": 4, ""num_classes"": 2, ""train_total"": 449, ""test_total"": 185, ""train_group_counts"": [205, 199, 20, 25], ""test_group_counts"": [61, 59, 25, 40], ""train_class_counts"": [251, 198], ""test_class_counts"": [83, 102], ""train_group_class_counts"": [[111, 94], [127, 72], [3, 17], [10, 15]], ""test_group_class_counts"": [[33, 28], [38, 21], [2, 23], [10, 30]], ""group_proportions"": [0.45657015590200445, 0.44320712694877507, 0.044543429844097995, 0.0556792873051225], ""val_group_counts"": [37, 36, 15, 24], ""val_total"": 112}","{""num_groups"": 4, ""eta"": 0.02, ""update_mode"": ""exp"", ""robust_objective"": ""weighted"", ""gamma"": 0.9, ""kl_lambda"": 0.0, ""initial_pi"": [0.4565701484680176, 0.44320711493492126, 0.04454343020915985, 0.055679287761449814]}",2026-09-15T20:45:00.781871,9,0.8456022213646074,0.7709750603386064,0.001,0.772972972972973,0.7818459988885802,0.625,0.92,"[0.819672131147541, 0.7627118644067796, 0.92, 0.625]","[0.548381750212341, 0.5486148969601776, 0.5130950844287873, 0.6516187742352486]","[0.8795180722891566, 0.6862745098039216]","[[1.0, 0.6071428571428571], [0.9473684210526315, 0.42857142857142855], [0.0, 1.0], [0.4, 0.7]]","[61, 59, 25, 40]",0.77291325695581,"[0.8063492063492063, 0.6998546511627908, 0.4791666666666667, 0.5423340961098397]",0.4791666666666667,0.6516187742352486,0.7321428571428571,0.7452515015015015,0.5416666666666666,0.9333333333333333,"[0.7837837837837838, 0.7222222222222222, 0.9333333333333333, 0.5416666666666666]","[0.5457226158799352, 0.6067330895198716, 0.5728192031383514, 0.6912595878044764]","[0.78, 0.6935483870967742]","[[0.85, 0.7058823529411765], [0.9565217391304348, 0.3076923076923077], [0.0, 1.0], [0.0, 0.7222222222222222]]","[37, 36, 15, 24]",0.731800766283525,"[0.7797619047619049, 0.6296296296296297, 0.4827586206896552, 0.35135135135135137]",0.35135135135135137,0.6912595878044764,"[0.45657986402511597, 0.44272589683532715, 0.04527726396918297, 0.05541697517037392]","[0.57026321547372, 0.543481422322137, 0.5871840914090475, 0.5723493198553721]","[0.4566071927547455, 0.4427751898765564, 0.045167941600084305, 0.055449582636356354]","[0.4565701484680176, 0.44320711493492126, 0.04454343020915985, 0.055679287761449814]",0.0
"{""run_name"": ""fedheart_exp_paper_hetagg_gdro"", ""seed"": 7, ""run_dir"": ""runs/fedheart_cv/Ours_Regret_s7_f3"", ""use_fedheart"": true, ""num_classes"": 2, ""stratified_batching"": true, ""train_frac"": 0.8, ""group_max_train_samples"": [null, null, 20, 25], ""true_hetero_input_dim"": true, ""feature_mask"": [[0, 1, 2, 3, 5, 6, 7, 8, 9, 10], [0, 1, 2, 3, 5, 6, 11, 12], [0, 1, 2, 4, 5, 7, 11, 12], [0, 1, 2, 4, 5, 6, 8, 9, 10]], ""batch_size"": 64, ""num_workers"": 0, ""epochs"": 100, ""early_stopping_patience"": 30, ""lr"": 0.001, ""weight_decay"": 0.0001, ""optimizer"": ""adam"", ""grad_clip"": 1.0, ""lr_scheduler"": ""cosine"", ""lr_min"": 1e-05, ""latent_dim"": 64, ""head_hidden"": 32, ""groups"": [{""name"": ""cleveland"", ""encoder"": ""mlp_tabular_ln"", ""input_dim"": 10, ""hidden_dim"": 64, ""dropout"": 0.1}, {""name"": ""hungarian"", ""encoder"": ""mlp_tabular_ln"", ""input_dim"": 8, ""hidden_dim"": 64, ""dropout"": 0.1}, {""name"": ""switzerland"", ""encoder"": ""mlp_tabular_ln"", ""input_dim"": 8, ""hidden_dim"": 64, ""dropout"": 0.1}, {""name"": ""va_long_beach"", ""encoder"": ""mlp_tabular_ln"", ""input_dim"": 9, ""hidden_dim"": 64, ""dropout"": 0.1}], ""anchor_eps"": 0.0001, ""sep_samples_per_class"": 4, ""sep_method"": ""classifier"", ""sep_margin"": 1.0, ""lambda_fit"": 0.1, ""lambda_sep"": 0.1, ""groupdro_enabled"": true, ""groupdro_eta"": 0.02, ""groupdro_gamma"": 0.9, ""groupdro_update_mode"": ""exp"", ""groupdro_objective"": ""weighted"", ""groupdro_kl_lambda"": 0.0, ""groupdro_uniform_init"": false, ""log_interval"": 20, ""save_every"": 10, ""groupdro_ema_decay"": 0.9, ""groupdro_update_every"": 1, ""dro_signal"": ""val"", ""val_frac"": 0.15, ""impute_missing"": true, ""common_encoder"": false, ""use_regret"": true, ""optimal_losses"": [0.468332, 0.498132, 0.341179, 0.597641], ""data_split_seed"": 1003}","{""num_groups"": 4, ""num_classes"": 2, ""train_total"": 449, ""test_total"": 185, ""train_group_counts"": [205, 199, 20, 25], ""test_group_counts"": [61, 59, 25, 40], ""train_class_counts"": [251, 198], ""test_class_counts"": [83, 102], ""train_group_class_counts"": [[111, 94], [127, 72], [3, 17], [10, 15]], ""test_group_class_counts"": [[33, 28], [38, 21], [2, 23], [10, 30]], ""group_proportions"": [0.45657015590200445, 0.44320712694877507, 0.044543429844097995, 0.0556792873051225], ""val_group_counts"": [37, 36, 15, 24], ""val_total"": 112}","{""num_groups"": 4, ""eta"": 0.02, ""update_mode"": ""exp"", ""robust_objective"": ""weighted"", ""gamma"": 0.9, ""kl_lambda"": 0.0, ""initial_pi"": [0.4565701484680176, 0.44320711493492126, 0.04454343020915985, 0.055679287761449814]}",2026-09-15T20:45:00.781871,10,0.8025248450757154,0.7800453493113961,0.001,0.7837837837837838,0.7924722145040289,0.65,0.92,"[0.8032786885245902, 0.7966101694915254, 0.92, 0.65]","[0.5106842036618561, 0.5227229115316423, 0.4523155927658081, 0.6399209499359131]","[0.8554216867469879, 0.7254901960784313]","[[0.9393939393939394, 0.6428571428571429], [0.9210526315789473, 0.5714285714285714], [0.0, 1.0], [0.5, 0.7]]","[61, 59, 25, 40]",0.783726911386486,"[0.7939189189189189, 0.7601626016260162, 0.4791666666666667, 0.5833333333333333]",0.4791666666666667,0.6399209499359131,0.6875,0.710716966966967,0.5416666666666666,0.9333333333333333,"[0.7567567567567568, 0.6111111111111112, 0.9333333333333333, 0.5416666666666666]","[0.5108950234748222, 0.6004258112774955, 0.5103056391080221, 0.6978118953605493]","[0.66, 0.7096774193548387]","[[0.75, 0.7647058823529411], [0.782608695652174, 0.3076923076923077], [0.0, 1.0], [0.0, 0.7222222222222222]]","[37, 36, 15, 24]",0.6844562505030991,"[0.756043956043956, 0.5418181818181819, 0.4827586206896552, 0.35135135135135137]",0.35135135135135137,0.6978118953605493,"[0.4565228521823883, 0.442702978849411, 0.04538414627313614, 0.055390097200870514]","[0.5510179613317762, 0.5205251233918327, 0.5470980207125345, 0.5635168155034384]","[0.45657986402511597, 0.44272589683532715, 0.04527726396918297, 0.05541697517037392]","[0.4565701484680176, 0.44320711493492126, 0.04454343020915985, 0.055679287761449814]",0.0
"{""run_name"": ""fedheart_exp_paper_hetagg_gdro"", ""seed"": 7, ""run_dir"": ""runs/fedheart_cv/Ours_Regret_s7_f3"", ""use_fedheart"": true, ""num_classes"": 2, ""stratified_batching"": true, ""train_frac"": 0.8, ""group_max_train_samples"": [null, null, 20, 25], ""true_hetero_input_dim"": true, ""feature_mask"": [[0, 1, 2, 3, 5, 6, 7, 8, 9, 10], [0, 1, 2, 3, 5, 6, 11, 12], [0, 1, 2, 4, 5, 7, 11, 12], [0, 1, 2, 4, 5, 6, 8, 9, 10]], ""batch_size"": 64, ""num_workers"": 0, ""epochs"": 100, ""early_stopping_patience"": 30, ""lr"": 0.001, ""weight_decay"": 0.0001, ""optimizer"": ""adam"", ""grad_clip"": 1.0, ""lr_scheduler"": ""cosine"", ""lr_min"": 1e-05, ""latent_dim"": 64, ""head_hidden"": 32, ""groups"": [{""name"": ""cleveland"", ""encoder"": ""mlp_tabular_ln"", ""input_dim"": 10, ""hidden_dim"": 64, ""dropout"": 0.1}, {""name"": ""hungarian"", ""encoder"": ""mlp_tabular_ln"", ""input_dim"": 8, ""hidden_dim"": 64, ""dropout"": 0.1}, {""name"": ""switzerland"", ""encoder"": ""mlp_tabular_ln"", ""input_dim"": 8, ""hidden_dim"": 64, ""dropout"": 0.1}, {""name"": ""va_long_beach"", ""encoder"": ""mlp_tabular_ln"", ""input_dim"": 9, ""hidden_dim"": 64, ""dropout"": 0.1}], ""anchor_eps"": 0.0001, ""sep_samples_per_class"": 4, ""sep_method"": ""classifier"", ""sep_margin"": 1.0, ""lambda_fit"": 0.1, ""lambda_sep"": 0.1, ""groupdro_enabled"": true, ""groupdro_eta"": 0.02, ""groupdro_gamma"": 0.9, ""groupdro_update_mode"": ""exp"", ""groupdro_objective"": ""weighted"", ""groupdro_kl_lambda"": 0.0, ""groupdro_uniform_init"": false, ""log_interval"": 20, ""save_every"": 10, ""groupdro_ema_decay"": 0.9, ""groupdro_update_every"": 1, ""dro_signal"": ""val"", ""val_frac"": 0.15, ""impute_missing"": true, ""common_encoder"": false, ""use_regret"": true, ""optimal_losses"": [0.468332, 0.498132, 0.341179, 0.597641], ""data_split_seed"": 1003}","{""num_groups"": 4, ""num_classes"": 2, ""train_total"": 449, ""test_total"": 185, ""train_group_counts"": [205, 199, 20, 25], ""test_group_counts"": [61, 59, 25, 40], ""train_class_counts"": [251, 198], ""test_class_counts"": [83, 102], ""train_group_class_counts"": [[111, 94], [127, 72], [3, 17], [10, 15]], ""test_group_class_counts"": [[33, 28], [38, 21], [2, 23], [10, 30]], ""group_proportions"": [0.45657015590200445, 0.44320712694877507, 0.044543429844097995, 0.0556792873051225], ""val_group_counts"": [37, 36, 15, 24], ""val_total"": 112}","{""num_groups"": 4, ""eta"": 0.02, ""update_mode"": ""exp"", ""robust_objective"": ""weighted"", ""gamma"": 0.9, ""kl_lambda"": 0.0, ""initial_pi"": [0.4565701484680176, 0.44320711493492126, 0.04454343020915985, 0.055679287761449814]}",2026-09-15T20:45:00.781871,11,0.7499742356557695,0.8095238112808626,0.001,0.7837837837837838,0.7924722145040289,0.65,0.92,"[0.8032786885245902, 0.7966101694915254, 0.92, 0.65]","[0.483139270153202, 0.5023928539732755, 0.40669301569461824, 0.6565708890557289]","[0.8554216867469879, 0.7254901960784313]","[[0.9393939393939394, 0.6428571428571429], [0.9210526315789473, 0.5714285714285714], [0.0, 1.0], [0.5, 0.7]]","[61, 59, 25, 40]",0.783726911386486,"[0.7939189189189189, 0.7601626016260162, 0.4791666666666667, 0.5833333333333333]",0.4791666666666667,0.6565708890557289,0.6785714285714286,0.7003003003003003,0.5,0.9333333333333333,"[0.7567567567567568, 0.6111111111111112, 0.9333333333333333, 0.5]","[0.4863808130895769, 0.5993182758490244, 0.4628659109274546, 0.7284799218177795]","[0.66, 0.6935483870967742]","[[0.75, 0.7647058823529411], [0.782608695652174, 0.3076923076923077], [0.0, 1.0], [0.0, 0.6666666666666666]]","[37, 36, 15, 24]",0.6759884281581485,"[0.756043956043956, 0.5418181818181819, 0.4827586206896552, 0.3333333333333333]",0.3333333333333333,0.7284799218177795,"[0.45642778277397156, 0.44271349906921387, 0.04548562318086624, 0.05537309870123863]","[0.5219525950295585, 0.49364147015980314, 0.492792675892512, 0.5587935348351797]","[0.4565228521823883, 0.442702978849411, 0.04538414627313614, 0.055390097200870514]","[0.4565701484680176, 0.44320711493492126, 0.04454343020915985, 0.055679287761449814]",0.0
"{""run_name"": ""fedheart_exp_paper_hetagg_gdro"", ""seed"": 7, ""run_dir"": ""runs/fedheart_cv/Ours_Regret_s7_f3"", ""use_fedheart"": true, ""num_classes"": 2, ""stratified_batching"": true, ""train_frac"": 0.8, ""group_max_train_samples"": [null, null, 20, 25], ""true_hetero_input_dim"": true, ""feature_mask"": [[0, 1, 2, 3, 5, 6, 7, 8, 9, 10], [0, 1, 2, 3, 5, 6, 11, 12], [0, 1, 2, 4, 5, 7, 11, 12], [0, 1, 2, 4, 5, 6, 8, 9, 10]], ""batch_size"": 64, ""num_workers"": 0, ""epochs"": 100, ""early_stopping_patience"": 30, ""lr"": 0.001, ""weight_decay"": 0.0001, ""optimizer"": ""adam"", ""grad_clip"": 1.0, ""lr_scheduler"": ""cosine"", ""lr_min"": 1e-05, ""latent_dim"": 64, ""head_hidden"": 32, ""groups"": [{""name"": ""cleveland"", ""encoder"": ""mlp_tabular_ln"", ""input_dim"": 10, ""hidden_dim"": 64, ""dropout"": 0.1}, {""name"": ""hungarian"", ""encoder"": ""mlp_tabular_ln"", ""input_dim"": 8, ""hidden_dim"": 64, ""dropout"": 0.1}, {""name"": ""switzerland"", ""encoder"": ""mlp_tabular_ln"", ""input_dim"": 8, ""hidden_dim"": 64, ""dropout"": 0.1}, {""name"": ""va_long_beach"", ""encoder"": ""mlp_tabular_ln"", ""input_dim"": 9, ""hidden_dim"": 64, ""dropout"": 0.1}], ""anchor_eps"": 0.0001, ""sep_samples_per_class"": 4, ""sep_method"": ""classifier"", ""sep_margin"": 1.0, ""lambda_fit"": 0.1, ""lambda_sep"": 0.1, ""groupdro_enabled"": true, ""groupdro_eta"": 0.02, ""groupdro_gamma"": 0.9, ""groupdro_update_mode"": ""exp"", ""groupdro_objective"": ""weighted"", ""groupdro_kl_lambda"": 0.0, ""groupdro_uniform_init"": false, ""log_interval"": 20, ""save_every"": 10, ""groupdro_ema_decay"": 0.9, ""groupdro_update_every"": 1, ""dro_signal"": ""val"", ""val_frac"": 0.15, ""impute_missing"": true, ""common_encoder"": false, ""use_regret"": true, ""optimal_losses"": [0.468332, 0.498132, 0.341179, 0.597641], ""data_split_seed"": 1003}","{""num_groups"": 4, ""num_classes"": 2, ""train_total"": 449, ""test_total"": 185, ""train_group_counts"": [205, 199, 20, 25], ""test_group_counts"": [61, 59, 25, 40], ""train_class_counts"": [251, 198], ""test_class_counts"": [83, 102], ""train_group_class_counts"": [[111, 94], [127, 72], [3, 17], [10, 15]], ""test_group_class_counts"": [[33, 28], [38, 21], [2, 23], [10, 30]], ""group_proportions"": [0.45657015590200445, 0.44320712694877507, 0.044543429844097995, 0.0556792873051225], ""val_group_counts"": [37, 36, 15, 24], ""val_total"": 112}","{""num_groups"": 4, ""eta"": 0.02, ""update_mode"": ""exp"", ""robust_objective"": ""weighted"", ""gamma"": 0.9, ""kl_lambda"": 0.0, ""initial_pi"": [0.4565701484680176, 0.44320711493492126, 0.04454343020915985, 0.055679287761449814]}",2026-09-15T20:45:00.781871,12,0.6966117838072399,0.8140589558348363,0.001,0.7891891891891892,0.7964316476799111,0.65,0.92,"[0.8360655737704918, 0.7796610169491526, 0.92, 0.65]","[0.465893557081457, 0.4962954359539485, 0.3550197339057922, 0.6587807159870863]","[0.8674698795180723, 0.7254901960784313]","[[0.9696969696969697, 0.6785714285714286], [0.9210526315789473, 0.5238095238095238], [0.0, 1.0], [0.5, 0.7]]","[61, 59, 25, 40]",0.7891645480845095,"[0.8282657657657657, 0.7359724612736662, 0.4791666666666667, 0.5833333333333333]",0.4791666666666667,0.6587807159870863,0.6785714285714286,0.7003003003003003,0.5,0.9333333333333333,"[0.7567567567567568, 0.6111111111111112, 0.9333333333333333, 0.5]","[0.4830159468425287, 0.6057909607059426, 0.4068491627772649, 0.7584722451865673]","[0.66, 0.6935483870967742]","[[0.75, 0.7647058823529411], [0.782608695652174, 0.3076923076923077], [0.0, 1.0], [0.0, 0.6666666666666666]]","[37, 36, 15, 24]",0.6759884281581485,"[0.756043956043956, 0.5418181818181819, 0.4827586206896552, 0.3333333333333333]",0.3333333333333333,0.7584722451865673,"[0.45629510283470154, 0.44275960326194763, 0.04557708650827408, 0.055368270725011826]","[0.4789485973971231, 0.45760756731033325, 0.42094415922959644, 0.4577574133872986]","[0.45642778277397156, 0.44271349906921387, 0.04548562318086624, 0.05537309870123863]","[0.4565701484680176, 0.44320711493492126, 0.04454343020915985, 0.055679287761449814]",0.0
"{""run_name"": ""fedheart_exp_paper_hetagg_gdro"", ""seed"": 7, ""run_dir"": ""runs/fedheart_cv/Ours_Regret_s7_f3"", ""use_fedheart"": true, ""num_classes"": 2, ""stratified_batching"": true, ""train_frac"": 0.8, ""group_max_train_samples"": [null, null, 20, 25], ""true_hetero_input_dim"": true, ""feature_mask"": [[0, 1, 2, 3, 5, 6, 7, 8, 9, 10], [0, 1, 2, 3, 5, 6, 11, 12], [0, 1, 2, 4, 5, 7, 11, 12], [0, 1, 2, 4, 5, 6, 8, 9, 10]], ""batch_size"": 64, ""num_workers"": 0, ""epochs"": 100, ""early_stopping_patience"": 30, ""lr"": 0.001, ""weight_decay"": 0.0001, ""optimizer"": ""adam"", ""grad_clip"": 1.0, ""lr_scheduler"": ""cosine"", ""lr_min"": 1e-05, ""latent_dim"": 64, ""head_hidden"": 32, ""groups"": [{""name"": ""cleveland"", ""encoder"": ""mlp_tabular_ln"", ""input_dim"": 10, ""hidden_dim"": 64, ""dropout"": 0.1}, {""name"": ""hungarian"", ""encoder"": ""mlp_tabular_ln"", ""input_dim"": 8, ""hidden_dim"": 64, ""dropout"": 0.1}, {""name"": ""switzerland"", ""encoder"": ""mlp_tabular_ln"", ""input_dim"": 8, ""hidden_dim"": 64, ""dropout"": 0.1}, {""name"": ""va_long_beach"", ""encoder"": ""mlp_tabular_ln"", ""input_dim"": 9, ""hidden_dim"": 64, ""dropout"": 0.1}], ""anchor_eps"": 0.0001, ""sep_samples_per_class"": 4, ""sep_method"": ""classifier"", ""sep_margin"": 1.0, ""lambda_fit"": 0.1, ""lambda_sep"": 0.1, ""groupdro_enabled"": true, ""groupdro_eta"": 0.02, ""groupdro_gamma"": 0.9, ""groupdro_update_mode"": ""exp"", ""groupdro_objective"": ""weighted"", ""groupdro_kl_lambda"": 0.0, ""groupdro_uniform_init"": false, ""log_interval"": 20, ""save_every"": 10, ""groupdro_ema_decay"": 0.9, ""groupdro_update_every"": 1, ""dro_signal"": ""val"", ""val_frac"": 0.15, ""impute_missing"": true, ""common_encoder"": false, ""use_regret"": true, ""optimal_losses"": [0.468332, 0.498132, 0.341179, 0.597641], ""data_split_seed"": 1003}","{""num_groups"": 4, ""num_classes"": 2, ""train_total"": 449, ""test_total"": 185, ""train_group_counts"": [205, 199, 20, 25], ""test_group_counts"": [61, 59, 25, 40], ""train_class_counts"": [251, 198], ""test_class_counts"": [83, 102], ""train_group_class_counts"": [[111, 94], [127, 72], [3, 17], [10, 15]], ""test_group_class_counts"": [[33, 28], [38, 21], [2, 23], [10, 30]], ""group_proportions"": [0.45657015590200445, 0.44320712694877507, 0.044543429844097995, 0.0556792873051225], ""val_group_counts"": [37, 36, 15, 24], ""val_total"": 112}","{""num_groups"": 4, ""eta"": 0.02, ""update_mode"": ""exp"", ""robust_objective"": ""weighted"", ""gamma"": 0.9, ""kl_lambda"": 0.0, ""initial_pi"": [0.4565701484680176, 0.44320711493492126, 0.04454343020915985, 0.055679287761449814]}",2026-09-15T20:45:00.781871,13,0.6450289552714549,0.8435374186152503,0.001,0.7783783783783784,0.7882349263684357,0.65,0.92,"[0.8032786885245902, 0.7796610169491526, 0.92, 0.65]","[0.4502965056749641, 0.4940244850970931, 0.3377901542186737, 0.6612244963645935]","[0.8313253012048193, 0.7352941176470589]","[[0.8787878787878788, 0.7142857142857143], [0.9210526315789473, 0.5238095238095238], [0.0, 1.0], [0.5, 0.7]]","[61, 59, 25, 40]",0.7781450174032584,"[0.7989010989010988, 0.7359724612736662, 0.4791666666666667, 0.5833333333333333]",0.4791666666666667,0.6612244963645935,0.6785714285714286,0.700487987987988,0.5,0.9333333333333333,"[0.7297297297297297, 0.6388888888888888, 0.9333333333333333, 0.5]","[0.48012729109944524, 0.6106443411360184, 0.3983946224053701, 0.7808971342941126]","[0.64, 0.7096774193548387]","[[0.7, 0.7647058823529411], [0.782608695652174, 0.38461538461538464], [0.0, 1.0], [0.0, 0.6666666666666666]]","[37, 36, 15, 24]",0.6748387096774194,"[0.7295321637426899, 0.5847382431233363, 0.4827586206896552, 0.3333333333333333]",0.3333333333333333,0.7808971342941126,"[0.4561243951320648, 0.44284042716026306, 0.04565856605768204, 0.055376678705215454]","[0.44632659213883535, 0.43671793171337675, 0.3748530149459839, 0.3910216341416041]","[0.45629510283470154, 0.44275960326194763, 0.04557708650827408, 0.055368270725011826]","[0.4565701484680176, 0.44320711493492126, 0.04454343020915985, 0.055679287761449814]",0.0
"{""run_name"": ""fedheart_exp_paper_hetagg_gdro"", ""seed"": 7, ""run_dir"": ""runs/fedheart_cv/Ours_Regret_s7_f3"", ""use_fedheart"": true, ""num_classes"": 2, ""stratified_batching"": true, ""train_frac"": 0.8, ""group_max_train_samples"": [null, null, 20, 25], ""true_hetero_input_dim"": true, ""feature_mask"": [[0, 1, 2, 3, 5, 6, 7, 8, 9, 10], [0, 1, 2, 3, 5, 6, 11, 12], [0, 1, 2, 4, 5, 7, 11, 12], [0, 1, 2, 4, 5, 6, 8, 9, 10]], ""batch_size"": 64, ""num_workers"": 0, ""epochs"": 100, ""early_stopping_patience"": 30, ""lr"": 0.001, ""weight_decay"": 0.0001, ""optimizer"": ""adam"", ""grad_clip"": 1.0, ""lr_scheduler"": ""cosine"", ""lr_min"": 1e-05, ""latent_dim"": 64, ""head_hidden"": 32, ""groups"": [{""name"": ""cleveland"", ""encoder"": ""mlp_tabular_ln"", ""input_dim"": 10, ""hidden_dim"": 64, ""dropout"": 0.1}, {""name"": ""hungarian"", ""encoder"": ""mlp_tabular_ln"", ""input_dim"": 8, ""hidden_dim"": 64, ""dropout"": 0.1}, {""name"": ""switzerland"", ""encoder"": ""mlp_tabular_ln"", ""input_dim"": 8, ""hidden_dim"": 64, ""dropout"": 0.1}, {""name"": ""va_long_beach"", ""encoder"": ""mlp_tabular_ln"", ""input_dim"": 9, ""hidden_dim"": 64, ""dropout"": 0.1}], ""anchor_eps"": 0.0001, ""sep_samples_per_class"": 4, ""sep_method"": ""classifier"", ""sep_margin"": 1.0, ""lambda_fit"": 0.1, ""lambda_sep"": 0.1, ""groupdro_enabled"": true, ""groupdro_eta"": 0.02, ""groupdro_gamma"": 0.9, ""groupdro_update_mode"": ""exp"", ""groupdro_objective"": ""weighted"", ""groupdro_kl_lambda"": 0.0, ""groupdro_uniform_init"": false, ""log_interval"": 20, ""save_every"": 10, ""groupdro_ema_decay"": 0.9, ""groupdro_update_every"": 1, ""dro_signal"": ""val"", ""val_frac"": 0.15, ""impute_missing"": true, ""common_encoder"": false, ""use_regret"": true, ""optimal_losses"": [0.468332, 0.498132, 0.341179, 0.597641], ""data_split_seed"": 1003}","{""num_groups"": 4, ""num_classes"": 2, ""train_total"": 449, ""test_total"": 185, ""train_group_counts"": [205, 199, 20, 25], ""test_group_counts"": [61, 59, 25, 40], ""train_class_counts"": [251, 198], ""test_class_counts"": [83, 102], ""train_group_class_counts"": [[111, 94], [127, 72], [3, 17], [10, 15]], ""test_group_class_counts"": [[33, 28], [38, 21], [2, 23], [10, 30]], ""group_proportions"": [0.45657015590200445, 0.44320712694877507, 0.044543429844097995, 0.0556792873051225], ""val_group_counts"": [37, 36, 15, 24], ""val_total"": 112}","{""num_groups"": 4, ""eta"": 0.02, ""update_mode"": ""exp"", ""robust_objective"": ""weighted"", ""gamma"": 0.9, ""kl_lambda"": 0.0, ""initial_pi"": [0.4565701484680176, 0.44320711493492126, 0.04454343020915985, 0.055679287761449814]}",2026-09-15T20:45:00.781871,14,0.6292816655976432,0.8299319754922742,0.001,0.7891891891891892,0.7942800083356488,0.625,0.92,"[0.8524590163934426, 0.7796610169491526, 0.92, 0.625]","[0.4459864186947463, 0.4903878592333551, 0.3260438704490662, 0.6939044749364257]","[0.8674698795180723, 0.7254901960784313]","[[0.9696969696969697, 0.7142857142857143], [0.9210526315789473, 0.5238095238095238], [0.0, 1.0], [0.5, 0.6666666666666666]]","[61, 59, 25, 40]",0.7891645480845095,"[0.8465194296896841, 0.7359724612736662, 0.4791666666666667, 0.5636363636363636]",0.4791666666666667,0.6939044749364257,0.6785714285714286,0.700487987987988,0.5,0.9333333333333333,"[0.7297297297297297, 0.6388888888888888, 0.9333333333333333, 0.5]","[0.4814026150349024, 0.6228651807953914, 0.3932013134161631, 0.813163049519062]","[0.64, 0.7096774193548387]","[[0.7, 0.7647058823529411], [0.782608695652174, 0.38461538461538464], [0.0, 1.0], [0.0, 0.6666666666666666]]","[37, 36, 15, 24]",0.6748387096774194,"[0.7295321637426899, 0.5847382431233363, 0.4827586206896552, 0.3333333333333333]",0.3333333333333333,0.813163049519062,"[0.4559137225151062, 0.44295668601989746, 0.045729860663414, 0.05539974570274353]","[0.4640061685017177, 0.44120331747191294, 0.3210022921363513, 0.3674018159508705]","[0.4561243951320648, 0.44284042716026306, 0.04565856605768204, 0.055376678705215454]","[0.4565701484680176, 0.44320711493492126, 0.04454343020915985, 0.055679287761449814]",0.0
"{""run_name"": ""fedheart_exp_paper_hetagg_gdro"", ""seed"": 7, ""run_dir"": ""runs/fedheart_cv/Ours_Regret_s7_f3"", ""use_fedheart"": true, ""num_classes"": 2, ""stratified_batching"": true, ""train_frac"": 0.8, ""group_max_train_samples"": [null, null, 20, 25], ""true_hetero_input_dim"": true, ""feature_mask"": [[0, 1, 2, 3, 5, 6, 7, 8, 9, 10], [0, 1, 2, 3, 5, 6, 11, 12], [0, 1, 2, 4, 5, 7, 11, 12], [0, 1, 2, 4, 5, 6, 8, 9, 10]], ""batch_size"": 64, ""num_workers"": 0, ""epochs"": 100, ""early_stopping_patience"": 30, ""lr"": 0.001, ""weight_decay"": 0.0001, ""optimizer"": ""adam"", ""grad_clip"": 1.0, ""lr_scheduler"": ""cosine"", ""lr_min"": 1e-05, ""latent_dim"": 64, ""head_hidden"": 32, ""groups"": [{""name"": ""cleveland"", ""encoder"": ""mlp_tabular_ln"", ""input_dim"": 10, ""hidden_dim"": 64, ""dropout"": 0.1}, {""name"": ""hungarian"", ""encoder"": ""mlp_tabular_ln"", ""input_dim"": 8, ""hidden_dim"": 64, ""dropout"": 0.1}, {""name"": ""switzerland"", ""encoder"": ""mlp_tabular_ln"", ""input_dim"": 8, ""hidden_dim"": 64, ""dropout"": 0.1}, {""name"": ""va_long_beach"", ""encoder"": ""mlp_tabular_ln"", ""input_dim"": 9, ""hidden_dim"": 64, ""dropout"": 0.1}], ""anchor_eps"": 0.0001, ""sep_samples_per_class"": 4, ""sep_method"": ""classifier"", ""sep_margin"": 1.0, ""lambda_fit"": 0.1, ""lambda_sep"": 0.1, ""groupdro_enabled"": true, ""groupdro_eta"": 0.02, ""groupdro_gamma"": 0.9, ""groupdro_update_mode"": ""exp"", ""groupdro_objective"": ""weighted"", ""groupdro_kl_lambda"": 0.0, ""groupdro_uniform_init"": false, ""log_interval"": 20, ""save_every"": 10, ""groupdro_ema_decay"": 0.9, ""groupdro_update_every"": 1, ""dro_signal"": ""val"", ""val_frac"": 0.15, ""impute_missing"": true, ""common_encoder"": false, ""use_regret"": true, ""optimal_losses"": [0.468332, 0.498132, 0.341179, 0.597641], ""data_split_seed"": 1003}","{""num_groups"": 4, ""num_classes"": 2, ""train_total"": 449, ""test_total"": 185, ""train_group_counts"": [205, 199, 20, 25], ""test_group_counts"": [61, 59, 25, 40], ""train_class_counts"": [251, 198], ""test_class_counts"": [83, 102], ""train_group_class_counts"": [[111, 94], [127, 72], [3, 17], [10, 15]], ""test_group_class_counts"": [[33, 28], [38, 21], [2, 23], [10, 30]], ""group_proportions"": [0.45657015590200445, 0.44320712694877507, 0.044543429844097995, 0.0556792873051225], ""val_group_counts"": [37, 36, 15, 24], ""val_total"": 112}","{""num_groups"": 4, ""eta"": 0.02, ""update_mode"": ""exp"", ""robust_objective"": ""weighted"", ""gamma"": 0.9, ""kl_lambda"": 0.0, ""initial_pi"": [0.4565701484680176, 0.44320711493492126, 0.04454343020915985, 0.055679287761449814]}",2026-09-15T20:45:00.781871,15,0.6023532627931798,0.8140589596192582,0.001,0.7945945945945946,0.7986562239510976,0.625,0.92,"[0.8360655737704918, 0.8135593220338984, 0.92, 0.625]","[0.43657995650514225, 0.487725989798368, 0.3329677045345306, 0.7168368447571993]","[0.8554216867469879, 0.7450980392156863]","[[0.9393939393939394, 0.7142857142857143], [0.9210526315789473, 0.6190476190476191], [0.0, 1.0], [0.5, 0.6666666666666666]]","[61, 59, 25, 40]",0.7944444444444445,"[0.8305555555555556, 0.78345011678345, 0.4791666666666667, 0.5636363636363636]",0.4791666666666667,0.7168368447571993,0.6875,0.7074324324324324,0.5,0.9333333333333333,"[0.7297297297297297, 0.6666666666666666, 0.9333333333333333, 0.5]","[0.47684001056729136, 0.6219321969482634, 0.4147803604602814, 0.8280627457424998]","[0.64, 0.7258064516129032]","[[0.7, 0.7647058823529411], [0.782608695652174, 0.46153846153846156], [0.0, 1.0], [0.0, 0.6666666666666666]]","[37, 36, 15, 24]",0.6832323232323232,"[0.7295321637426899, 0.6249999999999999, 0.4827586206896552, 0.3333333333333333]",0.3333333333333333,0.8280627457424998,"[0.45566365122795105, 0.4431045949459076, 0.04579399898648262, 0.05543774366378784]","[0.4540746510028839, 0.43412698592458454, 0.36355791985988617, 0.38143184036016464]","[0.4559137225151062, 0.44295668601989746, 0.045729860663414, 0.05539974570274353]","[0.4565701484680176, 0.44320711493492126, 0.04454343020915985, 0.055679287761449814]",0.0
"{""run_name"": ""fedheart_exp_paper_hetagg_gdro"", ""seed"": 7, ""run_dir"": ""runs/fedheart_cv/Ours_Regret_s7_f3"", ""use_fedheart"": true, ""num_classes"": 2, ""stratified_batching"": true, ""train_frac"": 0.8, ""group_max_train_samples"": [null, null, 20, 25], ""true_hetero_input_dim"": true, ""feature_mask"": [[0, 1, 2, 3, 5, 6, 7, 8, 9, 10], [0, 1, 2, 3, 5, 6, 11, 12], [0, 1, 2, 4, 5, 7, 11, 12], [0, 1, 2, 4, 5, 6, 8, 9, 10]], ""batch_size"": 64, ""num_workers"": 0, ""epochs"": 100, ""early_stopping_patience"": 30, ""lr"": 0.001, ""weight_decay"": 0.0001, ""optimizer"": ""adam"", ""grad_clip"": 1.0, ""lr_scheduler"": ""cosine"", ""lr_min"": 1e-05, ""latent_dim"": 64, ""head_hidden"": 32, ""groups"": [{""name"": ""cleveland"", ""encoder"": ""mlp_tabular_ln"", ""input_dim"": 10, ""hidden_dim"": 64, ""dropout"": 0.1}, {""name"": ""hungarian"", ""encoder"": ""mlp_tabular_ln"", ""input_dim"": 8, ""hidden_dim"": 64, ""dropout"": 0.1}, {""name"": ""switzerland"", ""encoder"": ""mlp_tabular_ln"", ""input_dim"": 8, ""hidden_dim"": 64, ""dropout"": 0.1}, {""name"": ""va_long_beach"", ""encoder"": ""mlp_tabular_ln"", ""input_dim"": 9, ""hidden_dim"": 64, ""dropout"": 0.1}], ""anchor_eps"": 0.0001, ""sep_samples_per_class"": 4, ""sep_method"": ""classifier"", ""sep_margin"": 1.0, ""lambda_fit"": 0.1, ""lambda_sep"": 0.1, ""groupdro_enabled"": true, ""groupdro_eta"": 0.02, ""groupdro_gamma"": 0.9, ""groupdro_update_mode"": ""exp"", ""groupdro_objective"": ""weighted"", ""groupdro_kl_lambda"": 0.0, ""groupdro_uniform_init"": false, ""log_interval"": 20, ""save_every"": 10, ""groupdro_ema_decay"": 0.9, ""groupdro_update_every"": 1, ""dro_signal"": ""val"", ""val_frac"": 0.15, ""impute_missing"": true, ""common_encoder"": false, ""use_regret"": true, ""optimal_losses"": [0.468332, 0.498132, 0.341179, 0.597641], ""data_split_seed"": 1003}","{""num_groups"": 4, ""num_classes"": 2, ""train_total"": 449, ""test_total"": 185, ""train_group_counts"": [205, 199, 20, 25], ""test_group_counts"": [61, 59, 25, 40], ""train_class_counts"": [251, 198], ""test_class_counts"": [83, 102], ""train_group_class_counts"": [[111, 94], [127, 72], [3, 17], [10, 15]], ""test_group_class_counts"": [[33, 28], [38, 21], [2, 23], [10, 30]], ""group_proportions"": [0.45657015590200445, 0.44320712694877507, 0.044543429844097995, 0.0556792873051225], ""val_group_counts"": [37, 36, 15, 24], ""val_total"": 112}","{""num_groups"": 4, ""eta"": 0.02, ""update_mode"": ""exp"", ""robust_objective"": ""weighted"", ""gamma"": 0.9, ""kl_lambda"": 0.0, ""initial_pi"": [0.4565701484680176, 0.44320711493492126, 0.04454343020915985, 0.055679287761449814]}",2026-09-15T20:45:00.781871,16,0.559104544100037,0.8390022683846436,0.001,0.772972972972973,0.7819849263684358,0.625,0.92,"[0.8032786885245902, 0.7796610169491526, 0.92, 0.625]","[0.4146092358182688, 0.5005545819462356, 0.31513799756765365, 0.7279779279604555]","[0.8192771084337349, 0.7352941176470589]","[[0.8484848484848485, 0.75], [0.9210526315789473, 0.5238095238095238], [0.0, 1.0], [0.5, 0.6666666666666666]]","[61, 59, 25, 40]",0.7726474719101124,"[0.8006535947712419, 0.7359724612736662, 0.4791666666666667, 0.5636363636363636]",0.4791666666666667,0.7279779279604555,0.7053571428571429,0.720945945945946,0.5,0.9333333333333333,"[0.7837837837837838, 0.6666666666666666, 0.9333333333333333, 0.5]","[0.4528579834747959, 0.6359709538519382, 0.38990299999713895, 0.8471128831927975]","[0.64, 0.7580645161290323]","[[0.7, 0.8823529411764706], [0.782608695652174, 0.46153846153846156], [0.0, 1.0], [0.0, 0.6666666666666666]]","[37, 36, 15, 24]",0.6999756473739751,"[0.7836257309941519, 0.6249999999999999, 0.4827586206896552, 0.3333333333333333]",0.3333333333333333,0.8471128831927975,"[0.4553605914115906, 0.4432976543903351, 0.04584982618689537, 0.055491853505373]","[0.43334690587861197, 0.41938604201589313, 0.2704239636659622, 0.2989086906115214]","[0.45566365122795105, 0.4431045949459076, 0.04579399898648262, 0.05543774366378784]","[0.4565701484680176, 0.44320711493492126, 0.04454343020915985, 0.055679287761449814]",0.0
"{""run_name"": ""fedheart_exp_paper_hetagg_gdro"", ""seed"": 7, ""run_dir"": ""runs/fedheart_cv/Ours_Regret_s7_f3"", ""use_fedheart"": true, ""num_classes"": 2, ""stratified_batching"": true, ""train_frac"": 0.8, ""group_max_train_samples"": [null, null, 20, 25], ""true_hetero_input_dim"": true, ""feature_mask"": [[0, 1, 2, 3, 5, 6, 7, 8, 9, 10], [0, 1, 2, 3, 5, 6, 11, 12], [0, 1, 2, 4, 5, 7, 11, 12], [0, 1, 2, 4, 5, 6, 8, 9, 10]], ""batch_size"": 64, ""num_workers"": 0, ""epochs"": 100, ""early_stopping_patience"": 30, ""lr"": 0.001, ""weight_decay"": 0.0001, ""optimizer"": ""adam"", ""grad_clip"": 1.0, ""lr_scheduler"": ""cosine"", ""lr_min"": 1e-05, ""latent_dim"": 64, ""head_hidden"": 32, ""groups"": [{""name"": ""cleveland"", ""encoder"": ""mlp_tabular_ln"", ""input_dim"": 10, ""hidden_dim"": 64, ""dropout"": 0.1}, {""name"": ""hungarian"", ""encoder"": ""mlp_tabular_ln"", ""input_dim"": 8, ""hidden_dim"": 64, ""dropout"": 0.1}, {""name"": ""switzerland"", ""encoder"": ""mlp_tabular_ln"", ""input_dim"": 8, ""hidden_dim"": 64, ""dropout"": 0.1}, {""name"": ""va_long_beach"", ""encoder"": ""mlp_tabular_ln"", ""input_dim"": 9, ""hidden_dim"": 64, ""dropout"": 0.1}], ""anchor_eps"": 0.0001, ""sep_samples_per_class"": 4, ""sep_method"": ""classifier"", ""sep_margin"": 1.0, ""lambda_fit"": 0.1, ""lambda_sep"": 0.1, ""groupdro_enabled"": true, ""groupdro_eta"": 0.02, ""groupdro_gamma"": 0.9, ""groupdro_update_mode"": ""exp"", ""groupdro_objective"": ""weighted"", ""groupdro_kl_lambda"": 0.0, ""groupdro_uniform_init"": false, ""log_interval"": 20, ""save_every"": 10, ""groupdro_ema_decay"": 0.9, ""groupdro_update_every"": 1, ""dro_signal"": ""val"", ""val_frac"": 0.15, ""impute_missing"": true, ""common_encoder"": false, ""use_regret"": true, ""optimal_losses"": [0.468332, 0.498132, 0.341179, 0.597641], ""data_split_seed"": 1003}","{""num_groups"": 4, ""num_classes"": 2, ""train_total"": 449, ""test_total"": 185, ""train_group_counts"": [205, 199, 20, 25], ""test_group_counts"": [61, 59, 25, 40], ""train_class_counts"": [251, 198], ""test_class_counts"": [83, 102], ""train_group_class_counts"": [[111, 94], [127, 72], [3, 17], [10, 15]], ""test_group_class_counts"": [[33, 28], [38, 21], [2, 23], [10, 30]], ""group_proportions"": [0.45657015590200445, 0.44320712694877507, 0.044543429844097995, 0.0556792873051225], ""val_group_counts"": [37, 36, 15, 24], ""val_total"": 112}","{""num_groups"": 4, ""eta"": 0.02, ""update_mode"": ""exp"", ""robust_objective"": ""weighted"", ""gamma"": 0.9, ""kl_lambda"": 0.0, ""initial_pi"": [0.4565701484680176, 0.44320711493492126, 0.04454343020915985, 0.055679287761449814]}",2026-09-15T20:45:00.781871,17,0.5494331745874315,0.8390022644650639,0.001,0.7945945945945946,0.8026816476799111,0.675,0.92,"[0.8360655737704918, 0.7796610169491526, 0.92, 0.675]","[0.40953442442124005, 0.5157149303388797, 0.3124008810520172, 0.7166224514134228]","[0.8313253012048193, 0.7647058823529411]","[[0.9090909090909091, 0.75], [0.9210526315789473, 0.5238095238095238], [0.0, 1.0], [0.4, 0.7666666666666667]]","[61, 59, 25, 40]",0.7941073102155577,"[0.8324175824175823, 0.7359724612736662, 0.4791666666666667, 0.5803066989507668]",0.4791666666666667,0.7166224514134228,0.7232142857142857,0.7489114114114114,0.6388888888888888,0.9333333333333333,"[0.7567567567567568, 0.6388888888888888, 0.9333333333333333, 0.6666666666666666]","[0.45219619411068995, 0.6572062641175257, 0.3958284964164098, 0.8537152806917826]","[0.64, 0.7903225806451613]","[[0.7, 0.8235294117647058], [0.782608695652174, 0.38461538461538464], [0.0, 1.0], [0.0, 0.8888888888888888]]","[37, 36, 15, 24]",0.716687066503468,"[0.7567567567567567, 0.5847382431233363, 0.4827586206896552, 0.39999999999999997]",0.39999999999999997,0.8537152806917826,"[0.45500051975250244, 0.44354158639907837, 0.045897796750068665, 0.0555601567029953]","[0.43448246802602497, 0.4309109279087612, 0.342998955398798, 0.2817286128799121]","[0.4553605914115906, 0.4432976543903351, 0.04584982618689537, 0.055491853505373]","[0.4565701484680176, 0.44320711493492126, 0.04454343020915985, 0.055679287761449814]",0.0
"{""run_name"": ""fedheart_exp_paper_hetagg_gdro"", ""seed"": 7, ""run_dir"": ""runs/fedheart_cv/Ours_Regret_s7_f3"", ""use_fedheart"": true, ""num_classes"": 2, ""stratified_batching"": true, ""train_frac"": 0.8, ""group_max_train_samples"": [null, null, 20, 25], ""true_hetero_input_dim"": true, ""feature_mask"": [[0, 1, 2, 3, 5, 6, 7, 8, 9, 10], [0, 1, 2, 3, 5, 6, 11, 12], [0, 1, 2, 4, 5, 7, 11, 12], [0, 1, 2, 4, 5, 6, 8, 9, 10]], ""batch_size"": 64, ""num_workers"": 0, ""epochs"": 100, ""early_stopping_patience"": 30, ""lr"": 0.001, ""weight_decay"": 0.0001, ""optimizer"": ""adam"", ""grad_clip"": 1.0, ""lr_scheduler"": ""cosine"", ""lr_min"": 1e-05, ""latent_dim"": 64, ""head_hidden"": 32, ""groups"": [{""name"": ""cleveland"", ""encoder"": ""mlp_tabular_ln"", ""input_dim"": 10, ""hidden_dim"": 64, ""dropout"": 0.1}, {""name"": ""hungarian"", ""encoder"": ""mlp_tabular_ln"", ""input_dim"": 8, ""hidden_dim"": 64, ""dropout"": 0.1}, {""name"": ""switzerland"", ""encoder"": ""mlp_tabular_ln"", ""input_dim"": 8, ""hidden_dim"": 64, ""dropout"": 0.1}, {""name"": ""va_long_beach"", ""encoder"": ""mlp_tabular_ln"", ""input_dim"": 9, ""hidden_dim"": 64, ""dropout"": 0.1}], ""anchor_eps"": 0.0001, ""sep_samples_per_class"": 4, ""sep_method"": ""classifier"", ""sep_margin"": 1.0, ""lambda_fit"": 0.1, ""lambda_sep"": 0.1, ""groupdro_enabled"": true, ""groupdro_eta"": 0.02, ""groupdro_gamma"": 0.9, ""groupdro_update_mode"": ""exp"", ""groupdro_objective"": ""weighted"", ""groupdro_kl_lambda"": 0.0, ""groupdro_uniform_init"": false, ""log_interval"": 20, ""save_every"": 10, ""groupdro_ema_decay"": 0.9, ""groupdro_update_every"": 1, ""dro_signal"": ""val"", ""val_frac"": 0.15, ""impute_missing"": true, ""common_encoder"": false, ""use_regret"": true, ""optimal_losses"": [0.468332, 0.498132, 0.341179, 0.597641], ""data_split_seed"": 1003}","{""num_groups"": 4, ""num_classes"": 2, ""train_total"": 449, ""test_total"": 185, ""train_group_counts"": [205, 199, 20, 25], ""test_group_counts"": [61, 59, 25, 40], ""train_class_counts"": [251, 198], ""test_class_counts"": [83, 102], ""train_group_class_counts"": [[111, 94], [127, 72], [3, 17], [10, 15]], ""test_group_class_counts"": [[33, 28], [38, 21], [2, 23], [10, 30]], ""group_proportions"": [0.45657015590200445, 0.44320712694877507, 0.044543429844097995, 0.0556792873051225], ""val_group_counts"": [37, 36, 15, 24], ""val_total"": 112}","{""num_groups"": 4, ""eta"": 0.02, ""update_mode"": ""exp"", ""robust_objective"": ""weighted"", ""gamma"": 0.9, ""kl_lambda"": 0.0, ""initial_pi"": [0.4565701484680176, 0.44320711493492126, 0.04454343020915985, 0.055679287761449814]}",2026-09-15T20:45:00.781871,18,0.495432883298316,0.8616780043999894,0.001,0.8,0.804767296471242,0.65,0.92,"[0.8524590163934426, 0.7966101694915254, 0.92, 0.65]","[0.41778723022244013, 0.5107720953933264, 0.2929383435845375, 0.7495228500105441]","[0.8192771084337349, 0.7843137254901961]","[[0.9393939393939394, 0.75], [0.8947368421052632, 0.6190476190476191], [0.0, 1.0], [0.3, 0.7666666666666667]]","[61, 59, 25, 40]",0.7991549543734046,"[0.848384424192212, 0.7671052631578947, 0.4791666666666667, 0.5333333333333333]",0.4791666666666667,0.7495228500105441,0.7232142857142857,0.7490990990990991,0.6666666666666666,0.9333333333333333,"[0.7297297297297297, 0.6666666666666666, 0.9333333333333333, 0.6666666666666666]","[0.46745478442391836, 0.6661026708574759, 0.3728062093257904, 0.8809605239269634]","[0.64, 0.7903225806451613]","[[0.7, 0.7647058823529411], [0.782608695652174, 0.46153846153846156], [0.0, 1.0], [0.0, 0.8888888888888888]]","[37, 36, 15, 24]",0.716687066503468,"[0.7295321637426899, 0.6249999999999999, 0.4827586206896552, 0.39999999999999997]",0.39999999999999997,0.8809605239269634,"[0.4545924961566925, 0.4438289701938629, 0.0459354929625988, 0.05564301460981369]","[0.39259701115744455, 0.3874058425426483, 0.241258026411136, 0.2763184830546379]","[0.45500051975250244, 0.44354158639907837, 0.045897796750068665, 0.0555601567029953]","[0.4565701484680176, 0.44320711493492126, 0.04454343020915985, 0.055679287761449814]",0.0
"{""run_name"": ""fedheart_exp_paper_hetagg_gdro"", ""seed"": 7, ""run_dir"": ""runs/fedheart_cv/Ours_Regret_s7_f3"", ""use_fedheart"": true, ""num_classes"": 2, ""stratified_batching"": true, ""train_frac"": 0.8, ""group_max_train_samples"": [null, null, 20, 25], ""true_hetero_input_dim"": true, ""feature_mask"": [[0, 1, 2, 3, 5, 6, 7, 8, 9, 10], [0, 1, 2, 3, 5, 6, 11, 12], [0, 1, 2, 4, 5, 7, 11, 12], [0, 1, 2, 4, 5, 6, 8, 9, 10]], ""batch_size"": 64, ""num_workers"": 0, ""epochs"": 100, ""early_stopping_patience"": 30, ""lr"": 0.001, ""weight_decay"": 0.0001, ""optimizer"": ""adam"", ""grad_clip"": 1.0, ""lr_scheduler"": ""cosine"", ""lr_min"": 1e-05, ""latent_dim"": 64, ""head_hidden"": 32, ""groups"": [{""name"": ""cleveland"", ""encoder"": ""mlp_tabular_ln"", ""input_dim"": 10, ""hidden_dim"": 64, ""dropout"": 0.1}, {""name"": ""hungarian"", ""encoder"": ""mlp_tabular_ln"", ""input_dim"": 8, ""hidden_dim"": 64, ""dropout"": 0.1}, {""name"": ""switzerland"", ""encoder"": ""mlp_tabular_ln"", ""input_dim"": 8, ""hidden_dim"": 64, ""dropout"": 0.1}, {""name"": ""va_long_beach"", ""encoder"": ""mlp_tabular_ln"", ""input_dim"": 9, ""hidden_dim"": 64, ""dropout"": 0.1}], ""anchor_eps"": 0.0001, ""sep_samples_per_class"": 4, ""sep_method"": ""classifier"", ""sep_margin"": 1.0, ""lambda_fit"": 0.1, ""lambda_sep"": 0.1, ""groupdro_enabled"": true, ""groupdro_eta"": 0.02, ""groupdro_gamma"": 0.9, ""groupdro_update_mode"": ""exp"", ""groupdro_objective"": ""weighted"", ""groupdro_kl_lambda"": 0.0, ""groupdro_uniform_init"": false, ""log_interval"": 20, ""save_every"": 10, ""groupdro_ema_decay"": 0.9, ""groupdro_update_every"": 1, ""dro_signal"": ""val"", ""val_frac"": 0.15, ""impute_missing"": true, ""common_encoder"": false, ""use_regret"": true, ""optimal_losses"": [0.468332, 0.498132, 0.341179, 0.597641], ""data_split_seed"": 1003}","{""num_groups"": 4, ""num_classes"": 2, ""train_total"": 449, ""test_total"": 185, ""train_group_counts"": [205, 199, 20, 25], ""test_group_counts"": [61, 59, 25, 40], ""train_class_counts"": [251, 198], ""test_class_counts"": [83, 102], ""train_group_class_counts"": [[111, 94], [127, 72], [3, 17], [10, 15]], ""test_group_class_counts"": [[33, 28], [38, 21], [2, 23], [10, 30]], ""group_proportions"": [0.45657015590200445, 0.44320712694877507, 0.044543429844097995, 0.0556792873051225], ""val_group_counts"": [37, 36, 15, 24], ""val_total"": 112}","{""num_groups"": 4, ""eta"": 0.02, ""update_mode"": ""exp"", ""robust_objective"": ""weighted"", ""gamma"": 0.9, ""kl_lambda"": 0.0, ""initial_pi"": [0.4565701484680176, 0.44320711493492126, 0.04454343020915985, 0.055679287761449814]}",2026-09-15T20:45:00.781871,19,0.47785976360173993,0.8639455799883455,0.001,0.7837837837837838,0.7880300083356488,0.6,0.92,"[0.8524590163934426, 0.7796610169491526, 0.92, 0.6]","[0.41367621903048185, 0.5245788440865985, 0.27945930674672126, 0.8504316542297602]","[0.8433734939759037, 0.7352941176470589]","[[0.9393939393939394, 0.75], [0.9210526315789473, 0.5238095238095238], [0.0, 1.0], [0.4, 0.6666666666666666]]","[61, 59, 25, 40]",0.7836257309941521,"[0.848384424192212, 0.7359724612736662, 0.4791666666666667, 0.5238095238095237]",0.4791666666666667,0.8504316542297602,0.6964285714285714,0.7178490990990991,0.5416666666666666,0.9333333333333333,"[0.7297297297297297, 0.6666666666666666, 0.9333333333333333, 0.5416666666666666]","[0.46285455422224225, 0.6751709621813562, 0.3220975105961164, 0.9292089324444532]","[0.64, 0.7419354838709677]","[[0.7, 0.7647058823529411], [0.782608695652174, 0.46153846153846156], [0.0, 1.0], [0.0, 0.7222222222222222]]","[37, 36, 15, 24]",0.691609977324263,"[0.7295321637426899, 0.6249999999999999, 0.4827586206896552, 0.35135135135135137]",0.35135135135135137,0.9292089324444532,"[0.4541352391242981, 0.4441615343093872, 0.045959051698446274, 0.05574417859315872]","[0.39693316391536165, 0.38331903304372517, 0.2233093368510405, 0.23754844814538956]","[0.4545924961566925, 0.4438289701938629, 0.0459354929625988, 0.05564301460981369]","[0.4565701484680176, 0.44320711493492126, 0.04454343020915985, 0.055679287761449814]",0.0
"{""run_name"": ""fedheart_exp_paper_hetagg_gdro"", ""seed"": 7, ""run_dir"": ""runs/fedheart_cv/Ours_Regret_s7_f3"", ""use_fedheart"": true, ""num_classes"": 2, ""stratified_batching"": true, ""train_frac"": 0.8, ""group_max_train_samples"": [null, null, 20, 25], ""true_hetero_input_dim"": true, ""feature_mask"": [[0, 1, 2, 3, 5, 6, 7, 8, 9, 10], [0, 1, 2, 3, 5, 6, 11, 12], [0, 1, 2, 4, 5, 7, 11, 12], [0, 1, 2, 4, 5, 6, 8, 9, 10]], ""batch_size"": 64, ""num_workers"": 0, ""epochs"": 100, ""early_stopping_patience"": 30, ""lr"": 0.001, ""weight_decay"": 0.0001, ""optimizer"": ""adam"", ""grad_clip"": 1.0, ""lr_scheduler"": ""cosine"", ""lr_min"": 1e-05, ""latent_dim"": 64, ""head_hidden"": 32, ""groups"": [{""name"": ""cleveland"", ""encoder"": ""mlp_tabular_ln"", ""input_dim"": 10, ""hidden_dim"": 64, ""dropout"": 0.1}, {""name"": ""hungarian"", ""encoder"": ""mlp_tabular_ln"", ""input_dim"": 8, ""hidden_dim"": 64, ""dropout"": 0.1}, {""name"": ""switzerland"", ""encoder"": ""mlp_tabular_ln"", ""input_dim"": 8, ""hidden_dim"": 64, ""dropout"": 0.1}, {""name"": ""va_long_beach"", ""encoder"": ""mlp_tabular_ln"", ""input_dim"": 9, ""hidden_dim"": 64, ""dropout"": 0.1}], ""anchor_eps"": 0.0001, ""sep_samples_per_class"": 4, ""sep_method"": ""classifier"", ""sep_margin"": 1.0, ""lambda_fit"": 0.1, ""lambda_sep"": 0.1, ""groupdro_enabled"": true, ""groupdro_eta"": 0.02, ""groupdro_gamma"": 0.9, ""groupdro_update_mode"": ""exp"", ""groupdro_objective"": ""weighted"", ""groupdro_kl_lambda"": 0.0, ""groupdro_uniform_init"": false, ""log_interval"": 20, ""save_every"": 10, ""groupdro_ema_decay"": 0.9, ""groupdro_update_every"": 1, ""dro_signal"": ""val"", ""val_frac"": 0.15, ""impute_missing"": true, ""common_encoder"": false, ""use_regret"": true, ""optimal_losses"": [0.468332, 0.498132, 0.341179, 0.597641], ""data_split_seed"": 1003}","{""num_groups"": 4, ""num_classes"": 2, ""train_total"": 449, ""test_total"": 185, ""train_group_counts"": [205, 199, 20, 25], ""test_group_counts"": [61, 59, 25, 40], ""train_class_counts"": [251, 198], ""test_class_counts"": [83, 102], ""train_group_class_counts"": [[111, 94], [127, 72], [3, 17], [10, 15]], ""test_group_class_counts"": [[33, 28], [38, 21], [2, 23], [10, 30]], ""group_proportions"": [0.45657015590200445, 0.44320712694877507, 0.044543429844097995, 0.0556792873051225], ""val_group_counts"": [37, 36, 15, 24], ""val_total"": 112}","{""num_groups"": 4, ""eta"": 0.02, ""update_mode"": ""exp"", ""robust_objective"": ""weighted"", ""gamma"": 0.9, ""kl_lambda"": 0.0, ""initial_pi"": [0.4565701484680176, 0.44320711493492126, 0.04454343020915985, 0.055679287761449814]}",2026-09-15T20:45:00.781871,20,0.47820446976458403,0.8390022674385382,0.001,0.7675675675675676,0.7757349263684357,0.6,0.92,"[0.8032786885245902, 0.7796610169491526, 0.92, 0.6]","[0.40809134436679667, 0.5238207745981418, 0.28407663606107236, 0.9667108515277505]","[0.8192771084337349, 0.7254901960784313]","[[0.8484848484848485, 0.75], [0.9210526315789473, 0.5238095238095238], [0.0, 1.0], [0.5, 0.6333333333333333]]","[61, 59, 25, 40]",0.7673228231302467,"[0.8006535947712419, 0.7359724612736662, 0.4791666666666667, 0.5441595441595443]",0.4791666666666667,0.9667108515277505,0.7053571428571429,0.720945945945946,0.5,0.9333333333333333,"[0.7837837837837838, 0.6666666666666666, 0.9333333333333333, 0.5]","[0.47009331571894725, 0.6763166373388635, 0.3378707833588123, 0.9856500582148632]","[0.64, 0.7580645161290323]","[[0.7, 0.8823529411764706], [0.782608695652174, 0.46153846153846156], [0.0, 1.0], [0.0, 0.6666666666666666]]","[37, 36, 15, 24]",0.6999756473739751,"[0.7836257309941519, 0.6249999999999999, 0.4827586206896552, 0.3333333333333333]",0.3333333333333333,0.9856500582148632,"[0.45363321900367737, 0.44452884793281555, 0.04597058892250061, 0.05586733669042587]","[0.39670057381902424, 0.37795524299144745, 0.19272562551001707, 0.4208166574438413]","[0.4541352391242981, 0.4441615343093872, 0.045959051698446274, 0.05574417859315872]","[0.4565701484680176, 0.44320711493492126, 0.04454343020915985, 0.055679287761449814]",0.0
"{""run_name"": ""fedheart_exp_paper_hetagg_gdro"", ""seed"": 7, ""run_dir"": ""runs/fedheart_cv/Ours_Regret_s7_f3"", ""use_fedheart"": true, ""num_classes"": 2, ""stratified_batching"": true, ""train_frac"": 0.8, ""group_max_train_samples"": [null, null, 20, 25], ""true_hetero_input_dim"": true, ""feature_mask"": [[0, 1, 2, 3, 5, 6, 7, 8, 9, 10], [0, 1, 2, 3, 5, 6, 11, 12], [0, 1, 2, 4, 5, 7, 11, 12], [0, 1, 2, 4, 5, 6, 8, 9, 10]], ""batch_size"": 64, ""num_workers"": 0, ""epochs"": 100, ""early_stopping_patience"": 30, ""lr"": 0.001, ""weight_decay"": 0.0001, ""optimizer"": ""adam"", ""grad_clip"": 1.0, ""lr_scheduler"": ""cosine"", ""lr_min"": 1e-05, ""latent_dim"": 64, ""head_hidden"": 32, ""groups"": [{""name"": ""cleveland"", ""encoder"": ""mlp_tabular_ln"", ""input_dim"": 10, ""hidden_dim"": 64, ""dropout"": 0.1}, {""name"": ""hungarian"", ""encoder"": ""mlp_tabular_ln"", ""input_dim"": 8, ""hidden_dim"": 64, ""dropout"": 0.1}, {""name"": ""switzerland"", ""encoder"": ""mlp_tabular_ln"", ""input_dim"": 8, ""hidden_dim"": 64, ""dropout"": 0.1}, {""name"": ""va_long_beach"", ""encoder"": ""mlp_tabular_ln"", ""input_dim"": 9, ""hidden_dim"": 64, ""dropout"": 0.1}], ""anchor_eps"": 0.0001, ""sep_samples_per_class"": 4, ""sep_method"": ""classifier"", ""sep_margin"": 1.0, ""lambda_fit"": 0.1, ""lambda_sep"": 0.1, ""groupdro_enabled"": true, ""groupdro_eta"": 0.02, ""groupdro_gamma"": 0.9, ""groupdro_update_mode"": ""exp"", ""groupdro_objective"": ""weighted"", ""groupdro_kl_lambda"": 0.0, ""groupdro_uniform_init"": false, ""log_interval"": 20, ""save_every"": 10, ""groupdro_ema_decay"": 0.9, ""groupdro_update_every"": 1, ""dro_signal"": ""val"", ""val_frac"": 0.15, ""impute_missing"": true, ""common_encoder"": false, ""use_regret"": true, ""optimal_losses"": [0.468332, 0.498132, 0.341179, 0.597641], ""data_split_seed"": 1003}","{""num_groups"": 4, ""num_classes"": 2, ""train_total"": 449, ""test_total"": 185, ""train_group_counts"": [205, 199, 20, 25], ""test_group_counts"": [61, 59, 25, 40], ""train_class_counts"": [251, 198], ""test_class_counts"": [83, 102], ""train_group_class_counts"": [[111, 94], [127, 72], [3, 17], [10, 15]], ""test_group_class_counts"": [[33, 28], [38, 21], [2, 23], [10, 30]], ""group_proportions"": [0.45657015590200445, 0.44320712694877507, 0.044543429844097995, 0.0556792873051225], ""val_group_counts"": [37, 36, 15, 24], ""val_total"": 112}","{""num_groups"": 4, ""eta"": 0.02, ""update_mode"": ""exp"", ""robust_objective"": ""weighted"", ""gamma"": 0.9, ""kl_lambda"": 0.0, ""initial_pi"": [0.4565701484680176, 0.44320711493492126, 0.04454343020915985, 0.055679287761449814]}",2026-09-15T20:45:00.781871,21,0.4437684987813167,0.8662131546305961,0.001,0.7891891891891892,0.7944189358155043,0.625,0.92,"[0.8360655737704918, 0.7966101694915254, 0.92, 0.625]","[0.420792837520359, 0.5354419616445646, 0.2939260445535183, 0.91171128093265]","[0.8433734939759037, 0.7450980392156863]","[[0.9090909090909091, 0.75], [0.9210526315789473, 0.5714285714285714], [0.0, 1.0], [0.5, 0.6666666666666666]]","[61, 59, 25, 40]",0.78896721167627,"[0.8324175824175823, 0.7601626016260162, 0.4791666666666667, 0.5636363636363636]",0.4791666666666667,0.91171128093265,0.7053571428571429,0.7211336336336336,0.5,0.9333333333333333,"[0.7567567567567568, 0.6944444444444444, 0.9333333333333333, 0.5]","[0.48021557962370887, 0.6913092326269381, 0.3768807018796603, 0.9912199359387159]","[0.64, 0.7580645161290323]","[[0.7, 0.8235294117647058], [0.782608695652174, 0.5384615384615384], [0.0, 1.0], [0.0, 0.6666666666666666]]","[37, 36, 15, 24]",0.6999756473739751,"[0.7567567567567567, 0.6629787234042553, 0.4827586206896552, 0.3333333333333333]",0.3333333333333333,0.9912199359387159,"[0.45308801531791687, 0.4449287950992584, 0.04597364366054535, 0.05600956082344055]","[0.365882334964616, 0.3843729964324406, 0.1642736904323101, 0.24081138893961906]","[0.45363321900367737, 0.44452884793281555, 0.04597058892250061, 0.05586733669042587]","[0.4565701484680176, 0.44320711493492126, 0.04454343020915985, 0.055679287761449814]",0.0
"{""run_name"": ""fedheart_exp_paper_hetagg_gdro"", ""seed"": 7, ""run_dir"": ""runs/fedheart_cv/Ours_Regret_s7_f3"", ""use_fedheart"": true, ""num_classes"": 2, ""stratified_batching"": true, ""train_frac"": 0.8, ""group_max_train_samples"": [null, null, 20, 25], ""true_hetero_input_dim"": true, ""feature_mask"": [[0, 1, 2, 3, 5, 6, 7, 8, 9, 10], [0, 1, 2, 3, 5, 6, 11, 12], [0, 1, 2, 4, 5, 7, 11, 12], [0, 1, 2, 4, 5, 6, 8, 9, 10]], ""batch_size"": 64, ""num_workers"": 0, ""epochs"": 100, ""early_stopping_patience"": 30, ""lr"": 0.001, ""weight_decay"": 0.0001, ""optimizer"": ""adam"", ""grad_clip"": 1.0, ""lr_scheduler"": ""cosine"", ""lr_min"": 1e-05, ""latent_dim"": 64, ""head_hidden"": 32, ""groups"": [{""name"": ""cleveland"", ""encoder"": ""mlp_tabular_ln"", ""input_dim"": 10, ""hidden_dim"": 64, ""dropout"": 0.1}, {""name"": ""hungarian"", ""encoder"": ""mlp_tabular_ln"", ""input_dim"": 8, ""hidden_dim"": 64, ""dropout"": 0.1}, {""name"": ""switzerland"", ""encoder"": ""mlp_tabular_ln"", ""input_dim"": 8, ""hidden_dim"": 64, ""dropout"": 0.1}, {""name"": ""va_long_beach"", ""encoder"": ""mlp_tabular_ln"", ""input_dim"": 9, ""hidden_dim"": 64, ""dropout"": 0.1}], ""anchor_eps"": 0.0001, ""sep_samples_per_class"": 4, ""sep_method"": ""classifier"", ""sep_margin"": 1.0, ""lambda_fit"": 0.1, ""lambda_sep"": 0.1, ""groupdro_enabled"": true, ""groupdro_eta"": 0.02, ""groupdro_gamma"": 0.9, ""groupdro_update_mode"": ""exp"", ""groupdro_objective"": ""weighted"", ""groupdro_kl_lambda"": 0.0, ""groupdro_uniform_init"": false, ""log_interval"": 20, ""save_every"": 10, ""groupdro_ema_decay"": 0.9, ""groupdro_update_every"": 1, ""dro_signal"": ""val"", ""val_frac"": 0.15, ""impute_missing"": true, ""common_encoder"": false, ""use_regret"": true, ""optimal_losses"": [0.468332, 0.498132, 0.341179, 0.597641], ""data_split_seed"": 1003}","{""num_groups"": 4, ""num_classes"": 2, ""train_total"": 449, ""test_total"": 185, ""train_group_counts"": [205, 199, 20, 25], ""test_group_counts"": [61, 59, 25, 40], ""train_class_counts"": [251, 198], ""test_class_counts"": [83, 102], ""train_group_class_counts"": [[111, 94], [127, 72], [3, 17], [10, 15]], ""test_group_class_counts"": [[33, 28], [38, 21], [2, 23], [10, 30]], ""group_proportions"": [0.45657015590200445, 0.44320712694877507, 0.044543429844097995, 0.0556792873051225], ""val_group_counts"": [37, 36, 15, 24], ""val_total"": 112}","{""num_groups"": 4, ""eta"": 0.02, ""update_mode"": ""exp"", ""robust_objective"": ""weighted"", ""gamma"": 0.9, ""kl_lambda"": 0.0, ""initial_pi"": [0.4565701484680176, 0.44320711493492126, 0.04454343020915985, 0.055679287761449814]}",2026-09-15T20:45:00.781871,22,0.4546950104014944,0.852607709615409,0.001,0.772972972972973,0.7776816476799111,0.575,0.92,"[0.8360655737704918, 0.7796610169491526, 0.92, 0.575]","[0.4569030624249431, 0.5487561451618449, 0.2926826856285334, 0.9083456919528544]","[0.8313253012048193, 0.7254901960784313]","[[0.9393939393939394, 0.7142857142857143], [0.9210526315789473, 0.5238095238095238], [0.0, 1.0], [0.3, 0.6666666666666666]]","[61, 59, 25, 40]",0.7728070175438597,"[0.8305555555555556, 0.7359724612736662, 0.4791666666666667, 0.4813119755911518]",0.4791666666666667,0.9083456919528544,0.7053571428571429,0.7319256756756757,0.625,0.9333333333333333,"[0.7027027027027027, 0.6666666666666666, 0.9333333333333333, 0.625]","[0.5236356584103526, 0.7277799428492371, 0.37086601306994754, 1.0326607595973958]","[0.64, 0.7580645161290323]","[[0.7, 0.7058823529411765], [0.782608695652174, 0.46153846153846156], [0.0, 1.0], [0.0, 0.8333333333333334]]","[37, 36, 15, 24]",0.6999756473739751,"[0.7018315018315018, 0.6249999999999999, 0.4827586206896552, 0.3846153846153846]",0.3846153846153846,1.0326607595973958,"[0.452508807182312, 0.4453567564487457, 0.04596498981118202, 0.05616946518421173]","[0.3963680054460253, 0.3903414990220751, 0.21606765128672123, 0.3190145256618659]","[0.45308801531791687, 0.4449287950992584, 0.04597364366054535, 0.05600956082344055]","[0.4565701484680176, 0.44320711493492126, 0.04454343020915985, 0.055679287761449814]",0.0
"{""run_name"": ""fedheart_exp_paper_hetagg_gdro"", ""seed"": 7, ""run_dir"": ""runs/fedheart_cv/Ours_Regret_s7_f3"", ""use_fedheart"": true, ""num_classes"": 2, ""stratified_batching"": true, ""train_frac"": 0.8, ""group_max_train_samples"": [null, null, 20, 25], ""true_hetero_input_dim"": true, ""feature_mask"": [[0, 1, 2, 3, 5, 6, 7, 8, 9, 10], [0, 1, 2, 3, 5, 6, 11, 12], [0, 1, 2, 4, 5, 7, 11, 12], [0, 1, 2, 4, 5, 6, 8, 9, 10]], ""batch_size"": 64, ""num_workers"": 0, ""epochs"": 100, ""early_stopping_patience"": 30, ""lr"": 0.001, ""weight_decay"": 0.0001, ""optimizer"": ""adam"", ""grad_clip"": 1.0, ""lr_scheduler"": ""cosine"", ""lr_min"": 1e-05, ""latent_dim"": 64, ""head_hidden"": 32, ""groups"": [{""name"": ""cleveland"", ""encoder"": ""mlp_tabular_ln"", ""input_dim"": 10, ""hidden_dim"": 64, ""dropout"": 0.1}, {""name"": ""hungarian"", ""encoder"": ""mlp_tabular_ln"", ""input_dim"": 8, ""hidden_dim"": 64, ""dropout"": 0.1}, {""name"": ""switzerland"", ""encoder"": ""mlp_tabular_ln"", ""input_dim"": 8, ""hidden_dim"": 64, ""dropout"": 0.1}, {""name"": ""va_long_beach"", ""encoder"": ""mlp_tabular_ln"", ""input_dim"": 9, ""hidden_dim"": 64, ""dropout"": 0.1}], ""anchor_eps"": 0.0001, ""sep_samples_per_class"": 4, ""sep_method"": ""classifier"", ""sep_margin"": 1.0, ""lambda_fit"": 0.1, ""lambda_sep"": 0.1, ""groupdro_enabled"": true, ""groupdro_eta"": 0.02, ""groupdro_gamma"": 0.9, ""groupdro_update_mode"": ""exp"", ""groupdro_objective"": ""weighted"", ""groupdro_kl_lambda"": 0.0, ""groupdro_uniform_init"": false, ""log_interval"": 20, ""save_every"": 10, ""groupdro_ema_decay"": 0.9, ""groupdro_update_every"": 1, ""dro_signal"": ""val"", ""val_frac"": 0.15, ""impute_missing"": true, ""common_encoder"": false, ""use_regret"": true, ""optimal_losses"": [0.468332, 0.498132, 0.341179, 0.597641], ""data_split_seed"": 1003}","{""num_groups"": 4, ""num_classes"": 2, ""train_total"": 449, ""test_total"": 185, ""train_group_counts"": [205, 199, 20, 25], ""test_group_counts"": [61, 59, 25, 40], ""train_class_counts"": [251, 198], ""test_class_counts"": [83, 102], ""train_group_class_counts"": [[111, 94], [127, 72], [3, 17], [10, 15]], ""test_group_class_counts"": [[33, 28], [38, 21], [2, 23], [10, 30]], ""group_proportions"": [0.45657015590200445, 0.44320712694877507, 0.044543429844097995, 0.0556792873051225], ""val_group_counts"": [37, 36, 15, 24], ""val_total"": 112}","{""num_groups"": 4, ""eta"": 0.02, ""update_mode"": ""exp"", ""robust_objective"": ""weighted"", ""gamma"": 0.9, ""kl_lambda"": 0.0, ""initial_pi"": [0.4565701484680176, 0.44320711493492126, 0.04454343020915985, 0.055679287761449814]}",2026-09-15T20:45:00.781871,23,0.4161221471503208,0.8662131527383852,0.001,0.7783783783783784,0.786222214504029,0.625,0.92,"[0.8032786885245902, 0.7966101694915254, 0.92, 0.625]","[0.443961055338627, 0.540805941858029, 0.2945889358967543, 0.9915788230951875]","[0.8192771084337349, 0.7450980392156863]","[[0.8484848484848485, 0.75], [0.9210526315789473, 0.5714285714285714], [0.0, 1.0], [0.5, 0.6666666666666666]]","[61, 59, 25, 40]",0.7779631743801411,"[0.8006535947712419, 0.7601626016260162, 0.4791666666666667, 0.5636363636363636]",0.4791666666666667,0.9915788230951875,0.7142857142857143,0.7313626126126126,0.5416666666666666,0.9333333333333333,"[0.7837837837837838, 0.6666666666666666, 0.9333333333333333, 0.5416666666666666]","[0.5231943365085769, 0.723279542186194, 0.3349697923908631, 1.0772905876704801]","[0.64, 0.7741935483870968]","[[0.7, 0.8823529411764706], [0.782608695652174, 0.46153846153846156], [0.0, 1.0], [0.0, 0.7222222222222222]]","[37, 36, 15, 24]",0.7083333333333334,"[0.7836257309941519, 0.6249999999999999, 0.4827586206896552, 0.35135135135135137]",0.35135135135135137,1.0772905876704801,"[0.45189985632896423, 0.44580695033073425, 0.04594260826706886, 0.05635061860084534]","[0.37679650102342876, 0.3653860219887325, 0.19639540774126849, 0.1252244251469771]","[0.452508807182312, 0.4453567564487457, 0.04596498981118202, 0.05616946518421173]","[0.4565701484680176, 0.44320711493492126, 0.04454343020915985, 0.055679287761449814]",0.0
"{""run_name"": ""fedheart_exp_paper_hetagg_gdro"", ""seed"": 7, ""run_dir"": ""runs/fedheart_cv/Ours_Regret_s7_f3"", ""use_fedheart"": true, ""num_classes"": 2, ""stratified_batching"": true, ""train_frac"": 0.8, ""group_max_train_samples"": [null, null, 20, 25], ""true_hetero_input_dim"": true, ""feature_mask"": [[0, 1, 2, 3, 5, 6, 7, 8, 9, 10], [0, 1, 2, 3, 5, 6, 11, 12], [0, 1, 2, 4, 5, 7, 11, 12], [0, 1, 2, 4, 5, 6, 8, 9, 10]], ""batch_size"": 64, ""num_workers"": 0, ""epochs"": 100, ""early_stopping_patience"": 30, ""lr"": 0.001, ""weight_decay"": 0.0001, ""optimizer"": ""adam"", ""grad_clip"": 1.0, ""lr_scheduler"": ""cosine"", ""lr_min"": 1e-05, ""latent_dim"": 64, ""head_hidden"": 32, ""groups"": [{""name"": ""cleveland"", ""encoder"": ""mlp_tabular_ln"", ""input_dim"": 10, ""hidden_dim"": 64, ""dropout"": 0.1}, {""name"": ""hungarian"", ""encoder"": ""mlp_tabular_ln"", ""input_dim"": 8, ""hidden_dim"": 64, ""dropout"": 0.1}, {""name"": ""switzerland"", ""encoder"": ""mlp_tabular_ln"", ""input_dim"": 8, ""hidden_dim"": 64, ""dropout"": 0.1}, {""name"": ""va_long_beach"", ""encoder"": ""mlp_tabular_ln"", ""input_dim"": 9, ""hidden_dim"": 64, ""dropout"": 0.1}], ""anchor_eps"": 0.0001, ""sep_samples_per_class"": 4, ""sep_method"": ""classifier"", ""sep_margin"": 1.0, ""lambda_fit"": 0.1, ""lambda_sep"": 0.1, ""groupdro_enabled"": true, ""groupdro_eta"": 0.02, ""groupdro_gamma"": 0.9, ""groupdro_update_mode"": ""exp"", ""groupdro_objective"": ""weighted"", ""groupdro_kl_lambda"": 0.0, ""groupdro_uniform_init"": false, ""log_interval"": 20, ""save_every"": 10, ""groupdro_ema_decay"": 0.9, ""groupdro_update_every"": 1, ""dro_signal"": ""val"", ""val_frac"": 0.15, ""impute_missing"": true, ""common_encoder"": false, ""use_regret"": true, ""optimal_losses"": [0.468332, 0.498132, 0.341179, 0.597641], ""data_split_seed"": 1003}","{""num_groups"": 4, ""num_classes"": 2, ""train_total"": 449, ""test_total"": 185, ""train_group_counts"": [205, 199, 20, 25], ""test_group_counts"": [61, 59, 25, 40], ""train_class_counts"": [251, 198], ""test_class_counts"": [83, 102], ""train_group_class_counts"": [[111, 94], [127, 72], [3, 17], [10, 15]], ""test_group_class_counts"": [[33, 28], [38, 21], [2, 23], [10, 30]], ""group_proportions"": [0.45657015590200445, 0.44320712694877507, 0.044543429844097995, 0.0556792873051225], ""val_group_counts"": [37, 36, 15, 24], ""val_total"": 112}","{""num_groups"": 4, ""eta"": 0.02, ""update_mode"": ""exp"", ""robust_objective"": ""weighted"", ""gamma"": 0.9, ""kl_lambda"": 0.0, ""initial_pi"": [0.4565701484680176, 0.44320711493492126, 0.04454343020915985, 0.055679287761449814]}",2026-09-15T20:45:00.781871,24,0.42490891939928743,0.861678003453884,0.001,0.7837837837837838,0.7903205751597666,0.625,0.92,"[0.819672131147541, 0.7966101694915254, 0.92, 0.625]","[0.43296290173760205, 0.5410855727554378, 0.29419048726558683, 1.0651117025874555]","[0.8433734939759037, 0.7352941176470589]","[[0.9090909090909091, 0.7142857142857143], [0.9210526315789473, 0.5714285714285714], [0.0, 1.0], [0.5, 0.6666666666666666]]","[61, 59, 25, 40]",0.7836257309941521,"[0.8146920740127037, 0.7601626016260162, 0.4791666666666667, 0.5636363636363636]",0.4791666666666667,1.0651117025874555,0.7142857142857143,0.7277027027027028,0.5,0.9333333333333333,"[0.8108108108108109, 0.6666666666666666, 0.9333333333333333, 0.5]","[0.4647407044430037, 0.7143391566351056, 0.3389623122910658, 1.1117827017636348]","[0.66, 0.7580645161290323]","[[0.75, 0.8823529411764706], [0.782608695652174, 0.46153846153846156], [0.0, 1.0], [0.0, 0.6666666666666666]]","[37, 36, 15, 24]",0.709750566893424,"[0.8108108108108107, 0.6249999999999999, 0.4827586206896552, 0.3333333333333333]",0.3333333333333333,1.1117827017636348,"[0.4512367248535156, 0.44629424810409546, 0.04591082036495209, 0.05655819550156593]","[0.41470671764441897, 0.3645592225449426, 0.21556047008683285, 0.12426077388226986]","[0.45189985632896423, 0.44580695033073425, 0.04594260826706886, 0.05635061860084534]","[0.4565701484680176, 0.44320711493492126, 0.04454343020915985, 0.055679287761449814]",0.0
"{""run_name"": ""fedheart_exp_paper_hetagg_gdro"", ""seed"": 7, ""run_dir"": ""runs/fedheart_cv/Ours_Regret_s7_f3"", ""use_fedheart"": true, ""num_classes"": 2, ""stratified_batching"": true, ""train_frac"": 0.8, ""group_max_train_samples"": [null, null, 20, 25], ""true_hetero_input_dim"": true, ""feature_mask"": [[0, 1, 2, 3, 5, 6, 7, 8, 9, 10], [0, 1, 2, 3, 5, 6, 11, 12], [0, 1, 2, 4, 5, 7, 11, 12], [0, 1, 2, 4, 5, 6, 8, 9, 10]], ""batch_size"": 64, ""num_workers"": 0, ""epochs"": 100, ""early_stopping_patience"": 30, ""lr"": 0.001, ""weight_decay"": 0.0001, ""optimizer"": ""adam"", ""grad_clip"": 1.0, ""lr_scheduler"": ""cosine"", ""lr_min"": 1e-05, ""latent_dim"": 64, ""head_hidden"": 32, ""groups"": [{""name"": ""cleveland"", ""encoder"": ""mlp_tabular_ln"", ""input_dim"": 10, ""hidden_dim"": 64, ""dropout"": 0.1}, {""name"": ""hungarian"", ""encoder"": ""mlp_tabular_ln"", ""input_dim"": 8, ""hidden_dim"": 64, ""dropout"": 0.1}, {""name"": ""switzerland"", ""encoder"": ""mlp_tabular_ln"", ""input_dim"": 8, ""hidden_dim"": 64, ""dropout"": 0.1}, {""name"": ""va_long_beach"", ""encoder"": ""mlp_tabular_ln"", ""input_dim"": 9, ""hidden_dim"": 64, ""dropout"": 0.1}], ""anchor_eps"": 0.0001, ""sep_samples_per_class"": 4, ""sep_method"": ""classifier"", ""sep_margin"": 1.0, ""lambda_fit"": 0.1, ""lambda_sep"": 0.1, ""groupdro_enabled"": true, ""groupdro_eta"": 0.02, ""groupdro_gamma"": 0.9, ""groupdro_update_mode"": ""exp"", ""groupdro_objective"": ""weighted"", ""groupdro_kl_lambda"": 0.0, ""groupdro_uniform_init"": false, ""log_interval"": 20, ""save_every"": 10, ""groupdro_ema_decay"": 0.9, ""groupdro_update_every"": 1, ""dro_signal"": ""val"", ""val_frac"": 0.15, ""impute_missing"": true, ""common_encoder"": false, ""use_regret"": true, ""optimal_losses"": [0.468332, 0.498132, 0.341179, 0.597641], ""data_split_seed"": 1003}","{""num_groups"": 4, ""num_classes"": 2, ""train_total"": 449, ""test_total"": 185, ""train_group_counts"": [205, 199, 20, 25], ""test_group_counts"": [61, 59, 25, 40], ""train_class_counts"": [251, 198], ""test_class_counts"": [83, 102], ""train_group_class_counts"": [[111, 94], [127, 72], [3, 17], [10, 15]], ""test_group_class_counts"": [[33, 28], [38, 21], [2, 23], [10, 30]], ""group_proportions"": [0.45657015590200445, 0.44320712694877507, 0.044543429844097995, 0.0556792873051225], ""val_group_counts"": [37, 36, 15, 24], ""val_total"": 112}","{""num_groups"": 4, ""eta"": 0.02, ""update_mode"": ""exp"", ""robust_objective"": ""weighted"", ""gamma"": 0.9, ""kl_lambda"": 0.0, ""initial_pi"": [0.4565701484680176, 0.44320711493492126, 0.04454343020915985, 0.055679287761449814]}",2026-09-15T20:45:00.781871,25,0.3914588141062903,0.8752834465768602,0.001,0.7837837837837838,0.7881689358155043,0.6,0.92,"[0.8360655737704918, 0.7966101694915254, 0.92, 0.6]","[0.4724561258936759, 0.5784983661783448, 0.295067320689559, 1.00387216755189]","[0.8433734939759037, 0.7352941176470589]","[[0.9696969696969697, 0.6785714285714286], [0.9210526315789473, 0.5714285714285714], [0.0, 1.0], [0.3, 0.7]]","[61, 59, 25, 40]",0.7836257309941521,"[0.8282657657657657, 0.7601626016260162, 0.4791666666666667, 0.4984326018808777]",0.4791666666666667,1.00387216755189,0.7053571428571429,0.7282657657657657,0.5833333333333334,0.9333333333333333,"[0.7297297297297297, 0.6666666666666666, 0.9333333333333333, 0.5833333333333334]","[0.4748159499486556, 0.7462880992744532, 0.3381170205771923, 1.0676568802834179]","[0.66, 0.7419354838709677]","[[0.75, 0.7058823529411765], [0.782608695652174, 0.46153846153846156], [0.0, 1.0], [0.0, 0.7777777777777778]]","[37, 36, 15, 24]",0.7013333333333334,"[0.7279411764705883, 0.6249999999999999, 0.4827586206896552, 0.36842105263157887]",0.36842105263157887,1.0676568802834179,"[0.45051929354667664, 0.4468287527561188, 0.04586899280548096, 0.05678299441933632]","[0.379796353834016, 0.3263697453907558, 0.2952506222451727, 0.19965830569465956]","[0.4512367248535156, 0.44629424810409546, 0.04591082036495209, 0.05655819550156593]","[0.4565701484680176, 0.44320711493492126, 0.04454343020915985, 0.055679287761449814]",0.0
"{""run_name"": ""fedheart_exp_paper_hetagg_gdro"", ""seed"": 7, ""run_dir"": ""runs/fedheart_cv/Ours_Regret_s7_f3"", ""use_fedheart"": true, ""num_classes"": 2, ""stratified_batching"": true, ""train_frac"": 0.8, ""group_max_train_samples"": [null, null, 20, 25], ""true_hetero_input_dim"": true, ""feature_mask"": [[0, 1, 2, 3, 5, 6, 7, 8, 9, 10], [0, 1, 2, 3, 5, 6, 11, 12], [0, 1, 2, 4, 5, 7, 11, 12], [0, 1, 2, 4, 5, 6, 8, 9, 10]], ""batch_size"": 64, ""num_workers"": 0, ""epochs"": 100, ""early_stopping_patience"": 30, ""lr"": 0.001, ""weight_decay"": 0.0001, ""optimizer"": ""adam"", ""grad_clip"": 1.0, ""lr_scheduler"": ""cosine"", ""lr_min"": 1e-05, ""latent_dim"": 64, ""head_hidden"": 32, ""groups"": [{""name"": ""cleveland"", ""encoder"": ""mlp_tabular_ln"", ""input_dim"": 10, ""hidden_dim"": 64, ""dropout"": 0.1}, {""name"": ""hungarian"", ""encoder"": ""mlp_tabular_ln"", ""input_dim"": 8, ""hidden_dim"": 64, ""dropout"": 0.1}, {""name"": ""switzerland"", ""encoder"": ""mlp_tabular_ln"", ""input_dim"": 8, ""hidden_dim"": 64, ""dropout"": 0.1}, {""name"": ""va_long_beach"", ""encoder"": ""mlp_tabular_ln"", ""input_dim"": 9, ""hidden_dim"": 64, ""dropout"": 0.1}], ""anchor_eps"": 0.0001, ""sep_samples_per_class"": 4, ""sep_method"": ""classifier"", ""sep_margin"": 1.0, ""lambda_fit"": 0.1, ""lambda_sep"": 0.1, ""groupdro_enabled"": true, ""groupdro_eta"": 0.02, ""groupdro_gamma"": 0.9, ""groupdro_update_mode"": ""exp"", ""groupdro_objective"": ""weighted"", ""groupdro_kl_lambda"": 0.0, ""groupdro_uniform_init"": false, ""log_interval"": 20, ""save_every"": 10, ""groupdro_ema_decay"": 0.9, ""groupdro_update_every"": 1, ""dro_signal"": ""val"", ""val_frac"": 0.15, ""impute_missing"": true, ""common_encoder"": false, ""use_regret"": true, ""optimal_losses"": [0.468332, 0.498132, 0.341179, 0.597641], ""data_split_seed"": 1003}","{""num_groups"": 4, ""num_classes"": 2, ""train_total"": 449, ""test_total"": 185, ""train_group_counts"": [205, 199, 20, 25], ""test_group_counts"": [61, 59, 25, 40], ""train_class_counts"": [251, 198], ""test_class_counts"": [83, 102], ""train_group_class_counts"": [[111, 94], [127, 72], [3, 17], [10, 15]], ""test_group_class_counts"": [[33, 28], [38, 21], [2, 23], [10, 30]], ""group_proportions"": [0.45657015590200445, 0.44320712694877507, 0.044543429844097995, 0.0556792873051225], ""val_group_counts"": [37, 36, 15, 24], ""val_total"": 112}","{""num_groups"": 4, ""eta"": 0.02, ""update_mode"": ""exp"", ""robust_objective"": ""weighted"", ""gamma"": 0.9, ""kl_lambda"": 0.0, ""initial_pi"": [0.4565701484680176, 0.44320711493492126, 0.04454343020915985, 0.055679287761449814]}",2026-09-15T20:45:00.781871,26,0.3961700540280937,0.8458049904191846,0.001,0.7783783783783784,0.786222214504029,0.625,0.92,"[0.8032786885245902, 0.7966101694915254, 0.92, 0.625]","[0.4526624731780564, 0.5696826659584955, 0.30166240125894545, 1.0032360252924264]","[0.7710843373493976, 0.7843137254901961]","[[0.8181818181818182, 0.7857142857142857], [0.9210526315789473, 0.5714285714285714], [0.0, 1.0], [0.2, 0.7666666666666667]]","[61, 59, 25, 40]",0.7767081751008272,"[0.801948051948052, 0.7601626016260162, 0.4791666666666667, 0.48231233822260566]",0.4791666666666667,1.0032360252924264,0.7410714285714286,0.7626126126126126,0.6666666666666666,0.9333333333333333,"[0.7837837837837838, 0.6666666666666666, 0.9333333333333333, 0.6666666666666666]","[0.5037915604944164, 0.7534644753775663, 0.33382523370285827, 1.0848507008049637]","[0.64, 0.8225806451612904]","[[0.7, 0.8823529411764706], [0.782608695652174, 0.46153846153846156], [0.0, 1.0], [0.0, 0.8888888888888888]]","[37, 36, 15, 24]",0.733398998604613,"[0.7836257309941519, 0.6249999999999999, 0.4827586206896552, 0.39999999999999997]",0.39999999999999997,1.0848507008049637,"[0.44976362586021423, 0.44739675521850586, 0.04581615328788757, 0.05702351778745651]","[0.3625321515968868, 0.37347198597022463, 0.127505195637544, 0.17667289574941]","[0.45051929354667664, 0.4468287527561188, 0.04586899280548096, 0.05678299441933632]","[0.4565701484680176, 0.44320711493492126, 0.04454343020915985, 0.055679287761449814]",0.0
"{""run_name"": ""fedheart_exp_paper_hetagg_gdro"", ""seed"": 7, ""run_dir"": ""runs/fedheart_cv/Ours_Regret_s7_f3"", ""use_fedheart"": true, ""num_classes"": 2, ""stratified_batching"": true, ""train_frac"": 0.8, ""group_max_train_samples"": [null, null, 20, 25], ""true_hetero_input_dim"": true, ""feature_mask"": [[0, 1, 2, 3, 5, 6, 7, 8, 9, 10], [0, 1, 2, 3, 5, 6, 11, 12], [0, 1, 2, 4, 5, 7, 11, 12], [0, 1, 2, 4, 5, 6, 8, 9, 10]], ""batch_size"": 64, ""num_workers"": 0, ""epochs"": 100, ""early_stopping_patience"": 30, ""lr"": 0.001, ""weight_decay"": 0.0001, ""optimizer"": ""adam"", ""grad_clip"": 1.0, ""lr_scheduler"": ""cosine"", ""lr_min"": 1e-05, ""latent_dim"": 64, ""head_hidden"": 32, ""groups"": [{""name"": ""cleveland"", ""encoder"": ""mlp_tabular_ln"", ""input_dim"": 10, ""hidden_dim"": 64, ""dropout"": 0.1}, {""name"": ""hungarian"", ""encoder"": ""mlp_tabular_ln"", ""input_dim"": 8, ""hidden_dim"": 64, ""dropout"": 0.1}, {""name"": ""switzerland"", ""encoder"": ""mlp_tabular_ln"", ""input_dim"": 8, ""hidden_dim"": 64, ""dropout"": 0.1}, {""name"": ""va_long_beach"", ""encoder"": ""mlp_tabular_ln"", ""input_dim"": 9, ""hidden_dim"": 64, ""dropout"": 0.1}], ""anchor_eps"": 0.0001, ""sep_samples_per_class"": 4, ""sep_method"": ""classifier"", ""sep_margin"": 1.0, ""lambda_fit"": 0.1, ""lambda_sep"": 0.1, ""groupdro_enabled"": true, ""groupdro_eta"": 0.02, ""groupdro_gamma"": 0.9, ""groupdro_update_mode"": ""exp"", ""groupdro_objective"": ""weighted"", ""groupdro_kl_lambda"": 0.0, ""groupdro_uniform_init"": false, ""log_interval"": 20, ""save_every"": 10, ""groupdro_ema_decay"": 0.9, ""groupdro_update_every"": 1, ""dro_signal"": ""val"", ""val_frac"": 0.15, ""impute_missing"": true, ""common_encoder"": false, ""use_regret"": true, ""optimal_losses"": [0.468332, 0.498132, 0.341179, 0.597641], ""data_split_seed"": 1003}","{""num_groups"": 4, ""num_classes"": 2, ""train_total"": 449, ""test_total"": 185, ""train_group_counts"": [205, 199, 20, 25], ""test_group_counts"": [61, 59, 25, 40], ""train_class_counts"": [251, 198], ""test_class_counts"": [83, 102], ""train_group_class_counts"": [[111, 94], [127, 72], [3, 17], [10, 15]], ""test_group_class_counts"": [[33, 28], [38, 21], [2, 23], [10, 30]], ""group_proportions"": [0.45657015590200445, 0.44320712694877507, 0.044543429844097995, 0.0556792873051225], ""val_group_counts"": [37, 36, 15, 24], ""val_total"": 112}","{""num_groups"": 4, ""eta"": 0.02, ""update_mode"": ""exp"", ""robust_objective"": ""weighted"", ""gamma"": 0.9, ""kl_lambda"": 0.0, ""initial_pi"": [0.4565701484680176, 0.44320711493492126, 0.04454343020915985, 0.055679287761449814]}",2026-09-15T20:45:00.781871,27,0.378235125149729,0.8707482963462535,0.001,0.772972972972973,0.7778205751597667,0.575,0.92,"[0.819672131147541, 0.7966101694915254, 0.92, 0.575]","[0.47297349578288733, 0.5764578058684277, 0.3087435924261808, 1.098293556738645]","[0.8313253012048193, 0.7254901960784313]","[[0.9393939393939394, 0.6785714285714286], [0.9210526315789473, 0.5714285714285714], [0.0, 1.0], [0.3, 0.6666666666666666]]","[61, 59, 25, 40]",0.7728070175438597,"[0.8124126362873918, 0.7601626016260162, 0.4791666666666667, 0.4813119755911518]",0.4791666666666667,1.098293556738645,0.7142857142857143,0.7352102102102103,0.5833333333333334,0.9333333333333333,"[0.7297297297297297, 0.6944444444444444, 0.9333333333333333, 0.5833333333333334]","[0.5032718479129914, 0.7531175547434638, 0.33427849325040976, 1.131174936463746]","[0.66, 0.7580645161290323]","[[0.75, 0.7058823529411765], [0.782608695652174, 0.5384615384615384], [0.0, 1.0], [0.0, 0.7777777777777778]]","[37, 36, 15, 24]",0.709750566893424,"[0.7279411764705883, 0.6629787234042553, 0.4827586206896552, 0.36842105263157887]",0.36842105263157887,1.131174936463746,"[0.4489709734916687, 0.44799232482910156, 0.04575323313474655, 0.057283464819192886]","[0.3643876314163208, 0.343828695161002, 0.13203571985165277, 0.13840850070118904]","[0.44976362586021423, 0.44739675521850586, 0.04581615328788757, 0.05702351778745651]","[0.4565701484680176, 0.44320711493492126, 0.04454343020915985, 0.055679287761449814]",0.0
"{""run_name"": ""fedheart_exp_paper_hetagg_gdro"", ""seed"": 7, ""run_dir"": ""runs/fedheart_cv/Ours_Regret_s7_f3"", ""use_fedheart"": true, ""num_classes"": 2, ""stratified_batching"": true, ""train_frac"": 0.8, ""group_max_train_samples"": [null, null, 20, 25], ""true_hetero_input_dim"": true, ""feature_mask"": [[0, 1, 2, 3, 5, 6, 7, 8, 9, 10], [0, 1, 2, 3, 5, 6, 11, 12], [0, 1, 2, 4, 5, 7, 11, 12], [0, 1, 2, 4, 5, 6, 8, 9, 10]], ""batch_size"": 64, ""num_workers"": 0, ""epochs"": 100, ""early_stopping_patience"": 30, ""lr"": 0.001, ""weight_decay"": 0.0001, ""optimizer"": ""adam"", ""grad_clip"": 1.0, ""lr_scheduler"": ""cosine"", ""lr_min"": 1e-05, ""latent_dim"": 64, ""head_hidden"": 32, ""groups"": [{""name"": ""cleveland"", ""encoder"": ""mlp_tabular_ln"", ""input_dim"": 10, ""hidden_dim"": 64, ""dropout"": 0.1}, {""name"": ""hungarian"", ""encoder"": ""mlp_tabular_ln"", ""input_dim"": 8, ""hidden_dim"": 64, ""dropout"": 0.1}, {""name"": ""switzerland"", ""encoder"": ""mlp_tabular_ln"", ""input_dim"": 8, ""hidden_dim"": 64, ""dropout"": 0.1}, {""name"": ""va_long_beach"", ""encoder"": ""mlp_tabular_ln"", ""input_dim"": 9, ""hidden_dim"": 64, ""dropout"": 0.1}], ""anchor_eps"": 0.0001, ""sep_samples_per_class"": 4, ""sep_method"": ""classifier"", ""sep_margin"": 1.0, ""lambda_fit"": 0.1, ""lambda_sep"": 0.1, ""groupdro_enabled"": true, ""groupdro_eta"": 0.02, ""groupdro_gamma"": 0.9, ""groupdro_update_mode"": ""exp"", ""groupdro_objective"": ""weighted"", ""groupdro_kl_lambda"": 0.0, ""groupdro_uniform_init"": false, ""log_interval"": 20, ""save_every"": 10, ""groupdro_ema_decay"": 0.9, ""groupdro_update_every"": 1, ""dro_signal"": ""val"", ""val_frac"": 0.15, ""impute_missing"": true, ""common_encoder"": false, ""use_regret"": true, ""optimal_losses"": [0.468332, 0.498132, 0.341179, 0.597641], ""data_split_seed"": 1003}","{""num_groups"": 4, ""num_classes"": 2, ""train_total"": 449, ""test_total"": 185, ""train_group_counts"": [205, 199, 20, 25], ""test_group_counts"": [61, 59, 25, 40], ""train_class_counts"": [251, 198], ""test_class_counts"": [83, 102], ""train_group_class_counts"": [[111, 94], [127, 72], [3, 17], [10, 15]], ""test_group_class_counts"": [[33, 28], [38, 21], [2, 23], [10, 30]], ""group_proportions"": [0.45657015590200445, 0.44320712694877507, 0.044543429844097995, 0.0556792873051225], ""val_group_counts"": [37, 36, 15, 24], ""val_total"": 112}","{""num_groups"": 4, ""eta"": 0.02, ""update_mode"": ""exp"", ""robust_objective"": ""weighted"", ""gamma"": 0.9, ""kl_lambda"": 0.0, ""initial_pi"": [0.4565701484680176, 0.44320711493492126, 0.04454343020915985, 0.055679287761449814]}",2026-09-15T20:45:00.781871,28,0.3710521595413182,0.8752834456307548,0.001,0.7783783783783784,0.7860832870241734,0.625,0.92,"[0.819672131147541, 0.7796610169491526, 0.92, 0.625]","[0.449180702907873, 0.5903296077276691, 0.3250972354784608, 1.1923378271749243]","[0.8313253012048193, 0.7352941176470589]","[[0.8787878787878788, 0.75], [0.9210526315789473, 0.5238095238095238], [0.0, 1.0], [0.5, 0.6666666666666666]]","[61, 59, 25, 40]",0.7781450174032584,"[0.8165162701668034, 0.7359724612736662, 0.4791666666666667, 0.5636363636363636]",0.4791666666666667,1.1923378271749243,0.7053571428571429,0.7246058558558559,0.5416666666666666,0.9333333333333333,"[0.7567567567567568, 0.6666666666666666, 0.9333333333333333, 0.5416666666666666]","[0.5255602152162308, 0.7465635458938777, 0.32457941559453807, 1.1769701101196308]","[0.64, 0.7580645161290323]","[[0.7, 0.8235294117647058], [0.782608695652174, 0.46153846153846156], [0.0, 1.0], [0.0, 0.7222222222222222]]","[37, 36, 15, 24]",0.6999756473739751,"[0.7567567567567567, 0.6249999999999999, 0.4827586206896552, 0.35135135135135137]",0.35135135135135137,1.1769701101196308,"[0.4481566846370697, 0.44859835505485535, 0.04567953199148178, 0.05756540596485138]","[0.35333296017987387, 0.3558132861341749, 0.20948327208558717, 0.14791555951038995]","[0.4489709734916687, 0.44799232482910156, 0.04575323313474655, 0.057283464819192886]","[0.4565701484680176, 0.44320711493492126, 0.04454343020915985, 0.055679287761449814]",0.0
"{""run_name"": ""fedheart_exp_paper_hetagg_gdro"", ""seed"": 7, ""run_dir"": ""runs/fedheart_cv/Ours_Regret_s7_f3"", ""use_fedheart"": true, ""num_classes"": 2, ""stratified_batching"": true, ""train_frac"": 0.8, ""group_max_train_samples"": [null, null, 20, 25], ""true_hetero_input_dim"": true, ""feature_mask"": [[0, 1, 2, 3, 5, 6, 7, 8, 9, 10], [0, 1, 2, 3, 5, 6, 11, 12], [0, 1, 2, 4, 5, 7, 11, 12], [0, 1, 2, 4, 5, 6, 8, 9, 10]], ""batch_size"": 64, ""num_workers"": 0, ""epochs"": 100, ""early_stopping_patience"": 30, ""lr"": 0.001, ""weight_decay"": 0.0001, ""optimizer"": ""adam"", ""grad_clip"": 1.0, ""lr_scheduler"": ""cosine"", ""lr_min"": 1e-05, ""latent_dim"": 64, ""head_hidden"": 32, ""groups"": [{""name"": ""cleveland"", ""encoder"": ""mlp_tabular_ln"", ""input_dim"": 10, ""hidden_dim"": 64, ""dropout"": 0.1}, {""name"": ""hungarian"", ""encoder"": ""mlp_tabular_ln"", ""input_dim"": 8, ""hidden_dim"": 64, ""dropout"": 0.1}, {""name"": ""switzerland"", ""encoder"": ""mlp_tabular_ln"", ""input_dim"": 8, ""hidden_dim"": 64, ""dropout"": 0.1}, {""name"": ""va_long_beach"", ""encoder"": ""mlp_tabular_ln"", ""input_dim"": 9, ""hidden_dim"": 64, ""dropout"": 0.1}], ""anchor_eps"": 0.0001, ""sep_samples_per_class"": 4, ""sep_method"": ""classifier"", ""sep_margin"": 1.0, ""lambda_fit"": 0.1, ""lambda_sep"": 0.1, ""groupdro_enabled"": true, ""groupdro_eta"": 0.02, ""groupdro_gamma"": 0.9, ""groupdro_update_mode"": ""exp"", ""groupdro_objective"": ""weighted"", ""groupdro_kl_lambda"": 0.0, ""groupdro_uniform_init"": false, ""log_interval"": 20, ""save_every"": 10, ""groupdro_ema_decay"": 0.9, ""groupdro_update_every"": 1, ""dro_signal"": ""val"", ""val_frac"": 0.15, ""impute_missing"": true, ""common_encoder"": false, ""use_regret"": true, ""optimal_losses"": [0.468332, 0.498132, 0.341179, 0.597641], ""data_split_seed"": 1003}","{""num_groups"": 4, ""num_classes"": 2, ""train_total"": 449, ""test_total"": 185, ""train_group_counts"": [205, 199, 20, 25], ""test_group_counts"": [61, 59, 25, 40], ""train_class_counts"": [251, 198], ""test_class_counts"": [83, 102], ""train_group_class_counts"": [[111, 94], [127, 72], [3, 17], [10, 15]], ""test_group_class_counts"": [[33, 28], [38, 21], [2, 23], [10, 30]], ""group_proportions"": [0.45657015590200445, 0.44320712694877507, 0.044543429844097995, 0.0556792873051225], ""val_group_counts"": [37, 36, 15, 24], ""val_total"": 112}","{""num_groups"": 4, ""eta"": 0.02, ""update_mode"": ""exp"", ""robust_objective"": ""weighted"", ""gamma"": 0.9, ""kl_lambda"": 0.0, ""initial_pi"": [0.4565701484680176, 0.44320711493492126, 0.04454343020915985, 0.055679287761449814]}",2026-09-15T20:45:00.781871,29,0.37071847794007284,0.8571428588999102,0.001,0.7837837837837838,0.7901816476799111,0.625,0.92,"[0.8360655737704918, 0.7796610169491526, 0.92, 0.625]","[0.435696466474748, 0.5778310930009111, 0.3483851524628699, 1.2186908841598778]","[0.8192771084337349, 0.7549019607843137]","[[0.8787878787878788, 0.7857142857142857], [0.8947368421052632, 0.5714285714285714], [0.0, 1.0], [0.5, 0.6666666666666666]]","[61, 59, 25, 40]",0.7832708528584817,"[0.8338779956427016, 0.7440774107440773, 0.4791666666666667, 0.5636363636363636]",0.4791666666666667,1.2186908841598778,0.7053571428571429,0.720945945945946,0.5,0.9333333333333333,"[0.7837837837837838, 0.6666666666666666, 0.9333333333333333, 0.5]","[0.5220405623518132, 0.7533718494750146, 0.3294818268467983, 1.1897591010201722]","[0.64, 0.7580645161290323]","[[0.7, 0.8823529411764706], [0.782608695652174, 0.46153846153846156], [0.0, 1.0], [0.0, 0.6666666666666666]]","[37, 36, 15, 24]",0.6999756473739751,"[0.7836257309941519, 0.6249999999999999, 0.4827586206896552, 0.3333333333333333]",0.3333333333333333,1.1897591010201722,"[0.4473174512386322, 0.4492174983024597, 0.04559636488556862, 0.05786871537566185]","[0.353623628616333, 0.3621879198721477, 0.1934934932117661, 0.14403715279574195]","[0.4481566846370697, 0.44859835505485535, 0.04567953199148178, 0.05756540596485138]","[0.4565701484680176, 0.44320711493492126, 0.04454343020915985, 0.055679287761449814]",0.0
"{""run_name"": ""fedheart_exp_paper_hetagg_gdro"", ""seed"": 7, ""run_dir"": ""runs/fedheart_cv/Ours_Regret_s7_f3"", ""use_fedheart"": true, ""num_classes"": 2, ""stratified_batching"": true, ""train_frac"": 0.8, ""group_max_train_samples"": [null, null, 20, 25], ""true_hetero_input_dim"": true, ""feature_mask"": [[0, 1, 2, 3, 5, 6, 7, 8, 9, 10], [0, 1, 2, 3, 5, 6, 11, 12], [0, 1, 2, 4, 5, 7, 11, 12], [0, 1, 2, 4, 5, 6, 8, 9, 10]], ""batch_size"": 64, ""num_workers"": 0, ""epochs"": 100, ""early_stopping_patience"": 30, ""lr"": 0.001, ""weight_decay"": 0.0001, ""optimizer"": ""adam"", ""grad_clip"": 1.0, ""lr_scheduler"": ""cosine"", ""lr_min"": 1e-05, ""latent_dim"": 64, ""head_hidden"": 32, ""groups"": [{""name"": ""cleveland"", ""encoder"": ""mlp_tabular_ln"", ""input_dim"": 10, ""hidden_dim"": 64, ""dropout"": 0.1}, {""name"": ""hungarian"", ""encoder"": ""mlp_tabular_ln"", ""input_dim"": 8, ""hidden_dim"": 64, ""dropout"": 0.1}, {""name"": ""switzerland"", ""encoder"": ""mlp_tabular_ln"", ""input_dim"": 8, ""hidden_dim"": 64, ""dropout"": 0.1}, {""name"": ""va_long_beach"", ""encoder"": ""mlp_tabular_ln"", ""input_dim"": 9, ""hidden_dim"": 64, ""dropout"": 0.1}], ""anchor_eps"": 0.0001, ""sep_samples_per_class"": 4, ""sep_method"": ""classifier"", ""sep_margin"": 1.0, ""lambda_fit"": 0.1, ""lambda_sep"": 0.1, ""groupdro_enabled"": true, ""groupdro_eta"": 0.02, ""groupdro_gamma"": 0.9, ""groupdro_update_mode"": ""exp"", ""groupdro_objective"": ""weighted"", ""groupdro_kl_lambda"": 0.0, ""groupdro_uniform_init"": false, ""log_interval"": 20, ""save_every"": 10, ""groupdro_ema_decay"": 0.9, ""groupdro_update_every"": 1, ""dro_signal"": ""val"", ""val_frac"": 0.15, ""impute_missing"": true, ""common_encoder"": false, ""use_regret"": true, ""optimal_losses"": [0.468332, 0.498132, 0.341179, 0.597641], ""data_split_seed"": 1003}","{""num_groups"": 4, ""num_classes"": 2, ""train_total"": 449, ""test_total"": 185, ""train_group_counts"": [205, 199, 20, 25], ""test_group_counts"": [61, 59, 25, 40], ""train_class_counts"": [251, 198], ""test_class_counts"": [83, 102], ""train_group_class_counts"": [[111, 94], [127, 72], [3, 17], [10, 15]], ""test_group_class_counts"": [[33, 28], [38, 21], [2, 23], [10, 30]], ""group_proportions"": [0.45657015590200445, 0.44320712694877507, 0.044543429844097995, 0.0556792873051225], ""val_group_counts"": [37, 36, 15, 24], ""val_total"": 112}","{""num_groups"": 4, ""eta"": 0.02, ""update_mode"": ""exp"", ""robust_objective"": ""weighted"", ""gamma"": 0.9, ""kl_lambda"": 0.0, ""initial_pi"": [0.4565701484680176, 0.44320711493492126, 0.04454343020915985, 0.055679287761449814]}",2026-09-15T20:45:00.781871,30,0.3451295319327962,0.8684807226501084,0.001,0.7837837837837838,0.7880300083356488,0.6,0.92,"[0.8524590163934426, 0.7796610169491526, 0.92, 0.6]","[0.4583714816291801, 0.5972340435452633, 0.34451225170865657, 1.1750437448034063]","[0.8313253012048193, 0.7450980392156863]","[[0.9090909090909091, 0.7857142857142857], [0.9210526315789473, 0.5238095238095238], [0.0, 1.0], [0.4, 0.6666666666666666]]","[61, 59, 25, 40]",0.7834737827715356,"[0.8498769483182936, 0.7359724612736662, 0.4791666666666667, 0.5238095238095237]",0.4791666666666667,1.1750437448034063,0.7053571428571429,0.7246058558558559,0.5416666666666666,0.9333333333333333,"[0.7567567567567568, 0.6666666666666666, 0.9333333333333333, 0.5416666666666666]","[0.5139248260875812, 0.778432622176802, 0.3236742479726672, 1.1697855869618554]","[0.64, 0.7580645161290323]","[[0.7, 0.8235294117647058], [0.782608695652174, 0.46153846153846156], [0.0, 1.0], [0.0, 0.7222222222222222]]","[37, 36, 15, 24]",0.6999756473739751,"[0.7567567567567567, 0.6249999999999999, 0.4827586206896552, 0.35135135135135137]",0.35135135135135137,1.1697855869618554,"[0.4464428126811981, 0.4498650133609772, 0.04550359398126602, 0.05818859487771988]","[0.3592082645211901, 0.3052279395716531, 0.16671366042767963, 0.15465428897490105]","[0.4473174512386322, 0.4492174983024597, 0.04559636488556862, 0.05786871537566185]","[0.4565701484680176, 0.44320711493492126, 0.04454343020915985, 0.055679287761449814]",0.0
"{""run_name"": ""fedheart_exp_paper_hetagg_gdro"", ""seed"": 7, ""run_dir"": ""runs/fedheart_cv/Ours_Regret_s7_f3"", ""use_fedheart"": true, ""num_classes"": 2, ""stratified_batching"": true, ""train_frac"": 0.8, ""group_max_train_samples"": [null, null, 20, 25], ""true_hetero_input_dim"": true, ""feature_mask"": [[0, 1, 2, 3, 5, 6, 7, 8, 9, 10], [0, 1, 2, 3, 5, 6, 11, 12], [0, 1, 2, 4, 5, 7, 11, 12], [0, 1, 2, 4, 5, 6, 8, 9, 10]], ""batch_size"": 64, ""num_workers"": 0, ""epochs"": 100, ""early_stopping_patience"": 30, ""lr"": 0.001, ""weight_decay"": 0.0001, ""optimizer"": ""adam"", ""grad_clip"": 1.0, ""lr_scheduler"": ""cosine"", ""lr_min"": 1e-05, ""latent_dim"": 64, ""head_hidden"": 32, ""groups"": [{""name"": ""cleveland"", ""encoder"": ""mlp_tabular_ln"", ""input_dim"": 10, ""hidden_dim"": 64, ""dropout"": 0.1}, {""name"": ""hungarian"", ""encoder"": ""mlp_tabular_ln"", ""input_dim"": 8, ""hidden_dim"": 64, ""dropout"": 0.1}, {""name"": ""switzerland"", ""encoder"": ""mlp_tabular_ln"", ""input_dim"": 8, ""hidden_dim"": 64, ""dropout"": 0.1}, {""name"": ""va_long_beach"", ""encoder"": ""mlp_tabular_ln"", ""input_dim"": 9, ""hidden_dim"": 64, ""dropout"": 0.1}], ""anchor_eps"": 0.0001, ""sep_samples_per_class"": 4, ""sep_method"": ""classifier"", ""sep_margin"": 1.0, ""lambda_fit"": 0.1, ""lambda_sep"": 0.1, ""groupdro_enabled"": true, ""groupdro_eta"": 0.02, ""groupdro_gamma"": 0.9, ""groupdro_update_mode"": ""exp"", ""groupdro_objective"": ""weighted"", ""groupdro_kl_lambda"": 0.0, ""groupdro_uniform_init"": false, ""log_interval"": 20, ""save_every"": 10, ""groupdro_ema_decay"": 0.9, ""groupdro_update_every"": 1, ""dro_signal"": ""val"", ""val_frac"": 0.15, ""impute_missing"": true, ""common_encoder"": false, ""use_regret"": true, ""optimal_losses"": [0.468332, 0.498132, 0.341179, 0.597641], ""data_split_seed"": 1003}","{""num_groups"": 4, ""num_classes"": 2, ""train_total"": 449, ""test_total"": 185, ""train_group_counts"": [205, 199, 20, 25], ""test_group_counts"": [61, 59, 25, 40], ""train_class_counts"": [251, 198], ""test_class_counts"": [83, 102], ""train_group_class_counts"": [[111, 94], [127, 72], [3, 17], [10, 15]], ""test_group_class_counts"": [[33, 28], [38, 21], [2, 23], [10, 30]], ""group_proportions"": [0.45657015590200445, 0.44320712694877507, 0.044543429844097995, 0.0556792873051225], ""val_group_counts"": [37, 36, 15, 24], ""val_total"": 112}","{""num_groups"": 4, ""eta"": 0.02, ""update_mode"": ""exp"", ""robust_objective"": ""weighted"", ""gamma"": 0.9, ""kl_lambda"": 0.0, ""initial_pi"": [0.4565701484680176, 0.44320711493492126, 0.04454343020915985, 0.055679287761449814]}",2026-09-15T20:45:00.781871,31,0.3550789617086484,0.8752834465768602,0.001,0.7783783783783784,0.7839316476799111,0.6,0.92,"[0.8360655737704918, 0.7796610169491526, 0.92, 0.6]","[0.4685153155205924, 0.6007628013869211, 0.3353478447534144, 1.0762216055067255]","[0.8072289156626506, 0.7549019607843137]","[[0.8787878787878788, 0.7857142857142857], [0.9210526315789473, 0.5238095238095238], [0.0, 1.0], [0.3, 0.7]]","[61, 59, 25, 40]",0.7777289377289377,"[0.8338779956427016, 0.7359724612736662, 0.4791666666666667, 0.4984326018808777]",0.4791666666666667,1.0762216055067255,0.7232142857142857,0.7417792792792792,0.5833333333333334,0.9333333333333333,"[0.7837837837837838, 0.6666666666666666, 0.9333333333333333, 0.5833333333333334]","[0.5362586815010857, 0.7970262144355931, 0.3242881944403052, 1.1177958607052763]","[0.64, 0.7903225806451613]","[[0.7, 0.8823529411764706], [0.782608695652174, 0.46153846153846156], [0.0, 1.0], [0.0, 0.7777777777777778]]","[37, 36, 15, 24]",0.716687066503468,"[0.7836257309941519, 0.6249999999999999, 0.4827586206896552, 0.36842105263157887]",0.36842105263157887,1.1177958607052763,"[0.44554245471954346, 0.45054078102111816, 0.04540088027715683, 0.05851585045456886]","[0.3552124351263046, 0.3264462117637907, 0.1745104423413674, 0.26281519513577223]","[0.4464428126811981, 0.4498650133609772, 0.04550359398126602, 0.05818859487771988]","[0.4565701484680176, 0.44320711493492126, 0.04454343020915985, 0.055679287761449814]",0.0
"{""run_name"": ""fedheart_exp_paper_hetagg_gdro"", ""seed"": 7, ""run_dir"": ""runs/fedheart_cv/Ours_Regret_s7_f3"", ""use_fedheart"": true, ""num_classes"": 2, ""stratified_batching"": true, ""train_frac"": 0.8, ""group_max_train_samples"": [null, null, 20, 25], ""true_hetero_input_dim"": true, ""feature_mask"": [[0, 1, 2, 3, 5, 6, 7, 8, 9, 10], [0, 1, 2, 3, 5, 6, 11, 12], [0, 1, 2, 4, 5, 7, 11, 12], [0, 1, 2, 4, 5, 6, 8, 9, 10]], ""batch_size"": 64, ""num_workers"": 0, ""epochs"": 100, ""early_stopping_patience"": 30, ""lr"": 0.001, ""weight_decay"": 0.0001, ""optimizer"": ""adam"", ""grad_clip"": 1.0, ""lr_scheduler"": ""cosine"", ""lr_min"": 1e-05, ""latent_dim"": 64, ""head_hidden"": 32, ""groups"": [{""name"": ""cleveland"", ""encoder"": ""mlp_tabular_ln"", ""input_dim"": 10, ""hidden_dim"": 64, ""dropout"": 0.1}, {""name"": ""hungarian"", ""encoder"": ""mlp_tabular_ln"", ""input_dim"": 8, ""hidden_dim"": 64, ""dropout"": 0.1}, {""name"": ""switzerland"", ""encoder"": ""mlp_tabular_ln"", ""input_dim"": 8, ""hidden_dim"": 64, ""dropout"": 0.1}, {""name"": ""va_long_beach"", ""encoder"": ""mlp_tabular_ln"", ""input_dim"": 9, ""hidden_dim"": 64, ""dropout"": 0.1}], ""anchor_eps"": 0.0001, ""sep_samples_per_class"": 4, ""sep_method"": ""classifier"", ""sep_margin"": 1.0, ""lambda_fit"": 0.1, ""lambda_sep"": 0.1, ""groupdro_enabled"": true, ""groupdro_eta"": 0.02, ""groupdro_gamma"": 0.9, ""groupdro_update_mode"": ""exp"", ""groupdro_objective"": ""weighted"", ""groupdro_kl_lambda"": 0.0, ""groupdro_uniform_init"": false, ""log_interval"": 20, ""save_every"": 10, ""groupdro_ema_decay"": 0.9, ""groupdro_update_every"": 1, ""dro_signal"": ""val"", ""val_frac"": 0.15, ""impute_missing"": true, ""common_encoder"": false, ""use_regret"": true, ""optimal_losses"": [0.468332, 0.498132, 0.341179, 0.597641], ""data_split_seed"": 1003}","{""num_groups"": 4, ""num_classes"": 2, ""train_total"": 449, ""test_total"": 185, ""train_group_counts"": [205, 199, 20, 25], ""test_group_counts"": [61, 59, 25, 40], ""train_class_counts"": [251, 198], ""test_class_counts"": [83, 102], ""train_group_class_counts"": [[111, 94], [127, 72], [3, 17], [10, 15]], ""test_group_class_counts"": [[33, 28], [38, 21], [2, 23], [10, 30]], ""group_proportions"": [0.45657015590200445, 0.44320712694877507, 0.044543429844097995, 0.0556792873051225], ""val_group_counts"": [37, 36, 15, 24], ""val_total"": 112}","{""num_groups"": 4, ""eta"": 0.02, ""update_mode"": ""exp"", ""robust_objective"": ""weighted"", ""gamma"": 0.9, ""kl_lambda"": 0.0, ""initial_pi"": [0.4565701484680176, 0.44320711493492126, 0.04454343020915985, 0.055679287761449814]}",2026-09-15T20:45:00.781871,32,0.33369016235107196,0.8775510231113217,0.001,0.7891891891891892,0.7985832870241734,0.675,0.92,"[0.819672131147541, 0.7796610169491526, 0.92, 0.675]","[0.46272722888188283, 0.597269779955179, 0.3470343789085746, 1.0151706269942224]","[0.7951807228915663, 0.7843137254901961]","[[0.8787878787878788, 0.75], [0.8947368421052632, 0.5714285714285714], [0.0, 1.0], [0.3, 0.8]]","[61, 59, 25, 40]",0.787974962531958,"[0.8165162701668034, 0.7440774107440773, 0.4791666666666667, 0.551337359792925]",0.4791666666666667,1.0151706269942224,0.75,0.7766891891891892,0.6666666666666666,0.9333333333333333,"[0.7567567567567568, 0.6666666666666666, 0.9333333333333333, 0.75]","[0.5207751761819865, 0.809990538426468, 0.3322027768939734, 1.1249102601820293]","[0.64, 0.8387096774193549]","[[0.7, 0.8235294117647058], [0.782608695652174, 0.46153846153846156], [0.0, 1.0], [0.0, 1.0]]","[37, 36, 15, 24]",0.7417654808959158,"[0.7567567567567567, 0.6249999999999999, 0.4827586206896552, 0.42857142857142855]",0.42857142857142855,1.1249102601820293,"[0.44460538029670715, 0.4512538015842438, 0.04528999701142311, 0.05885085090994835]","[0.3430997516427721, 0.31800595990249086, 0.08102536139388879, 0.1240414846688509]","[0.44554245471954346, 0.45054078102111816, 0.04540088027715683, 0.05851585045456886]","[0.4565701484680176, 0.44320711493492126, 0.04454343020915985, 0.055679287761449814]",0.0
"{""run_name"": ""fedheart_exp_paper_hetagg_gdro"", ""seed"": 7, ""run_dir"": ""runs/fedheart_cv/Ours_Regret_s7_f3"", ""use_fedheart"": true, ""num_classes"": 2, ""stratified_batching"": true, ""train_frac"": 0.8, ""group_max_train_samples"": [null, null, 20, 25], ""true_hetero_input_dim"": true, ""feature_mask"": [[0, 1, 2, 3, 5, 6, 7, 8, 9, 10], [0, 1, 2, 3, 5, 6, 11, 12], [0, 1, 2, 4, 5, 7, 11, 12], [0, 1, 2, 4, 5, 6, 8, 9, 10]], ""batch_size"": 64, ""num_workers"": 0, ""epochs"": 100, ""early_stopping_patience"": 30, ""lr"": 0.001, ""weight_decay"": 0.0001, ""optimizer"": ""adam"", ""grad_clip"": 1.0, ""lr_scheduler"": ""cosine"", ""lr_min"": 1e-05, ""latent_dim"": 64, ""head_hidden"": 32, ""groups"": [{""name"": ""cleveland"", ""encoder"": ""mlp_tabular_ln"", ""input_dim"": 10, ""hidden_dim"": 64, ""dropout"": 0.1}, {""name"": ""hungarian"", ""encoder"": ""mlp_tabular_ln"", ""input_dim"": 8, ""hidden_dim"": 64, ""dropout"": 0.1}, {""name"": ""switzerland"", ""encoder"": ""mlp_tabular_ln"", ""input_dim"": 8, ""hidden_dim"": 64, ""dropout"": 0.1}, {""name"": ""va_long_beach"", ""encoder"": ""mlp_tabular_ln"", ""input_dim"": 9, ""hidden_dim"": 64, ""dropout"": 0.1}], ""anchor_eps"": 0.0001, ""sep_samples_per_class"": 4, ""sep_method"": ""classifier"", ""sep_margin"": 1.0, ""lambda_fit"": 0.1, ""lambda_sep"": 0.1, ""groupdro_enabled"": true, ""groupdro_eta"": 0.02, ""groupdro_gamma"": 0.9, ""groupdro_update_mode"": ""exp"", ""groupdro_objective"": ""weighted"", ""groupdro_kl_lambda"": 0.0, ""groupdro_uniform_init"": false, ""log_interval"": 20, ""save_every"": 10, ""groupdro_ema_decay"": 0.9, ""groupdro_update_every"": 1, ""dro_signal"": ""val"", ""val_frac"": 0.15, ""impute_missing"": true, ""common_encoder"": false, ""use_regret"": true, ""optimal_losses"": [0.468332, 0.498132, 0.341179, 0.597641], ""data_split_seed"": 1003}","{""num_groups"": 4, ""num_classes"": 2, ""train_total"": 449, ""test_total"": 185, ""train_group_counts"": [205, 199, 20, 25], ""test_group_counts"": [61, 59, 25, 40], ""train_class_counts"": [251, 198], ""test_class_counts"": [83, 102], ""train_group_class_counts"": [[111, 94], [127, 72], [3, 17], [10, 15]], ""test_group_class_counts"": [[33, 28], [38, 21], [2, 23], [10, 30]], ""group_proportions"": [0.45657015590200445, 0.44320712694877507, 0.044543429844097995, 0.0556792873051225], ""val_group_counts"": [37, 36, 15, 24], ""val_total"": 112}","{""num_groups"": 4, ""eta"": 0.02, ""update_mode"": ""exp"", ""robust_objective"": ""weighted"", ""gamma"": 0.9, ""kl_lambda"": 0.0, ""initial_pi"": [0.4565701484680176, 0.44320711493492126, 0.04454343020915985, 0.055679287761449814]}",2026-09-15T20:45:00.781871,33,0.34355157759049043,0.8684807294080047,0.001,0.7945945945945946,0.8026816476799111,0.675,0.92,"[0.8360655737704918, 0.7796610169491526, 0.92, 0.675]","[0.4663636573422395, 0.6096204779095064, 0.34092767421156167, 1.0192556313239038]","[0.8072289156626506, 0.7843137254901961]","[[0.8787878787878788, 0.7857142857142857], [0.9210526315789473, 0.5238095238095238], [0.0, 1.0], [0.3, 0.8]]","[61, 59, 25, 40]",0.7935752877613342,"[0.8338779956427016, 0.7359724612736662, 0.4791666666666667, 0.551337359792925]",0.4791666666666667,1.0192556313239038,0.75,0.7766891891891892,0.6666666666666666,0.9333333333333333,"[0.7567567567567568, 0.6666666666666666, 0.9333333333333333, 0.75]","[0.5196413423966717, 0.8280778897913277, 0.3294959532096982, 1.1152719557091284]","[0.64, 0.8387096774193549]","[[0.7, 0.8235294117647058], [0.782608695652174, 0.46153846153846156], [0.0, 1.0], [0.0, 1.0]]","[37, 36, 15, 24]",0.7417654808959158,"[0.7567567567567567, 0.6249999999999999, 0.4827586206896552, 0.42857142857142855]",0.42857142857142855,1.1152719557091284,"[0.4436279237270355, 0.45201000571250916, 0.04517091438174248, 0.05919107422232628]","[0.34202341522489277, 0.33652040575231823, 0.190768056238691, 0.13787096366286278]","[0.44460538029670715, 0.4512538015842438, 0.04528999701142311, 0.05885085090994835]","[0.4565701484680176, 0.44320711493492126, 0.04454343020915985, 0.055679287761449814]",0.0
"{""run_name"": ""fedheart_exp_paper_hetagg_gdro"", ""seed"": 7, ""run_dir"": ""runs/fedheart_cv/Ours_Regret_s7_f3"", ""use_fedheart"": true, ""num_classes"": 2, ""stratified_batching"": true, ""train_frac"": 0.8, ""group_max_train_samples"": [null, null, 20, 25], ""true_hetero_input_dim"": true, ""feature_mask"": [[0, 1, 2, 3, 5, 6, 7, 8, 9, 10], [0, 1, 2, 3, 5, 6, 11, 12], [0, 1, 2, 4, 5, 7, 11, 12], [0, 1, 2, 4, 5, 6, 8, 9, 10]], ""batch_size"": 64, ""num_workers"": 0, ""epochs"": 100, ""early_stopping_patience"": 30, ""lr"": 0.001, ""weight_decay"": 0.0001, ""optimizer"": ""adam"", ""grad_clip"": 1.0, ""lr_scheduler"": ""cosine"", ""lr_min"": 1e-05, ""latent_dim"": 64, ""head_hidden"": 32, ""groups"": [{""name"": ""cleveland"", ""encoder"": ""mlp_tabular_ln"", ""input_dim"": 10, ""hidden_dim"": 64, ""dropout"": 0.1}, {""name"": ""hungarian"", ""encoder"": ""mlp_tabular_ln"", ""input_dim"": 8, ""hidden_dim"": 64, ""dropout"": 0.1}, {""name"": ""switzerland"", ""encoder"": ""mlp_tabular_ln"", ""input_dim"": 8, ""hidden_dim"": 64, ""dropout"": 0.1}, {""name"": ""va_long_beach"", ""encoder"": ""mlp_tabular_ln"", ""input_dim"": 9, ""hidden_dim"": 64, ""dropout"": 0.1}], ""anchor_eps"": 0.0001, ""sep_samples_per_class"": 4, ""sep_method"": ""classifier"", ""sep_margin"": 1.0, ""lambda_fit"": 0.1, ""lambda_sep"": 0.1, ""groupdro_enabled"": true, ""groupdro_eta"": 0.02, ""groupdro_gamma"": 0.9, ""groupdro_update_mode"": ""exp"", ""groupdro_objective"": ""weighted"", ""groupdro_kl_lambda"": 0.0, ""groupdro_uniform_init"": false, ""log_interval"": 20, ""save_every"": 10, ""groupdro_ema_decay"": 0.9, ""groupdro_update_every"": 1, ""dro_signal"": ""val"", ""val_frac"": 0.15, ""impute_missing"": true, ""common_encoder"": false, ""use_regret"": true, ""optimal_losses"": [0.468332, 0.498132, 0.341179, 0.597641], ""data_split_seed"": 1003}","{""num_groups"": 4, ""num_classes"": 2, ""train_total"": 449, ""test_total"": 185, ""train_group_counts"": [205, 199, 20, 25], ""test_group_counts"": [61, 59, 25, 40], ""train_class_counts"": [251, 198], ""test_class_counts"": [83, 102], ""train_group_class_counts"": [[111, 94], [127, 72], [3, 17], [10, 15]], ""test_group_class_counts"": [[33, 28], [38, 21], [2, 23], [10, 30]], ""group_proportions"": [0.45657015590200445, 0.44320712694877507, 0.044543429844097995, 0.0556792873051225], ""val_group_counts"": [37, 36, 15, 24], ""val_total"": 112}","{""num_groups"": 4, ""eta"": 0.02, ""update_mode"": ""exp"", ""robust_objective"": ""weighted"", ""gamma"": 0.9, ""kl_lambda"": 0.0, ""initial_pi"": [0.4565701484680176, 0.44320711493492126, 0.04454343020915985, 0.055679287761449814]}",2026-09-15T20:45:00.781871,34,0.34393888975487275,0.8752834446846492,0.001,0.7945945945945946,0.8026816476799111,0.675,0.92,"[0.8360655737704918, 0.7796610169491526, 0.92, 0.675]","[0.484771050207439, 0.6451384296514473, 0.3364725797623396, 1.0550231831264683]","[0.8192771084337349, 0.7745098039215687]","[[0.9090909090909091, 0.75], [0.9210526315789473, 0.5238095238095238], [0.0, 1.0], [0.3, 0.8]]","[61, 59, 25, 40]",0.7938658221909454,"[0.8324175824175823, 0.7359724612736662, 0.4791666666666667, 0.551337359792925]",0.4791666666666667,1.0550231831264683,0.7232142857142857,0.7490990990990991,0.6666666666666666,0.9333333333333333,"[0.7297297297297297, 0.6666666666666666, 0.9333333333333333, 0.6666666666666666]","[0.5528476731096571, 0.8387283771945577, 0.3306440860653917, 1.1075732070021331]","[0.64, 0.7903225806451613]","[[0.7, 0.7647058823529411], [0.782608695652174, 0.46153846153846156], [0.0, 1.0], [0.0, 0.8888888888888888]]","[37, 36, 15, 24]",0.716687066503468,"[0.7295321637426899, 0.6249999999999999, 0.4827586206896552, 0.39999999999999997]",0.39999999999999997,1.1075732070021331,"[0.4426266551017761, 0.45279741287231445, 0.045042891055345535, 0.0595330074429512]","[0.36464159403528484, 0.3336633209671293, 0.09439300590505202, 0.13047891793151697]","[0.4436279237270355, 0.45201000571250916, 0.04517091438174248, 0.05919107422232628]","[0.4565701484680176, 0.44320711493492126, 0.04454343020915985, 0.055679287761449814]",0.0
"{""run_name"": ""fedheart_exp_paper_hetagg_gdro"", ""seed"": 7, ""run_dir"": ""runs/fedheart_cv/Ours_Regret_s7_f3"", ""use_fedheart"": true, ""num_classes"": 2, ""stratified_batching"": true, ""train_frac"": 0.8, ""group_max_train_samples"": [null, null, 20, 25], ""true_hetero_input_dim"": true, ""feature_mask"": [[0, 1, 2, 3, 5, 6, 7, 8, 9, 10], [0, 1, 2, 3, 5, 6, 11, 12], [0, 1, 2, 4, 5, 7, 11, 12], [0, 1, 2, 4, 5, 6, 8, 9, 10]], ""batch_size"": 64, ""num_workers"": 0, ""epochs"": 100, ""early_stopping_patience"": 30, ""lr"": 0.001, ""weight_decay"": 0.0001, ""optimizer"": ""adam"", ""grad_clip"": 1.0, ""lr_scheduler"": ""cosine"", ""lr_min"": 1e-05, ""latent_dim"": 64, ""head_hidden"": 32, ""groups"": [{""name"": ""cleveland"", ""encoder"": ""mlp_tabular_ln"", ""input_dim"": 10, ""hidden_dim"": 64, ""dropout"": 0.1}, {""name"": ""hungarian"", ""encoder"": ""mlp_tabular_ln"", ""input_dim"": 8, ""hidden_dim"": 64, ""dropout"": 0.1}, {""name"": ""switzerland"", ""encoder"": ""mlp_tabular_ln"", ""input_dim"": 8, ""hidden_dim"": 64, ""dropout"": 0.1}, {""name"": ""va_long_beach"", ""encoder"": ""mlp_tabular_ln"", ""input_dim"": 9, ""hidden_dim"": 64, ""dropout"": 0.1}], ""anchor_eps"": 0.0001, ""sep_samples_per_class"": 4, ""sep_method"": ""classifier"", ""sep_margin"": 1.0, ""lambda_fit"": 0.1, ""lambda_sep"": 0.1, ""groupdro_enabled"": true, ""groupdro_eta"": 0.02, ""groupdro_gamma"": 0.9, ""groupdro_update_mode"": ""exp"", ""groupdro_objective"": ""weighted"", ""groupdro_kl_lambda"": 0.0, ""groupdro_uniform_init"": false, ""log_interval"": 20, ""save_every"": 10, ""groupdro_ema_decay"": 0.9, ""groupdro_update_every"": 1, ""dro_signal"": ""val"", ""val_frac"": 0.15, ""impute_missing"": true, ""common_encoder"": false, ""use_regret"": true, ""optimal_losses"": [0.468332, 0.498132, 0.341179, 0.597641], ""data_split_seed"": 1003}","{""num_groups"": 4, ""num_classes"": 2, ""train_total"": 449, ""test_total"": 185, ""train_group_counts"": [205, 199, 20, 25], ""test_group_counts"": [61, 59, 25, 40], ""train_class_counts"": [251, 198], ""test_class_counts"": [83, 102], ""train_group_class_counts"": [[111, 94], [127, 72], [3, 17], [10, 15]], ""test_group_class_counts"": [[33, 28], [38, 21], [2, 23], [10, 30]], ""group_proportions"": [0.45657015590200445, 0.44320712694877507, 0.044543429844097995, 0.0556792873051225], ""val_group_counts"": [37, 36, 15, 24], ""val_total"": 112}","{""num_groups"": 4, ""eta"": 0.02, ""update_mode"": ""exp"", ""robust_objective"": ""weighted"", ""gamma"": 0.9, ""kl_lambda"": 0.0, ""initial_pi"": [0.4565701484680176, 0.44320711493492126, 0.04454343020915985, 0.055679287761449814]}",2026-09-15T20:45:00.781871,35,0.3276932981211582,0.8820861715848755,0.001,0.7783783783783784,0.7902476382328425,0.675,0.92,"[0.8032786885245902, 0.7627118644067796, 0.92, 0.675]","[0.5140986666083336, 0.6189254206621041, 0.32499237433075906, 1.0656362344743684]","[0.8192771084337349, 0.7450980392156863]","[[0.9393939393939394, 0.6428571428571429], [0.8947368421052632, 0.5238095238095238], [0.0, 1.0], [0.3, 0.8]]","[61, 59, 25, 40]",0.7779631743801411,"[0.7939189189189189, 0.7201897018970189, 0.4791666666666667, 0.551337359792925]",0.4791666666666667,1.0656362344743684,0.7053571428571429,0.7319256756756757,0.625,0.9333333333333333,"[0.7027027027027027, 0.6666666666666666, 0.9333333333333333, 0.625]","[0.5921993122712986, 0.8066635395257941, 0.32285081315785646, 1.0985874155303463]","[0.64, 0.7580645161290323]","[[0.7, 0.7058823529411765], [0.782608695652174, 0.46153846153846156], [0.0, 1.0], [0.0, 0.8333333333333334]]","[37, 36, 15, 24]",0.6999756473739751,"[0.7018315018315018, 0.6249999999999999, 0.4827586206896552, 0.3846153846153846]",0.3846153846153846,1.0985874155303463,"[0.44163694977760315, 0.4535817503929138, 0.044905997812747955, 0.059875309467315674]","[0.33502060387815746, 0.3199360455785479, 0.18748542728523412, 0.12292524240911007]","[0.4426266551017761, 0.45279741287231445, 0.045042891055345535, 0.0595330074429512]","[0.4565701484680176, 0.44320711493492126, 0.04454343020915985, 0.055679287761449814]",0.0
"{""run_name"": ""fedheart_exp_paper_hetagg_gdro"", ""seed"": 7, ""run_dir"": ""runs/fedheart_cv/Ours_Regret_s7_f3"", ""use_fedheart"": true, ""num_classes"": 2, ""stratified_batching"": true, ""train_frac"": 0.8, ""group_max_train_samples"": [null, null, 20, 25], ""true_hetero_input_dim"": true, ""feature_mask"": [[0, 1, 2, 3, 5, 6, 7, 8, 9, 10], [0, 1, 2, 3, 5, 6, 11, 12], [0, 1, 2, 4, 5, 7, 11, 12], [0, 1, 2, 4, 5, 6, 8, 9, 10]], ""batch_size"": 64, ""num_workers"": 0, ""epochs"": 100, ""early_stopping_patience"": 30, ""lr"": 0.001, ""weight_decay"": 0.0001, ""optimizer"": ""adam"", ""grad_clip"": 1.0, ""lr_scheduler"": ""cosine"", ""lr_min"": 1e-05, ""latent_dim"": 64, ""head_hidden"": 32, ""groups"": [{""name"": ""cleveland"", ""encoder"": ""mlp_tabular_ln"", ""input_dim"": 10, ""hidden_dim"": 64, ""dropout"": 0.1}, {""name"": ""hungarian"", ""encoder"": ""mlp_tabular_ln"", ""input_dim"": 8, ""hidden_dim"": 64, ""dropout"": 0.1}, {""name"": ""switzerland"", ""encoder"": ""mlp_tabular_ln"", ""input_dim"": 8, ""hidden_dim"": 64, ""dropout"": 0.1}, {""name"": ""va_long_beach"", ""encoder"": ""mlp_tabular_ln"", ""input_dim"": 9, ""hidden_dim"": 64, ""dropout"": 0.1}], ""anchor_eps"": 0.0001, ""sep_samples_per_class"": 4, ""sep_method"": ""classifier"", ""sep_margin"": 1.0, ""lambda_fit"": 0.1, ""lambda_sep"": 0.1, ""groupdro_enabled"": true, ""groupdro_eta"": 0.02, ""groupdro_gamma"": 0.9, ""groupdro_update_mode"": ""exp"", ""groupdro_objective"": ""weighted"", ""groupdro_kl_lambda"": 0.0, ""groupdro_uniform_init"": false, ""log_interval"": 20, ""save_every"": 10, ""groupdro_ema_decay"": 0.9, ""groupdro_update_every"": 1, ""dro_signal"": ""val"", ""val_frac"": 0.15, ""impute_missing"": true, ""common_encoder"": false, ""use_regret"": true, ""optimal_losses"": [0.468332, 0.498132, 0.341179, 0.597641], ""data_split_seed"": 1003}","{""num_groups"": 4, ""num_classes"": 2, ""train_total"": 449, ""test_total"": 185, ""train_group_counts"": [205, 199, 20, 25], ""test_group_counts"": [61, 59, 25, 40], ""train_class_counts"": [251, 198], ""test_class_counts"": [83, 102], ""train_group_class_counts"": [[111, 94], [127, 72], [3, 17], [10, 15]], ""test_group_class_counts"": [[33, 28], [38, 21], [2, 23], [10, 30]], ""group_proportions"": [0.45657015590200445, 0.44320712694877507, 0.044543429844097995, 0.0556792873051225], ""val_group_counts"": [37, 36, 15, 24], ""val_total"": 112}","{""num_groups"": 4, ""eta"": 0.02, ""update_mode"": ""exp"", ""robust_objective"": ""weighted"", ""gamma"": 0.9, ""kl_lambda"": 0.0, ""initial_pi"": [0.4565701484680176, 0.44320711493492126, 0.04454343020915985, 0.055679287761449814]}",2026-09-15T20:45:00.781871,36,0.3170738172233781,0.8820861686114011,0.001,0.7621621621621621,0.7758009169213671,0.65,0.92,"[0.7704918032786885, 0.7627118644067796, 0.92, 0.65]","[0.5119816461791757, 0.633052278988821, 0.32062075866386297, 1.1074394183815457]","[0.7349397590361446, 0.7843137254901961]","[[0.7272727272727273, 0.8214285714285714], [0.8947368421052632, 0.5238095238095238], [0.0, 1.0], [0.3, 0.7666666666666667]]","[61, 59, 25, 40]",0.7596267422631703,"[0.7704301075268817, 0.7201897018970189, 0.4791666666666667, 0.5333333333333333]",0.4791666666666667,1.1074394183815457,0.7053571428571429,0.7319256756756757,0.625,0.9333333333333333,"[0.7027027027027027, 0.6666666666666666, 0.9333333333333333, 0.625]","[0.6530309514570478, 0.8152550166123547, 0.3206414328267177, 1.092491286418711]","[0.58, 0.8064516129032258]","[[0.55, 0.8823529411764706], [0.782608695652174, 0.46153846153846156], [0.0, 1.0], [0.0, 0.8333333333333334]]","[37, 36, 15, 24]",0.6946211683053789,"[0.6991869918699187, 0.6249999999999999, 0.4827586206896552, 0.3846153846153846]",0.3846153846153846,1.092491286418711,"[0.4406844675540924, 0.4543435275554657, 0.04475830867886543, 0.060213714838027954]","[0.3469025620392391, 0.32496304171425955, 0.10658370951811473, 0.09851650893688202]","[0.44163694977760315, 0.4535817503929138, 0.044905997812747955, 0.059875309467315674]","[0.4565701484680176, 0.44320711493492126, 0.04454343020915985, 0.055679287761449814]",0.0
"{""run_name"": ""fedheart_exp_paper_hetagg_gdro"", ""seed"": 7, ""run_dir"": ""runs/fedheart_cv/Ours_Regret_s7_f3"", ""use_fedheart"": true, ""num_classes"": 2, ""stratified_batching"": true, ""train_frac"": 0.8, ""group_max_train_samples"": [null, null, 20, 25], ""true_hetero_input_dim"": true, ""feature_mask"": [[0, 1, 2, 3, 5, 6, 7, 8, 9, 10], [0, 1, 2, 3, 5, 6, 11, 12], [0, 1, 2, 4, 5, 7, 11, 12], [0, 1, 2, 4, 5, 6, 8, 9, 10]], ""batch_size"": 64, ""num_workers"": 0, ""epochs"": 100, ""early_stopping_patience"": 30, ""lr"": 0.001, ""weight_decay"": 0.0001, ""optimizer"": ""adam"", ""grad_clip"": 1.0, ""lr_scheduler"": ""cosine"", ""lr_min"": 1e-05, ""latent_dim"": 64, ""head_hidden"": 32, ""groups"": [{""name"": ""cleveland"", ""encoder"": ""mlp_tabular_ln"", ""input_dim"": 10, ""hidden_dim"": 64, ""dropout"": 0.1}, {""name"": ""hungarian"", ""encoder"": ""mlp_tabular_ln"", ""input_dim"": 8, ""hidden_dim"": 64, ""dropout"": 0.1}, {""name"": ""switzerland"", ""encoder"": ""mlp_tabular_ln"", ""input_dim"": 8, ""hidden_dim"": 64, ""dropout"": 0.1}, {""name"": ""va_long_beach"", ""encoder"": ""mlp_tabular_ln"", ""input_dim"": 9, ""hidden_dim"": 64, ""dropout"": 0.1}], ""anchor_eps"": 0.0001, ""sep_samples_per_class"": 4, ""sep_method"": ""classifier"", ""sep_margin"": 1.0, ""lambda_fit"": 0.1, ""lambda_sep"": 0.1, ""groupdro_enabled"": true, ""groupdro_eta"": 0.02, ""groupdro_gamma"": 0.9, ""groupdro_update_mode"": ""exp"", ""groupdro_objective"": ""weighted"", ""groupdro_kl_lambda"": 0.0, ""groupdro_uniform_init"": false, ""log_interval"": 20, ""save_every"": 10, ""groupdro_ema_decay"": 0.9, ""groupdro_update_every"": 1, ""dro_signal"": ""val"", ""val_frac"": 0.15, ""impute_missing"": true, ""common_encoder"": false, ""use_regret"": true, ""optimal_losses"": [0.468332, 0.498132, 0.341179, 0.597641], ""data_split_seed"": 1003}","{""num_groups"": 4, ""num_classes"": 2, ""train_total"": 449, ""test_total"": 185, ""train_group_counts"": [205, 199, 20, 25], ""test_group_counts"": [61, 59, 25, 40], ""train_class_counts"": [251, 198], ""test_class_counts"": [83, 102], ""train_group_class_counts"": [[111, 94], [127, 72], [3, 17], [10, 15]], ""test_group_class_counts"": [[33, 28], [38, 21], [2, 23], [10, 30]], ""group_proportions"": [0.45657015590200445, 0.44320712694877507, 0.044543429844097995, 0.0556792873051225], ""val_group_counts"": [37, 36, 15, 24], ""val_total"": 112}","{""num_groups"": 4, ""eta"": 0.02, ""update_mode"": ""exp"", ""robust_objective"": ""weighted"", ""gamma"": 0.9, ""kl_lambda"": 0.0, ""initial_pi"": [0.4565701484680176, 0.44320711493492126, 0.04454343020915985, 0.055679287761449814]}",2026-09-15T20:45:00.781871,37,0.3172820490233752,0.8684807283267413,0.001,0.7675675675675676,0.7800382050569603,0.65,0.92,"[0.7704918032786885, 0.7796610169491526, 0.92, 0.65]","[0.5035235062317892, 0.6384892591701473, 0.31774362698197367, 1.121630079066381]","[0.8192771084337349, 0.7254901960784313]","[[0.9090909090909091, 0.6071428571428571], [0.9210526315789473, 0.5238095238095238], [0.0, 1.0], [0.3, 0.7666666666666667]]","[61, 59, 25, 40]",0.7673228231302467,"[0.759572072072072, 0.7359724612736662, 0.4791666666666667, 0.5333333333333333]",0.4791666666666667,1.121630079066381,0.7142857142857143,0.7386824324324324,0.625,0.9333333333333333,"[0.7297297297297297, 0.6666666666666666, 0.9333333333333333, 0.625]","[0.5702023167867918, 0.8238681949183552, 0.3186090165128311, 1.0859443629936625]","[0.66, 0.7580645161290323]","[[0.75, 0.7058823529411765], [0.782608695652174, 0.46153846153846156], [0.0, 1.0], [0.0, 0.8333333333333334]]","[37, 36, 15, 24]",0.709750566893424,"[0.7279411764705883, 0.6249999999999999, 0.4827586206896552, 0.3846153846153846]",0.3846153846153846,1.0859443629936625,"[0.4397215247154236, 0.45512276887893677, 0.04460379481315613, 0.06055190786719322]","[0.33567191873277935, 0.32004814594984055, 0.09867309406399727, 0.1620250272875031]","[0.4406844675540924, 0.4543435275554657, 0.04475830867886543, 0.060213714838027954]","[0.4565701484680176, 0.44320711493492126, 0.04454343020915985, 0.055679287761449814]",0.0
"{""run_name"": ""fedheart_exp_paper_hetagg_gdro"", ""seed"": 7, ""run_dir"": ""runs/fedheart_cv/Ours_Regret_s7_f3"", ""use_fedheart"": true, ""num_classes"": 2, ""stratified_batching"": true, ""train_frac"": 0.8, ""group_max_train_samples"": [null, null, 20, 25], ""true_hetero_input_dim"": true, ""feature_mask"": [[0, 1, 2, 3, 5, 6, 7, 8, 9, 10], [0, 1, 2, 3, 5, 6, 11, 12], [0, 1, 2, 4, 5, 7, 11, 12], [0, 1, 2, 4, 5, 6, 8, 9, 10]], ""batch_size"": 64, ""num_workers"": 0, ""epochs"": 100, ""early_stopping_patience"": 30, ""lr"": 0.001, ""weight_decay"": 0.0001, ""optimizer"": ""adam"", ""grad_clip"": 1.0, ""lr_scheduler"": ""cosine"", ""lr_min"": 1e-05, ""latent_dim"": 64, ""head_hidden"": 32, ""groups"": [{""name"": ""cleveland"", ""encoder"": ""mlp_tabular_ln"", ""input_dim"": 10, ""hidden_dim"": 64, ""dropout"": 0.1}, {""name"": ""hungarian"", ""encoder"": ""mlp_tabular_ln"", ""input_dim"": 8, ""hidden_dim"": 64, ""dropout"": 0.1}, {""name"": ""switzerland"", ""encoder"": ""mlp_tabular_ln"", ""input_dim"": 8, ""hidden_dim"": 64, ""dropout"": 0.1}, {""name"": ""va_long_beach"", ""encoder"": ""mlp_tabular_ln"", ""input_dim"": 9, ""hidden_dim"": 64, ""dropout"": 0.1}], ""anchor_eps"": 0.0001, ""sep_samples_per_class"": 4, ""sep_method"": ""classifier"", ""sep_margin"": 1.0, ""lambda_fit"": 0.1, ""lambda_sep"": 0.1, ""groupdro_enabled"": true, ""groupdro_eta"": 0.02, ""groupdro_gamma"": 0.9, ""groupdro_update_mode"": ""exp"", ""groupdro_objective"": ""weighted"", ""groupdro_kl_lambda"": 0.0, ""groupdro_uniform_init"": false, ""log_interval"": 20, ""save_every"": 10, ""groupdro_ema_decay"": 0.9, ""groupdro_update_every"": 1, ""dro_signal"": ""val"", ""val_frac"": 0.15, ""impute_missing"": true, ""common_encoder"": false, ""use_regret"": true, ""optimal_losses"": [0.468332, 0.498132, 0.341179, 0.597641], ""data_split_seed"": 1003}","{""num_groups"": 4, ""num_classes"": 2, ""train_total"": 449, ""test_total"": 185, ""train_group_counts"": [205, 199, 20, 25], ""test_group_counts"": [61, 59, 25, 40], ""train_class_counts"": [251, 198], ""test_class_counts"": [83, 102], ""train_group_class_counts"": [[111, 94], [127, 72], [3, 17], [10, 15]], ""test_group_class_counts"": [[33, 28], [38, 21], [2, 23], [10, 30]], ""group_proportions"": [0.45657015590200445, 0.44320712694877507, 0.044543429844097995, 0.0556792873051225], ""val_group_counts"": [37, 36, 15, 24], ""val_total"": 112}","{""num_groups"": 4, ""eta"": 0.02, ""update_mode"": ""exp"", ""robust_objective"": ""weighted"", ""gamma"": 0.9, ""kl_lambda"": 0.0, ""initial_pi"": [0.4565701484680176, 0.44320711493492126, 0.04454343020915985, 0.055679287761449814]}",2026-09-15T20:45:00.781871,38,0.32634807876448513,0.8752834456307548,0.001,0.7891891891891892,0.7985832870241734,0.675,0.92,"[0.819672131147541, 0.7796610169491526, 0.92, 0.675]","[0.47550955559814073, 0.6413928238848635, 0.32628646759316327, 1.0895001422730275]","[0.7951807228915663, 0.7843137254901961]","[[0.8484848484848485, 0.7857142857142857], [0.9210526315789473, 0.5238095238095238], [0.0, 1.0], [0.3, 0.8]]","[61, 59, 25, 40]",0.787974962531958,"[0.817910447761194, 0.7359724612736662, 0.4791666666666667, 0.551337359792925]",0.4791666666666667,1.0895001422730275,0.7410714285714286,0.7662725225225225,0.6666666666666666,0.9333333333333333,"[0.7567567567567568, 0.6666666666666666, 0.9333333333333333, 0.7083333333333334]","[0.5681402864991814, 0.8261837820625968, 0.3216993580261866, 1.0781901387575392]","[0.64, 0.8225806451612904]","[[0.7, 0.8235294117647058], [0.782608695652174, 0.46153846153846156], [0.0, 1.0], [0.0, 0.9444444444444444]]","[37, 36, 15, 24]",0.733398998604613,"[0.7567567567567567, 0.6249999999999999, 0.4827586206896552, 0.41463414634146345]",0.41463414634146345,1.0781901387575392,"[0.43874746561050415, 0.45591989159584045, 0.0444435179233551, 0.0608891025185585]","[0.3464656046458653, 0.3337274044752121, 0.14293140297134718, 0.10407347573588292]","[0.4397215247154236, 0.45512276887893677, 0.04460379481315613, 0.06055190786719322]","[0.4565701484680176, 0.44320711493492126, 0.04454343020915985, 0.055679287761449814]",0.0
"{""run_name"": ""fedheart_exp_paper_hetagg_gdro"", ""seed"": 7, ""run_dir"": ""runs/fedheart_cv/Ours_Regret_s7_f3"", ""use_fedheart"": true, ""num_classes"": 2, ""stratified_batching"": true, ""train_frac"": 0.8, ""group_max_train_samples"": [null, null, 20, 25], ""true_hetero_input_dim"": true, ""feature_mask"": [[0, 1, 2, 3, 5, 6, 7, 8, 9, 10], [0, 1, 2, 3, 5, 6, 11, 12], [0, 1, 2, 4, 5, 7, 11, 12], [0, 1, 2, 4, 5, 6, 8, 9, 10]], ""batch_size"": 64, ""num_workers"": 0, ""epochs"": 100, ""early_stopping_patience"": 30, ""lr"": 0.001, ""weight_decay"": 0.0001, ""optimizer"": ""adam"", ""grad_clip"": 1.0, ""lr_scheduler"": ""cosine"", ""lr_min"": 1e-05, ""latent_dim"": 64, ""head_hidden"": 32, ""groups"": [{""name"": ""cleveland"", ""encoder"": ""mlp_tabular_ln"", ""input_dim"": 10, ""hidden_dim"": 64, ""dropout"": 0.1}, {""name"": ""hungarian"", ""encoder"": ""mlp_tabular_ln"", ""input_dim"": 8, ""hidden_dim"": 64, ""dropout"": 0.1}, {""name"": ""switzerland"", ""encoder"": ""mlp_tabular_ln"", ""input_dim"": 8, ""hidden_dim"": 64, ""dropout"": 0.1}, {""name"": ""va_long_beach"", ""encoder"": ""mlp_tabular_ln"", ""input_dim"": 9, ""hidden_dim"": 64, ""dropout"": 0.1}], ""anchor_eps"": 0.0001, ""sep_samples_per_class"": 4, ""sep_method"": ""classifier"", ""sep_margin"": 1.0, ""lambda_fit"": 0.1, ""lambda_sep"": 0.1, ""groupdro_enabled"": true, ""groupdro_eta"": 0.02, ""groupdro_gamma"": 0.9, ""groupdro_update_mode"": ""exp"", ""groupdro_objective"": ""weighted"", ""groupdro_kl_lambda"": 0.0, ""groupdro_uniform_init"": false, ""log_interval"": 20, ""save_every"": 10, ""groupdro_ema_decay"": 0.9, ""groupdro_update_every"": 1, ""dro_signal"": ""val"", ""val_frac"": 0.15, ""impute_missing"": true, ""common_encoder"": false, ""use_regret"": true, ""optimal_losses"": [0.468332, 0.498132, 0.341179, 0.597641], ""data_split_seed"": 1003}","{""num_groups"": 4, ""num_classes"": 2, ""train_total"": 449, ""test_total"": 185, ""train_group_counts"": [205, 199, 20, 25], ""test_group_counts"": [61, 59, 25, 40], ""train_class_counts"": [251, 198], ""test_class_counts"": [83, 102], ""train_group_class_counts"": [[111, 94], [127, 72], [3, 17], [10, 15]], ""test_group_class_counts"": [[33, 28], [38, 21], [2, 23], [10, 30]], ""group_proportions"": [0.45657015590200445, 0.44320712694877507, 0.044543429844097995, 0.0556792873051225], ""val_group_counts"": [37, 36, 15, 24], ""val_total"": 112}","{""num_groups"": 4, ""eta"": 0.02, ""update_mode"": ""exp"", ""robust_objective"": ""weighted"", ""gamma"": 0.9, ""kl_lambda"": 0.0, ""initial_pi"": [0.4565701484680176, 0.44320711493492126, 0.04454343020915985, 0.055679287761449814]}",2026-09-15T20:45:00.781871,39,0.3160933839355737,0.8662131517922798,0.001,0.7837837837837838,0.7966365657126979,0.7,0.92,"[0.7868852459016393, 0.7796610169491526, 0.92, 0.7]","[0.46114210872987255, 0.6141841321457493, 0.3202199663594365, 1.0943590246373787]","[0.7710843373493976, 0.7941176470588235]","[[0.7878787878787878, 0.7857142857142857], [0.9210526315789473, 0.5238095238095238], [0.0, 1.0], [0.3, 0.8333333333333334]]","[61, 59, 25, 40]",0.781942479962282,"[0.7859649122807018, 0.7359724612736662, 0.4791666666666667, 0.5698924731182795]",0.4791666666666667,1.0943590246373787,0.7321428571428571,0.7595157657657657,0.6666666666666666,0.9333333333333333,"[0.7297297297297297, 0.6666666666666666, 0.9333333333333333, 0.7083333333333334]","[0.5679313116329344, 0.8159219662710611, 0.32189717292785647, 1.0915039506508037]","[0.6, 0.8387096774193549]","[[0.6, 0.8823529411764706], [0.782608695652174, 0.46153846153846156], [0.0, 1.0], [0.0, 0.9444444444444444]]","[37, 36, 15, 24]",0.7213930348258706,"[0.7279411764705882, 0.6249999999999999, 0.4827586206896552, 0.41463414634146345]",0.41463414634146345,1.0915039506508037,"[0.4377666413784027, 0.45672720670700073, 0.04427850991487503, 0.06122763082385063]","[0.32021781376429964, 0.36202463294778553, 0.08351814529548089, 0.048981395860513054]","[0.43874746561050415, 0.45591989159584045, 0.0444435179233551, 0.0608891025185585]","[0.4565701484680176, 0.44320711493492126, 0.04454343020915985, 0.055679287761449814]",0.0
"{""run_name"": ""fedheart_exp_paper_hetagg_gdro"", ""seed"": 7, ""run_dir"": ""runs/fedheart_cv/Ours_Regret_s7_f3"", ""use_fedheart"": true, ""num_classes"": 2, ""stratified_batching"": true, ""train_frac"": 0.8, ""group_max_train_samples"": [null, null, 20, 25], ""true_hetero_input_dim"": true, ""feature_mask"": [[0, 1, 2, 3, 5, 6, 7, 8, 9, 10], [0, 1, 2, 3, 5, 6, 11, 12], [0, 1, 2, 4, 5, 7, 11, 12], [0, 1, 2, 4, 5, 6, 8, 9, 10]], ""batch_size"": 64, ""num_workers"": 0, ""epochs"": 100, ""early_stopping_patience"": 30, ""lr"": 0.001, ""weight_decay"": 0.0001, ""optimizer"": ""adam"", ""grad_clip"": 1.0, ""lr_scheduler"": ""cosine"", ""lr_min"": 1e-05, ""latent_dim"": 64, ""head_hidden"": 32, ""groups"": [{""name"": ""cleveland"", ""encoder"": ""mlp_tabular_ln"", ""input_dim"": 10, ""hidden_dim"": 64, ""dropout"": 0.1}, {""name"": ""hungarian"", ""encoder"": ""mlp_tabular_ln"", ""input_dim"": 8, ""hidden_dim"": 64, ""dropout"": 0.1}, {""name"": ""switzerland"", ""encoder"": ""mlp_tabular_ln"", ""input_dim"": 8, ""hidden_dim"": 64, ""dropout"": 0.1}, {""name"": ""va_long_beach"", ""encoder"": ""mlp_tabular_ln"", ""input_dim"": 9, ""hidden_dim"": 64, ""dropout"": 0.1}], ""anchor_eps"": 0.0001, ""sep_samples_per_class"": 4, ""sep_method"": ""classifier"", ""sep_margin"": 1.0, ""lambda_fit"": 0.1, ""lambda_sep"": 0.1, ""groupdro_enabled"": true, ""groupdro_eta"": 0.02, ""groupdro_gamma"": 0.9, ""groupdro_update_mode"": ""exp"", ""groupdro_objective"": ""weighted"", ""groupdro_kl_lambda"": 0.0, ""groupdro_uniform_init"": false, ""log_interval"": 20, ""save_every"": 10, ""groupdro_ema_decay"": 0.9, ""groupdro_update_every"": 1, ""dro_signal"": ""val"", ""val_frac"": 0.15, ""impute_missing"": true, ""common_encoder"": false, ""use_regret"": true, ""optimal_losses"": [0.468332, 0.498132, 0.341179, 0.597641], ""data_split_seed"": 1003}","{""num_groups"": 4, ""num_classes"": 2, ""train_total"": 449, ""test_total"": 185, ""train_group_counts"": [205, 199, 20, 25], ""test_group_counts"": [61, 59, 25, 40], ""train_class_counts"": [251, 198], ""test_class_counts"": [83, 102], ""train_group_class_counts"": [[111, 94], [127, 72], [3, 17], [10, 15]], ""test_group_class_counts"": [[33, 28], [38, 21], [2, 23], [10, 30]], ""group_proportions"": [0.45657015590200445, 0.44320712694877507, 0.044543429844097995, 0.0556792873051225], ""val_group_counts"": [37, 36, 15, 24], ""val_total"": 112}","{""num_groups"": 4, ""eta"": 0.02, ""update_mode"": ""exp"", ""robust_objective"": ""weighted"", ""gamma"": 0.9, ""kl_lambda"": 0.0, ""initial_pi"": [0.4565701484680176, 0.44320711493492126, 0.04454343020915985, 0.055679287761449814]}",2026-09-15T20:45:00.781871,40,0.3040713362412658,0.8752834465768602,0.001,0.7891891891891892,0.7987222145040289,0.675,0.92,"[0.8032786885245902, 0.7966101694915254, 0.92, 0.675]","[0.479649519440947, 0.6127169268142622, 0.31464548004791143, 1.1122226754436269]","[0.8192771084337349, 0.7647058823529411]","[[0.9090909090909091, 0.6785714285714286], [0.9210526315789473, 0.5714285714285714], [0.0, 1.0], [0.3, 0.8]]","[61, 59, 25, 40]",0.7885714285714285,"[0.7966666666666666, 0.7601626016260162, 0.4791666666666667, 0.551337359792925]",0.4791666666666667,1.1122226754436269,0.75,0.7730292792792792,0.6666666666666666,0.9333333333333333,"[0.7837837837837838, 0.6666666666666666, 0.9333333333333333, 0.7083333333333334]","[0.5128483840994336, 0.8043706730887707, 0.32738925560067095, 1.0806950569579687]","[0.66, 0.8225806451612904]","[[0.75, 0.8235294117647058], [0.782608695652174, 0.46153846153846156], [0.0, 1.0], [0.0, 0.9444444444444444]]","[37, 36, 15, 24]",0.7433715220949262,"[0.783625730994152, 0.6249999999999999, 0.4827586206896552, 0.41463414634146345]",0.41463414634146345,1.0806950569579687,"[0.43675756454467773, 0.4575601816177368, 0.04411246255040169, 0.06156983599066734]","[0.34203554477010456, 0.3147241324186325, 0.09184668585658073, 0.07391437763969104]","[0.4377666413784027, 0.45672720670700073, 0.04427850991487503, 0.06122763082385063]","[0.4565701484680176, 0.44320711493492126, 0.04454343020915985, 0.055679287761449814]",0.0
"{""run_name"": ""fedheart_exp_paper_hetagg_gdro"", ""seed"": 7, ""run_dir"": ""runs/fedheart_cv/Ours_Regret_s7_f3"", ""use_fedheart"": true, ""num_classes"": 2, ""stratified_batching"": true, ""train_frac"": 0.8, ""group_max_train_samples"": [null, null, 20, 25], ""true_hetero_input_dim"": true, ""feature_mask"": [[0, 1, 2, 3, 5, 6, 7, 8, 9, 10], [0, 1, 2, 3, 5, 6, 11, 12], [0, 1, 2, 4, 5, 7, 11, 12], [0, 1, 2, 4, 5, 6, 8, 9, 10]], ""batch_size"": 64, ""num_workers"": 0, ""epochs"": 100, ""early_stopping_patience"": 30, ""lr"": 0.001, ""weight_decay"": 0.0001, ""optimizer"": ""adam"", ""grad_clip"": 1.0, ""lr_scheduler"": ""cosine"", ""lr_min"": 1e-05, ""latent_dim"": 64, ""head_hidden"": 32, ""groups"": [{""name"": ""cleveland"", ""encoder"": ""mlp_tabular_ln"", ""input_dim"": 10, ""hidden_dim"": 64, ""dropout"": 0.1}, {""name"": ""hungarian"", ""encoder"": ""mlp_tabular_ln"", ""input_dim"": 8, ""hidden_dim"": 64, ""dropout"": 0.1}, {""name"": ""switzerland"", ""encoder"": ""mlp_tabular_ln"", ""input_dim"": 8, ""hidden_dim"": 64, ""dropout"": 0.1}, {""name"": ""va_long_beach"", ""encoder"": ""mlp_tabular_ln"", ""input_dim"": 9, ""hidden_dim"": 64, ""dropout"": 0.1}], ""anchor_eps"": 0.0001, ""sep_samples_per_class"": 4, ""sep_method"": ""classifier"", ""sep_margin"": 1.0, ""lambda_fit"": 0.1, ""lambda_sep"": 0.1, ""groupdro_enabled"": true, ""groupdro_eta"": 0.02, ""groupdro_gamma"": 0.9, ""groupdro_update_mode"": ""exp"", ""groupdro_objective"": ""weighted"", ""groupdro_kl_lambda"": 0.0, ""groupdro_uniform_init"": false, ""log_interval"": 20, ""save_every"": 10, ""groupdro_ema_decay"": 0.9, ""groupdro_update_every"": 1, ""dro_signal"": ""val"", ""val_frac"": 0.15, ""impute_missing"": true, ""common_encoder"": false, ""use_regret"": true, ""optimal_losses"": [0.468332, 0.498132, 0.341179, 0.597641], ""data_split_seed"": 1003}","{""num_groups"": 4, ""num_classes"": 2, ""train_total"": 449, ""test_total"": 185, ""train_group_counts"": [205, 199, 20, 25], ""test_group_counts"": [61, 59, 25, 40], ""train_class_counts"": [251, 198], ""test_class_counts"": [83, 102], ""train_group_class_counts"": [[111, 94], [127, 72], [3, 17], [10, 15]], ""test_group_class_counts"": [[33, 28], [38, 21], [2, 23], [10, 30]], ""group_proportions"": [0.45657015590200445, 0.44320712694877507, 0.044543429844097995, 0.0556792873051225], ""val_group_counts"": [37, 36, 15, 24], ""val_total"": 112}","{""num_groups"": 4, ""eta"": 0.02, ""update_mode"": ""exp"", ""robust_objective"": ""weighted"", ""gamma"": 0.9, ""kl_lambda"": 0.0, ""initial_pi"": [0.4565701484680176, 0.44320711493492126, 0.04454343020915985, 0.055679287761449814]}",2026-09-15T20:45:00.781871,41,0.308075365566072,0.8775510212191108,0.001,0.7891891891891892,0.7985832870241734,0.675,0.92,"[0.819672131147541, 0.7796610169491526, 0.92, 0.675]","[0.4649314569675776, 0.6284204219325872, 0.3461812719609588, 1.1285761862061918]","[0.8192771084337349, 0.7647058823529411]","[[0.9090909090909091, 0.7142857142857143], [0.9210526315789473, 0.5238095238095238], [0.0, 1.0], [0.3, 0.8]]","[61, 59, 25, 40]",0.7885714285714285,"[0.8146920740127037, 0.7359724612736662, 0.4791666666666667, 0.551337359792925]",0.4791666666666667,1.1285761862061918,0.7589285714285714,0.779786036036036,0.6666666666666666,0.9333333333333333,"[0.8108108108108109, 0.6666666666666666, 0.9333333333333333, 0.7083333333333334]","[0.5326850721864281, 0.8059643273203013, 0.34968250847111143, 1.0748740492854267]","[0.66, 0.8387096774193549]","[[0.75, 0.8823529411764706], [0.782608695652174, 0.46153846153846156], [0.0, 1.0], [0.0, 0.9444444444444444]]","[37, 36, 15, 24]",0.7517852745629156,"[0.8108108108108107, 0.6249999999999999, 0.4827586206896552, 0.41463414634146345]",0.41463414634146345,1.0748740492854267,"[0.43573155999183655, 0.4584083557128906, 0.0439465306699276, 0.06191354990005493]","[0.3049206052507673, 0.3476557752915791, 0.24058368181188902, 0.10795858843872945]","[0.43675756454467773, 0.4575601816177368, 0.04411246255040169, 0.06156983599066734]","[0.4565701484680176, 0.44320711493492126, 0.04454343020915985, 0.055679287761449814]",0.0
"{""run_name"": ""fedheart_exp_paper_hetagg_gdro"", ""seed"": 7, ""run_dir"": ""runs/fedheart_cv/Ours_Regret_s7_f3"", ""use_fedheart"": true, ""num_classes"": 2, ""stratified_batching"": true, ""train_frac"": 0.8, ""group_max_train_samples"": [null, null, 20, 25], ""true_hetero_input_dim"": true, ""feature_mask"": [[0, 1, 2, 3, 5, 6, 7, 8, 9, 10], [0, 1, 2, 3, 5, 6, 11, 12], [0, 1, 2, 4, 5, 7, 11, 12], [0, 1, 2, 4, 5, 6, 8, 9, 10]], ""batch_size"": 64, ""num_workers"": 0, ""epochs"": 100, ""early_stopping_patience"": 30, ""lr"": 0.001, ""weight_decay"": 0.0001, ""optimizer"": ""adam"", ""grad_clip"": 1.0, ""lr_scheduler"": ""cosine"", ""lr_min"": 1e-05, ""latent_dim"": 64, ""head_hidden"": 32, ""groups"": [{""name"": ""cleveland"", ""encoder"": ""mlp_tabular_ln"", ""input_dim"": 10, ""hidden_dim"": 64, ""dropout"": 0.1}, {""name"": ""hungarian"", ""encoder"": ""mlp_tabular_ln"", ""input_dim"": 8, ""hidden_dim"": 64, ""dropout"": 0.1}, {""name"": ""switzerland"", ""encoder"": ""mlp_tabular_ln"", ""input_dim"": 8, ""hidden_dim"": 64, ""dropout"": 0.1}, {""name"": ""va_long_beach"", ""encoder"": ""mlp_tabular_ln"", ""input_dim"": 9, ""hidden_dim"": 64, ""dropout"": 0.1}], ""anchor_eps"": 0.0001, ""sep_samples_per_class"": 4, ""sep_method"": ""classifier"", ""sep_margin"": 1.0, ""lambda_fit"": 0.1, ""lambda_sep"": 0.1, ""groupdro_enabled"": true, ""groupdro_eta"": 0.02, ""groupdro_gamma"": 0.9, ""groupdro_update_mode"": ""exp"", ""groupdro_objective"": ""weighted"", ""groupdro_kl_lambda"": 0.0, ""groupdro_uniform_init"": false, ""log_interval"": 20, ""save_every"": 10, ""groupdro_ema_decay"": 0.9, ""groupdro_update_every"": 1, ""dro_signal"": ""val"", ""val_frac"": 0.15, ""impute_missing"": true, ""common_encoder"": false, ""use_regret"": true, ""optimal_losses"": [0.468332, 0.498132, 0.341179, 0.597641], ""data_split_seed"": 1003}","{""num_groups"": 4, ""num_classes"": 2, ""train_total"": 449, ""test_total"": 185, ""train_group_counts"": [205, 199, 20, 25], ""test_group_counts"": [61, 59, 25, 40], ""train_class_counts"": [251, 198], ""test_class_counts"": [83, 102], ""train_group_class_counts"": [[111, 94], [127, 72], [3, 17], [10, 15]], ""test_group_class_counts"": [[33, 28], [38, 21], [2, 23], [10, 30]], ""group_proportions"": [0.45657015590200445, 0.44320712694877507, 0.044543429844097995, 0.0556792873051225], ""val_group_counts"": [37, 36, 15, 24], ""val_total"": 112}","{""num_groups"": 4, ""eta"": 0.02, ""update_mode"": ""exp"", ""robust_objective"": ""weighted"", ""gamma"": 0.9, ""kl_lambda"": 0.0, ""initial_pi"": [0.4565701484680176, 0.44320711493492126, 0.04454343020915985, 0.055679287761449814]}",2026-09-15T20:45:00.781871,42,0.27052211481021915,0.9002267611540364,0.001,0.7837837837837838,0.7924722145040289,0.65,0.92,"[0.8032786885245902, 0.7966101694915254, 0.92, 0.65]","[0.4891860619736988, 0.6258287645750127, 0.3560275646764785, 1.1813561684219167]","[0.7831325301204819, 0.7843137254901961]","[[0.8181818181818182, 0.7857142857142857], [0.9210526315789473, 0.5714285714285714], [0.0, 1.0], [0.3, 0.7666666666666667]]","[61, 59, 25, 40]",0.7823529411764706,"[0.801948051948052, 0.7601626016260162, 0.4791666666666667, 0.5333333333333333]",0.4791666666666667,1.1813561684219167,0.6964285714285714,0.7213213213213213,0.5833333333333334,0.9333333333333333,"[0.7297297297297297, 0.6388888888888888, 0.9333333333333333, 0.5833333333333334]","[0.5836185182922998, 0.7927495504522489, 0.36412795912474394, 1.0905973170495902]","[0.58, 0.7903225806451613]","[[0.6, 0.8823529411764706], [0.7391304347826086, 0.46153846153846156], [0.0, 1.0], [0.0, 0.7777777777777778]]","[37, 36, 15, 24]",0.686429512516469,"[0.7279411764705882, 0.6017021276595745, 0.4827586206896552, 0.36842105263157887]",0.36842105263157887,1.0905973170495902,"[0.43471935391426086, 0.45924171805381775, 0.043780479580163956, 0.062258530408144]","[0.29606046208313536, 0.30163629565920147, 0.03065136292328437, 0.08089361246675253]","[0.43573155999183655, 0.4584083557128906, 0.0439465306699276, 0.06191354990005493]","[0.4565701484680176, 0.44320711493492126, 0.04454343020915985, 0.055679287761449814]",0.0
"{""run_name"": ""fedheart_exp_paper_hetagg_gdro"", ""seed"": 7, ""run_dir"": ""runs/fedheart_cv/Ours_Regret_s7_f3"", ""use_fedheart"": true, ""num_classes"": 2, ""stratified_batching"": true, ""train_frac"": 0.8, ""group_max_train_samples"": [null, null, 20, 25], ""true_hetero_input_dim"": true, ""feature_mask"": [[0, 1, 2, 3, 5, 6, 7, 8, 9, 10], [0, 1, 2, 3, 5, 6, 11, 12], [0, 1, 2, 4, 5, 7, 11, 12], [0, 1, 2, 4, 5, 6, 8, 9, 10]], ""batch_size"": 64, ""num_workers"": 0, ""epochs"": 100, ""early_stopping_patience"": 30, ""lr"": 0.001, ""weight_decay"": 0.0001, ""optimizer"": ""adam"", ""grad_clip"": 1.0, ""lr_scheduler"": ""cosine"", ""lr_min"": 1e-05, ""latent_dim"": 64, ""head_hidden"": 32, ""groups"": [{""name"": ""cleveland"", ""encoder"": ""mlp_tabular_ln"", ""input_dim"": 10, ""hidden_dim"": 64, ""dropout"": 0.1}, {""name"": ""hungarian"", ""encoder"": ""mlp_tabular_ln"", ""input_dim"": 8, ""hidden_dim"": 64, ""dropout"": 0.1}, {""name"": ""switzerland"", ""encoder"": ""mlp_tabular_ln"", ""input_dim"": 8, ""hidden_dim"": 64, ""dropout"": 0.1}, {""name"": ""va_long_beach"", ""encoder"": ""mlp_tabular_ln"", ""input_dim"": 9, ""hidden_dim"": 64, ""dropout"": 0.1}], ""anchor_eps"": 0.0001, ""sep_samples_per_class"": 4, ""sep_method"": ""classifier"", ""sep_margin"": 1.0, ""lambda_fit"": 0.1, ""lambda_sep"": 0.1, ""groupdro_enabled"": true, ""groupdro_eta"": 0.02, ""groupdro_gamma"": 0.9, ""groupdro_update_mode"": ""exp"", ""groupdro_objective"": ""weighted"", ""groupdro_kl_lambda"": 0.0, ""groupdro_uniform_init"": false, ""log_interval"": 20, ""save_every"": 10, ""groupdro_ema_decay"": 0.9, ""groupdro_update_every"": 1, ""dro_signal"": ""val"", ""val_frac"": 0.15, ""impute_missing"": true, ""common_encoder"": false, ""use_regret"": true, ""optimal_losses"": [0.468332, 0.498132, 0.341179, 0.597641], ""data_split_seed"": 1003}","{""num_groups"": 4, ""num_classes"": 2, ""train_total"": 449, ""test_total"": 185, ""train_group_counts"": [205, 199, 20, 25], ""test_group_counts"": [61, 59, 25, 40], ""train_class_counts"": [251, 198], ""test_class_counts"": [83, 102], ""train_group_class_counts"": [[111, 94], [127, 72], [3, 17], [10, 15]], ""test_group_class_counts"": [[33, 28], [38, 21], [2, 23], [10, 30]], ""group_proportions"": [0.45657015590200445, 0.44320712694877507, 0.044543429844097995, 0.0556792873051225], ""val_group_counts"": [37, 36, 15, 24], ""val_total"": 112}","{""num_groups"": 4, ""eta"": 0.02, ""update_mode"": ""exp"", ""robust_objective"": ""weighted"", ""gamma"": 0.9, ""kl_lambda"": 0.0, ""initial_pi"": [0.4565701484680176, 0.44320711493492126, 0.04454343020915985, 0.055679287761449814]}",2026-09-15T20:45:00.781871,43,0.2524273482039402,0.8979591865117859,0.001,0.7567567567567568,0.7675382050569602,0.6,0.92,"[0.7704918032786885, 0.7796610169491526, 0.92, 0.6]","[0.5100338802306501, 0.628038558666989, 0.3529025898035616, 1.2841187705518677]","[0.7831325301204819, 0.7352941176470589]","[[0.8181818181818182, 0.7142857142857143], [0.8947368421052632, 0.5714285714285714], [0.0, 1.0], [0.4, 0.6666666666666666]]","[61, 59, 25, 40]",0.756043956043956,"[0.7674291938997821, 0.7440774107440773, 0.4791666666666667, 0.5238095238095237]",0.4791666666666667,1.2841187705518677,0.6785714285714286,0.700487987987988,0.5,0.9333333333333333,"[0.7297297297297297, 0.6388888888888888, 0.9333333333333333, 0.5]","[0.5768549854338572, 0.82288491675475, 0.36714788569758333, 1.1708707161402951]","[0.6, 0.7419354838709677]","[[0.65, 0.8235294117647058], [0.7391304347826086, 0.46153846153846156], [0.0, 1.0], [0.0, 0.6666666666666666]]","[37, 36, 15, 24]",0.671875,"[0.72953216374269, 0.6017021276595745, 0.4827586206896552, 0.3333333333333333]",0.3333333333333333,1.1708707161402951,"[0.43369945883750916, 0.46007439494132996, 0.043613217771053314, 0.06261283159255981]","[0.27462064794131685, 0.28969781526497435, 0.037634987849742174, 0.07795626949518919]","[0.43471935391426086, 0.45924171805381775, 0.043780479580163956, 0.062258530408144]","[0.4565701484680176, 0.44320711493492126, 0.04454343020915985, 0.055679287761449814]",0.0
"{""run_name"": ""fedheart_exp_paper_hetagg_gdro"", ""seed"": 7, ""run_dir"": ""runs/fedheart_cv/Ours_Regret_s7_f3"", ""use_fedheart"": true, ""num_classes"": 2, ""stratified_batching"": true, ""train_frac"": 0.8, ""group_max_train_samples"": [null, null, 20, 25], ""true_hetero_input_dim"": true, ""feature_mask"": [[0, 1, 2, 3, 5, 6, 7, 8, 9, 10], [0, 1, 2, 3, 5, 6, 11, 12], [0, 1, 2, 4, 5, 7, 11, 12], [0, 1, 2, 4, 5, 6, 8, 9, 10]], ""batch_size"": 64, ""num_workers"": 0, ""epochs"": 100, ""early_stopping_patience"": 30, ""lr"": 0.001, ""weight_decay"": 0.0001, ""optimizer"": ""adam"", ""grad_clip"": 1.0, ""lr_scheduler"": ""cosine"", ""lr_min"": 1e-05, ""latent_dim"": 64, ""head_hidden"": 32, ""groups"": [{""name"": ""cleveland"", ""encoder"": ""mlp_tabular_ln"", ""input_dim"": 10, ""hidden_dim"": 64, ""dropout"": 0.1}, {""name"": ""hungarian"", ""encoder"": ""mlp_tabular_ln"", ""input_dim"": 8, ""hidden_dim"": 64, ""dropout"": 0.1}, {""name"": ""switzerland"", ""encoder"": ""mlp_tabular_ln"", ""input_dim"": 8, ""hidden_dim"": 64, ""dropout"": 0.1}, {""name"": ""va_long_beach"", ""encoder"": ""mlp_tabular_ln"", ""input_dim"": 9, ""hidden_dim"": 64, ""dropout"": 0.1}], ""anchor_eps"": 0.0001, ""sep_samples_per_class"": 4, ""sep_method"": ""classifier"", ""sep_margin"": 1.0, ""lambda_fit"": 0.1, ""lambda_sep"": 0.1, ""groupdro_enabled"": true, ""groupdro_eta"": 0.02, ""groupdro_gamma"": 0.9, ""groupdro_update_mode"": ""exp"", ""groupdro_objective"": ""weighted"", ""groupdro_kl_lambda"": 0.0, ""groupdro_uniform_init"": false, ""log_interval"": 20, ""save_every"": 10, ""groupdro_ema_decay"": 0.9, ""groupdro_update_every"": 1, ""dro_signal"": ""val"", ""val_frac"": 0.15, ""impute_missing"": true, ""common_encoder"": false, ""use_regret"": true, ""optimal_losses"": [0.468332, 0.498132, 0.341179, 0.597641], ""data_split_seed"": 1003}","{""num_groups"": 4, ""num_classes"": 2, ""train_total"": 449, ""test_total"": 185, ""train_group_counts"": [205, 199, 20, 25], ""test_group_counts"": [61, 59, 25, 40], ""train_class_counts"": [251, 198], ""test_class_counts"": [83, 102], ""train_group_class_counts"": [[111, 94], [127, 72], [3, 17], [10, 15]], ""test_group_class_counts"": [[33, 28], [38, 21], [2, 23], [10, 30]], ""group_proportions"": [0.45657015590200445, 0.44320712694877507, 0.044543429844097995, 0.0556792873051225], ""val_group_counts"": [37, 36, 15, 24], ""val_total"": 112}","{""num_groups"": 4, ""eta"": 0.02, ""update_mode"": ""exp"", ""robust_objective"": ""weighted"", ""gamma"": 0.9, ""kl_lambda"": 0.0, ""initial_pi"": [0.4565701484680176, 0.44320711493492126, 0.04454343020915985, 0.055679287761449814]}",2026-09-15T20:45:00.781871,44,0.2569329873774868,0.8866213160036913,0.001,0.7675675675675676,0.7758738538482912,0.6,0.92,"[0.7868852459016393, 0.7966101694915254, 0.92, 0.6]","[0.5199902503384797, 0.6299266764515284, 0.3564969276729971, 1.3202166481874884]","[0.8072289156626506, 0.7352941176470589]","[[0.8484848484848485, 0.7142857142857143], [0.9210526315789473, 0.5714285714285714], [0.0, 1.0], [0.4, 0.6666666666666666]]","[61, 59, 25, 40]",0.7671321097157577,"[0.7831555920153132, 0.7601626016260162, 0.4791666666666667, 0.5238095238095237]",0.4791666666666667,1.3202166481874884,0.7053571428571429,0.720945945945946,0.5,0.9333333333333333,"[0.7837837837837838, 0.6666666666666666, 0.9333333333333333, 0.5]","[0.5896465459435776, 0.8574006276644973, 0.36710087961206833, 1.2211628721561283]","[0.64, 0.7580645161290323]","[[0.7, 0.8823529411764706], [0.782608695652174, 0.46153846153846156], [0.0, 1.0], [0.0, 0.6666666666666666]]","[37, 36, 15, 24]",0.6999756473739751,"[0.7836257309941519, 0.6249999999999999, 0.4827586206896552, 0.3333333333333333]",0.3333333333333333,1.2211628721561283,"[0.43266257643699646, 0.4609155058860779, 0.04344278946518898, 0.06297905743122101]","[0.2680241603936468, 0.29912723175116945, 0.10841540185113747, 0.054464511262873806]","[0.43369945883750916, 0.46007439494132996, 0.043613217771053314, 0.06261283159255981]","[0.4565701484680176, 0.44320711493492126, 0.04454343020915985, 0.055679287761449814]",0.0
"{""run_name"": ""fedheart_exp_paper_hetagg_gdro"", ""seed"": 7, ""run_dir"": ""runs/fedheart_cv/Ours_Regret_s7_f3"", ""use_fedheart"": true, ""num_classes"": 2, ""stratified_batching"": true, ""train_frac"": 0.8, ""group_max_train_samples"": [null, null, 20, 25], ""true_hetero_input_dim"": true, ""feature_mask"": [[0, 1, 2, 3, 5, 6, 7, 8, 9, 10], [0, 1, 2, 3, 5, 6, 11, 12], [0, 1, 2, 4, 5, 7, 11, 12], [0, 1, 2, 4, 5, 6, 8, 9, 10]], ""batch_size"": 64, ""num_workers"": 0, ""epochs"": 100, ""early_stopping_patience"": 30, ""lr"": 0.001, ""weight_decay"": 0.0001, ""optimizer"": ""adam"", ""grad_clip"": 1.0, ""lr_scheduler"": ""cosine"", ""lr_min"": 1e-05, ""latent_dim"": 64, ""head_hidden"": 32, ""groups"": [{""name"": ""cleveland"", ""encoder"": ""mlp_tabular_ln"", ""input_dim"": 10, ""hidden_dim"": 64, ""dropout"": 0.1}, {""name"": ""hungarian"", ""encoder"": ""mlp_tabular_ln"", ""input_dim"": 8, ""hidden_dim"": 64, ""dropout"": 0.1}, {""name"": ""switzerland"", ""encoder"": ""mlp_tabular_ln"", ""input_dim"": 8, ""hidden_dim"": 64, ""dropout"": 0.1}, {""name"": ""va_long_beach"", ""encoder"": ""mlp_tabular_ln"", ""input_dim"": 9, ""hidden_dim"": 64, ""dropout"": 0.1}], ""anchor_eps"": 0.0001, ""sep_samples_per_class"": 4, ""sep_method"": ""classifier"", ""sep_margin"": 1.0, ""lambda_fit"": 0.1, ""lambda_sep"": 0.1, ""groupdro_enabled"": true, ""groupdro_eta"": 0.02, ""groupdro_gamma"": 0.9, ""groupdro_update_mode"": ""exp"", ""groupdro_objective"": ""weighted"", ""groupdro_kl_lambda"": 0.0, ""groupdro_uniform_init"": false, ""log_interval"": 20, ""save_every"": 10, ""groupdro_ema_decay"": 0.9, ""groupdro_update_every"": 1, ""dro_signal"": ""val"", ""val_frac"": 0.15, ""impute_missing"": true, ""common_encoder"": false, ""use_regret"": true, ""optimal_losses"": [0.468332, 0.498132, 0.341179, 0.597641], ""data_split_seed"": 1003}","{""num_groups"": 4, ""num_classes"": 2, ""train_total"": 449, ""test_total"": 185, ""train_group_counts"": [205, 199, 20, 25], ""test_group_counts"": [61, 59, 25, 40], ""train_class_counts"": [251, 198], ""test_class_counts"": [83, 102], ""train_group_class_counts"": [[111, 94], [127, 72], [3, 17], [10, 15]], ""test_group_class_counts"": [[33, 28], [38, 21], [2, 23], [10, 30]], ""group_proportions"": [0.45657015590200445, 0.44320712694877507, 0.044543429844097995, 0.0556792873051225], ""val_group_counts"": [37, 36, 15, 24], ""val_total"": 112}","{""num_groups"": 4, ""eta"": 0.02, ""update_mode"": ""exp"", ""robust_objective"": ""weighted"", ""gamma"": 0.9, ""kl_lambda"": 0.0, ""initial_pi"": [0.4565701484680176, 0.44320711493492126, 0.04454343020915985, 0.055679287761449814]}",2026-09-15T20:45:00.781871,45,0.2674560373197067,0.8956916128156407,0.001,0.7675675675675676,0.7758738538482912,0.6,0.92,"[0.7868852459016393, 0.7966101694915254, 0.92, 0.6]","[0.5055572212994343, 0.6336361330902298, 0.3521219872869551, 1.2830676703946664]","[0.7831325301204819, 0.7549019607843137]","[[0.8181818181818182, 0.75], [0.9210526315789473, 0.5714285714285714], [0.0, 1.0], [0.3, 0.7]]","[61, 59, 25, 40]",0.7665854875150376,"[0.7848032564450476, 0.7601626016260162, 0.4791666666666667, 0.4984326018808777]",0.4791666666666667,1.2830676703946664,0.7053571428571429,0.7246058558558559,0.5416666666666666,0.9333333333333333,"[0.7567567567567568, 0.6666666666666666, 0.9333333333333333, 0.5416666666666666]","[0.5926144794636482, 0.8779520462267101, 0.3643861254056295, 1.2137085991174292]","[0.62, 0.7741935483870968]","[[0.65, 0.8823529411764706], [0.782608695652174, 0.46153846153846156], [0.0, 1.0], [0.0, 0.7222222222222222]]","[37, 36, 15, 24]",0.6984088127294981,"[0.756043956043956, 0.6249999999999999, 0.4827586206896552, 0.35135135135135137]",0.35135135135135137,1.2137085991174292,"[0.43160396814346313, 0.46177345514297485, 0.04326843470335007, 0.06335406005382538]","[0.2931737665619169, 0.30075453434671673, 0.062124641301731266, 0.10279455160101254]","[0.43266257643699646, 0.4609155058860779, 0.04344278946518898, 0.06297905743122101]","[0.4565701484680176, 0.44320711493492126, 0.04454343020915985, 0.055679287761449814]",0.0
"{""run_name"": ""fedheart_exp_paper_hetagg_gdro"", ""seed"": 7, ""run_dir"": ""runs/fedheart_cv/Ours_Regret_s7_f3"", ""use_fedheart"": true, ""num_classes"": 2, ""stratified_batching"": true, ""train_frac"": 0.8, ""group_max_train_samples"": [null, null, 20, 25], ""true_hetero_input_dim"": true, ""feature_mask"": [[0, 1, 2, 3, 5, 6, 7, 8, 9, 10], [0, 1, 2, 3, 5, 6, 11, 12], [0, 1, 2, 4, 5, 7, 11, 12], [0, 1, 2, 4, 5, 6, 8, 9, 10]], ""batch_size"": 64, ""num_workers"": 0, ""epochs"": 100, ""early_stopping_patience"": 30, ""lr"": 0.001, ""weight_decay"": 0.0001, ""optimizer"": ""adam"", ""grad_clip"": 1.0, ""lr_scheduler"": ""cosine"", ""lr_min"": 1e-05, ""latent_dim"": 64, ""head_hidden"": 32, ""groups"": [{""name"": ""cleveland"", ""encoder"": ""mlp_tabular_ln"", ""input_dim"": 10, ""hidden_dim"": 64, ""dropout"": 0.1}, {""name"": ""hungarian"", ""encoder"": ""mlp_tabular_ln"", ""input_dim"": 8, ""hidden_dim"": 64, ""dropout"": 0.1}, {""name"": ""switzerland"", ""encoder"": ""mlp_tabular_ln"", ""input_dim"": 8, ""hidden_dim"": 64, ""dropout"": 0.1}, {""name"": ""va_long_beach"", ""encoder"": ""mlp_tabular_ln"", ""input_dim"": 9, ""hidden_dim"": 64, ""dropout"": 0.1}], ""anchor_eps"": 0.0001, ""sep_samples_per_class"": 4, ""sep_method"": ""classifier"", ""sep_margin"": 1.0, ""lambda_fit"": 0.1, ""lambda_sep"": 0.1, ""groupdro_enabled"": true, ""groupdro_eta"": 0.02, ""groupdro_gamma"": 0.9, ""groupdro_update_mode"": ""exp"", ""groupdro_objective"": ""weighted"", ""groupdro_kl_lambda"": 0.0, ""groupdro_uniform_init"": false, ""log_interval"": 20, ""save_every"": 10, ""groupdro_ema_decay"": 0.9, ""groupdro_update_every"": 1, ""dro_signal"": ""val"", ""val_frac"": 0.15, ""impute_missing"": true, ""common_encoder"": false, ""use_regret"": true, ""optimal_losses"": [0.468332, 0.498132, 0.341179, 0.597641], ""data_split_seed"": 1003}","{""num_groups"": 4, ""num_classes"": 2, ""train_total"": 449, ""test_total"": 185, ""train_group_counts"": [205, 199, 20, 25], ""test_group_counts"": [61, 59, 25, 40], ""train_class_counts"": [251, 198], ""test_class_counts"": [83, 102], ""train_group_class_counts"": [[111, 94], [127, 72], [3, 17], [10, 15]], ""test_group_class_counts"": [[33, 28], [38, 21], [2, 23], [10, 30]], ""group_proportions"": [0.45657015590200445, 0.44320712694877507, 0.044543429844097995, 0.0556792873051225], ""val_group_counts"": [37, 36, 15, 24], ""val_total"": 112}","{""num_groups"": 4, ""eta"": 0.02, ""update_mode"": ""exp"", ""robust_objective"": ""weighted"", ""gamma"": 0.9, ""kl_lambda"": 0.0, ""initial_pi"": [0.4565701484680176, 0.44320711493492126, 0.04454343020915985, 0.055679287761449814]}",2026-09-15T20:45:00.781871,46,0.27645543792080174,0.8730158728807151,0.001,0.7837837837837838,0.7923332870241734,0.65,0.92,"[0.819672131147541, 0.7796610169491526, 0.92, 0.65]","[0.4799160704886938, 0.6560237047309845, 0.3504760812036693, 1.2658429349423386]","[0.8072289156626506, 0.7647058823529411]","[[0.8787878787878788, 0.75], [0.9210526315789473, 0.5238095238095238], [0.0, 1.0], [0.3, 0.7666666666666667]]","[61, 59, 25, 40]",0.7830166549378372,"[0.8165162701668034, 0.7359724612736662, 0.4791666666666667, 0.5333333333333333]",0.4791666666666667,1.2658429349423386,0.7142857142857143,0.7313626126126126,0.5416666666666666,0.9333333333333333,"[0.7837837837837838, 0.6666666666666666, 0.9333333333333333, 0.5416666666666666]","[0.5534285874282187, 0.898228569787332, 0.366831099241972, 1.208821276804277]","[0.64, 0.7741935483870968]","[[0.7, 0.8823529411764706], [0.782608695652174, 0.46153846153846156], [0.0, 1.0], [0.0, 0.7222222222222222]]","[37, 36, 15, 24]",0.7083333333333334,"[0.7836257309941519, 0.6249999999999999, 0.4827586206896552, 0.35135135135135137]",0.35135135135135137,1.208821276804277,"[0.43049877882003784, 0.4626721739768982, 0.04309150576591492, 0.06373762339353561]","[0.3144059308937618, 0.3123516695840018, 0.1543779211739699, 0.03086141892708838]","[0.43160396814346313, 0.46177345514297485, 0.04326843470335007, 0.06335406005382538]","[0.4565701484680176, 0.44320711493492126, 0.04454343020915985, 0.055679287761449814]",0.0
"{""run_name"": ""fedheart_exp_paper_hetagg_gdro"", ""seed"": 7, ""run_dir"": ""runs/fedheart_cv/Ours_Regret_s7_f3"", ""use_fedheart"": true, ""num_classes"": 2, ""stratified_batching"": true, ""train_frac"": 0.8, ""group_max_train_samples"": [null, null, 20, 25], ""true_hetero_input_dim"": true, ""feature_mask"": [[0, 1, 2, 3, 5, 6, 7, 8, 9, 10], [0, 1, 2, 3, 5, 6, 11, 12], [0, 1, 2, 4, 5, 7, 11, 12], [0, 1, 2, 4, 5, 6, 8, 9, 10]], ""batch_size"": 64, ""num_workers"": 0, ""epochs"": 100, ""early_stopping_patience"": 30, ""lr"": 0.001, ""weight_decay"": 0.0001, ""optimizer"": ""adam"", ""grad_clip"": 1.0, ""lr_scheduler"": ""cosine"", ""lr_min"": 1e-05, ""latent_dim"": 64, ""head_hidden"": 32, ""groups"": [{""name"": ""cleveland"", ""encoder"": ""mlp_tabular_ln"", ""input_dim"": 10, ""hidden_dim"": 64, ""dropout"": 0.1}, {""name"": ""hungarian"", ""encoder"": ""mlp_tabular_ln"", ""input_dim"": 8, ""hidden_dim"": 64, ""dropout"": 0.1}, {""name"": ""switzerland"", ""encoder"": ""mlp_tabular_ln"", ""input_dim"": 8, ""hidden_dim"": 64, ""dropout"": 0.1}, {""name"": ""va_long_beach"", ""encoder"": ""mlp_tabular_ln"", ""input_dim"": 9, ""hidden_dim"": 64, ""dropout"": 0.1}], ""anchor_eps"": 0.0001, ""sep_samples_per_class"": 4, ""sep_method"": ""classifier"", ""sep_margin"": 1.0, ""lambda_fit"": 0.1, ""lambda_sep"": 0.1, ""groupdro_enabled"": true, ""groupdro_eta"": 0.02, ""groupdro_gamma"": 0.9, ""groupdro_update_mode"": ""exp"", ""groupdro_objective"": ""weighted"", ""groupdro_kl_lambda"": 0.0, ""groupdro_uniform_init"": false, ""log_interval"": 20, ""save_every"": 10, ""groupdro_ema_decay"": 0.9, ""groupdro_update_every"": 1, ""dro_signal"": ""val"", ""val_frac"": 0.15, ""impute_missing"": true, ""common_encoder"": false, ""use_regret"": true, ""optimal_losses"": [0.468332, 0.498132, 0.341179, 0.597641], ""data_split_seed"": 1003}","{""num_groups"": 4, ""num_classes"": 2, ""train_total"": 449, ""test_total"": 185, ""train_group_counts"": [205, 199, 20, 25], ""test_group_counts"": [61, 59, 25, 40], ""train_class_counts"": [251, 198], ""test_class_counts"": [83, 102], ""train_group_class_counts"": [[111, 94], [127, 72], [3, 17], [10, 15]], ""test_group_class_counts"": [[33, 28], [38, 21], [2, 23], [10, 30]], ""group_proportions"": [0.45657015590200445, 0.44320712694877507, 0.044543429844097995, 0.0556792873051225], ""val_group_counts"": [37, 36, 15, 24], ""val_total"": 112}","{""num_groups"": 4, ""eta"": 0.02, ""update_mode"": ""exp"", ""robust_objective"": ""weighted"", ""gamma"": 0.9, ""kl_lambda"": 0.0, ""initial_pi"": [0.4565701484680176, 0.44320711493492126, 0.04454343020915985, 0.055679287761449814]}",2026-09-15T20:45:00.781871,47,0.26349101210532544,0.893424040065601,0.001,0.7837837837837838,0.7923332870241734,0.65,0.92,"[0.819672131147541, 0.7796610169491526, 0.92, 0.65]","[0.4701431397058558, 0.6534698063712883, 0.3514845538046211, 1.2653024696744979]","[0.7951807228915663, 0.7745098039215687]","[[0.8787878787878788, 0.75], [0.8947368421052632, 0.5714285714285714], [0.0, 1.0], [0.3, 0.7666666666666667]]","[61, 59, 25, 40]",0.7827108292224572,"[0.8165162701668034, 0.7440774107440773, 0.4791666666666667, 0.5333333333333333]",0.4791666666666667,1.2653024696744979,0.7232142857142857,0.7452515015015015,0.625,0.9333333333333333,"[0.7837837837837838, 0.6388888888888888, 0.9333333333333333, 0.625]","[0.5350519384987451, 0.8760597103133073, 0.36946136141195896, 1.2088074185497437]","[0.62, 0.8064516129032258]","[[0.7, 0.8823529411764706], [0.7391304347826086, 0.46153846153846156], [0.0, 1.0], [0.0, 0.8333333333333334]]","[37, 36, 15, 24]",0.7150127226463104,"[0.7836257309941519, 0.6017021276595745, 0.4827586206896552, 0.3846153846153846]",0.3846153846153846,1.2088074185497437,"[0.42935115098953247, 0.46360334753990173, 0.04291406646370888, 0.06413143128156662]","[0.2729774990252086, 0.31413158561502186, 0.1072507839029034, 0.07441454303140442]","[0.43049877882003784, 0.4626721739768982, 0.04309150576591492, 0.06373762339353561]","[0.4565701484680176, 0.44320711493492126, 0.04454343020915985, 0.055679287761449814]",0.0
"{""run_name"": ""fedheart_exp_paper_hetagg_gdro"", ""seed"": 7, ""run_dir"": ""runs/fedheart_cv/Ours_Regret_s7_f3"", ""use_fedheart"": true, ""num_classes"": 2, ""stratified_batching"": true, ""train_frac"": 0.8, ""group_max_train_samples"": [null, null, 20, 25], ""true_hetero_input_dim"": true, ""feature_mask"": [[0, 1, 2, 3, 5, 6, 7, 8, 9, 10], [0, 1, 2, 3, 5, 6, 11, 12], [0, 1, 2, 4, 5, 7, 11, 12], [0, 1, 2, 4, 5, 6, 8, 9, 10]], ""batch_size"": 64, ""num_workers"": 0, ""epochs"": 100, ""early_stopping_patience"": 30, ""lr"": 0.001, ""weight_decay"": 0.0001, ""optimizer"": ""adam"", ""grad_clip"": 1.0, ""lr_scheduler"": ""cosine"", ""lr_min"": 1e-05, ""latent_dim"": 64, ""head_hidden"": 32, ""groups"": [{""name"": ""cleveland"", ""encoder"": ""mlp_tabular_ln"", ""input_dim"": 10, ""hidden_dim"": 64, ""dropout"": 0.1}, {""name"": ""hungarian"", ""encoder"": ""mlp_tabular_ln"", ""input_dim"": 8, ""hidden_dim"": 64, ""dropout"": 0.1}, {""name"": ""switzerland"", ""encoder"": ""mlp_tabular_ln"", ""input_dim"": 8, ""hidden_dim"": 64, ""dropout"": 0.1}, {""name"": ""va_long_beach"", ""encoder"": ""mlp_tabular_ln"", ""input_dim"": 9, ""hidden_dim"": 64, ""dropout"": 0.1}], ""anchor_eps"": 0.0001, ""sep_samples_per_class"": 4, ""sep_method"": ""classifier"", ""sep_margin"": 1.0, ""lambda_fit"": 0.1, ""lambda_sep"": 0.1, ""groupdro_enabled"": true, ""groupdro_eta"": 0.02, ""groupdro_gamma"": 0.9, ""groupdro_update_mode"": ""exp"", ""groupdro_objective"": ""weighted"", ""groupdro_kl_lambda"": 0.0, ""groupdro_uniform_init"": false, ""log_interval"": 20, ""save_every"": 10, ""groupdro_ema_decay"": 0.9, ""groupdro_update_every"": 1, ""dro_signal"": ""val"", ""val_frac"": 0.15, ""impute_missing"": true, ""common_encoder"": false, ""use_regret"": true, ""optimal_losses"": [0.468332, 0.498132, 0.341179, 0.597641], ""data_split_seed"": 1003}","{""num_groups"": 4, ""num_classes"": 2, ""train_total"": 449, ""test_total"": 185, ""train_group_counts"": [205, 199, 20, 25], ""test_group_counts"": [61, 59, 25, 40], ""train_class_counts"": [251, 198], ""test_class_counts"": [83, 102], ""train_group_class_counts"": [[111, 94], [127, 72], [3, 17], [10, 15]], ""test_group_class_counts"": [[33, 28], [38, 21], [2, 23], [10, 30]], ""group_proportions"": [0.45657015590200445, 0.44320712694877507, 0.044543429844097995, 0.0556792873051225], ""val_group_counts"": [37, 36, 15, 24], ""val_total"": 112}","{""num_groups"": 4, ""eta"": 0.02, ""update_mode"": ""exp"", ""robust_objective"": ""weighted"", ""gamma"": 0.9, ""kl_lambda"": 0.0, ""initial_pi"": [0.4565701484680176, 0.44320711493492126, 0.04454343020915985, 0.055679287761449814]}",2026-09-15T20:45:00.781871,48,0.25320535036576847,0.9002267543961402,0.001,0.7837837837837838,0.7923332870241734,0.65,0.92,"[0.819672131147541, 0.7796610169491526, 0.92, 0.65]","[0.47658751098836055, 0.663944945512813, 0.35624029641970995, 1.279065122123575]","[0.8072289156626506, 0.7647058823529411]","[[0.8787878787878788, 0.75], [0.9210526315789473, 0.5238095238095238], [0.0, 1.0], [0.3, 0.7666666666666667]]","[61, 59, 25, 40]",0.7830166549378372,"[0.8165162701668034, 0.7359724612736662, 0.4791666666666667, 0.5333333333333333]",0.4791666666666667,1.279065122123575,0.75,0.7730292792792792,0.6666666666666666,0.9333333333333333,"[0.7837837837837838, 0.6666666666666666, 0.9333333333333333, 0.7083333333333334]","[0.5551542875835219, 0.875507348821783, 0.36937820306047797, 1.20810086185035]","[0.64, 0.8387096774193549]","[[0.7, 0.8823529411764706], [0.782608695652174, 0.46153846153846156], [0.0, 1.0], [0.0, 0.9444444444444444]]","[37, 36, 15, 24]",0.7417654808959158,"[0.7836257309941519, 0.6249999999999999, 0.4827586206896552, 0.41463414634146345]",0.41463414634146345,1.20810086185035,"[0.42817553877830505, 0.4645552933216095, 0.04273547604680061, 0.06453361362218857]","[0.30096387224537985, 0.2776253627879279, 0.14830626361072063, 0.02844033498937885]","[0.42935115098953247, 0.46360334753990173, 0.04291406646370888, 0.06413143128156662]","[0.4565701484680176, 0.44320711493492126, 0.04454343020915985, 0.055679287761449814]",0.0
"{""run_name"": ""fedheart_exp_paper_hetagg_gdro"", ""seed"": 7, ""run_dir"": ""runs/fedheart_cv/Ours_Regret_s7_f3"", ""use_fedheart"": true, ""num_classes"": 2, ""stratified_batching"": true, ""train_frac"": 0.8, ""group_max_train_samples"": [null, null, 20, 25], ""true_hetero_input_dim"": true, ""feature_mask"": [[0, 1, 2, 3, 5, 6, 7, 8, 9, 10], [0, 1, 2, 3, 5, 6, 11, 12], [0, 1, 2, 4, 5, 7, 11, 12], [0, 1, 2, 4, 5, 6, 8, 9, 10]], ""batch_size"": 64, ""num_workers"": 0, ""epochs"": 100, ""early_stopping_patience"": 30, ""lr"": 0.001, ""weight_decay"": 0.0001, ""optimizer"": ""adam"", ""grad_clip"": 1.0, ""lr_scheduler"": ""cosine"", ""lr_min"": 1e-05, ""latent_dim"": 64, ""head_hidden"": 32, ""groups"": [{""name"": ""cleveland"", ""encoder"": ""mlp_tabular_ln"", ""input_dim"": 10, ""hidden_dim"": 64, ""dropout"": 0.1}, {""name"": ""hungarian"", ""encoder"": ""mlp_tabular_ln"", ""input_dim"": 8, ""hidden_dim"": 64, ""dropout"": 0.1}, {""name"": ""switzerland"", ""encoder"": ""mlp_tabular_ln"", ""input_dim"": 8, ""hidden_dim"": 64, ""dropout"": 0.1}, {""name"": ""va_long_beach"", ""encoder"": ""mlp_tabular_ln"", ""input_dim"": 9, ""hidden_dim"": 64, ""dropout"": 0.1}], ""anchor_eps"": 0.0001, ""sep_samples_per_class"": 4, ""sep_method"": ""classifier"", ""sep_margin"": 1.0, ""lambda_fit"": 0.1, ""lambda_sep"": 0.1, ""groupdro_enabled"": true, ""groupdro_eta"": 0.02, ""groupdro_gamma"": 0.9, ""groupdro_update_mode"": ""exp"", ""groupdro_objective"": ""weighted"", ""groupdro_kl_lambda"": 0.0, ""groupdro_uniform_init"": false, ""log_interval"": 20, ""save_every"": 10, ""groupdro_ema_decay"": 0.9, ""groupdro_update_every"": 1, ""dro_signal"": ""val"", ""val_frac"": 0.15, ""impute_missing"": true, ""common_encoder"": false, ""use_regret"": true, ""optimal_losses"": [0.468332, 0.498132, 0.341179, 0.597641], ""data_split_seed"": 1003}","{""num_groups"": 4, ""num_classes"": 2, ""train_total"": 449, ""test_total"": 185, ""train_group_counts"": [205, 199, 20, 25], ""test_group_counts"": [61, 59, 25, 40], ""train_class_counts"": [251, 198], ""test_class_counts"": [83, 102], ""train_group_class_counts"": [[111, 94], [127, 72], [3, 17], [10, 15]], ""test_group_class_counts"": [[33, 28], [38, 21], [2, 23], [10, 30]], ""group_proportions"": [0.45657015590200445, 0.44320712694877507, 0.044543429844097995, 0.0556792873051225], ""val_group_counts"": [37, 36, 15, 24], ""val_total"": 112}","{""num_groups"": 4, ""eta"": 0.02, ""update_mode"": ""exp"", ""robust_objective"": ""weighted"", ""gamma"": 0.9, ""kl_lambda"": 0.0, ""initial_pi"": [0.4565701484680176, 0.44320711493492126, 0.04454343020915985, 0.055679287761449814]}",2026-09-15T20:45:00.781871,49,0.2776229988420361,0.8752834445494914,0.001,0.7837837837837838,0.7924722145040289,0.65,0.92,"[0.8032786885245902, 0.7966101694915254, 0.92, 0.65]","[0.5004123906398833, 0.6650525367645136, 0.34275356262922285, 1.304581976082409]","[0.8192771084337349, 0.7549019607843137]","[[0.9090909090909091, 0.6785714285714286], [0.9210526315789473, 0.5714285714285714], [0.0, 1.0], [0.3, 0.7666666666666667]]","[61, 59, 25, 40]",0.7832708528584817,"[0.7966666666666666, 0.7601626016260162, 0.4791666666666667, 0.5333333333333333]",0.4791666666666667,1.304581976082409,0.7232142857142857,0.7415915915915916,0.5833333333333334,0.9333333333333333,"[0.8108108108108109, 0.6388888888888888, 0.9333333333333333, 0.5833333333333334]","[0.5419674123813575, 0.9030046197585762, 0.36242628991603854, 1.213783709157724]","[0.64, 0.7903225806451613]","[[0.75, 0.8823529411764706], [0.7391304347826086, 0.46153846153846156], [0.0, 1.0], [0.0, 0.7777777777777778]]","[37, 36, 15, 24]",0.716687066503468,"[0.8108108108108107, 0.6017021276595745, 0.4827586206896552, 0.36842105263157887]",0.36842105263157887,1.213783709157724,"[0.4269573390483856, 0.46554452180862427, 0.04255468025803566, 0.06494340300559998]","[0.31343020498752594, 0.3166139434490885, 0.1087941409399112, 0.09539982086668412]","[0.42817553877830505, 0.4645552933216095, 0.04273547604680061, 0.06453361362218857]","[0.4565701484680176, 0.44320711493492126, 0.04454343020915985, 0.055679287761449814]",0.0
"{""run_name"": ""fedheart_exp_paper_hetagg_gdro"", ""seed"": 7, ""run_dir"": ""runs/fedheart_cv/Ours_Regret_s7_f3"", ""use_fedheart"": true, ""num_classes"": 2, ""stratified_batching"": true, ""train_frac"": 0.8, ""group_max_train_samples"": [null, null, 20, 25], ""true_hetero_input_dim"": true, ""feature_mask"": [[0, 1, 2, 3, 5, 6, 7, 8, 9, 10], [0, 1, 2, 3, 5, 6, 11, 12], [0, 1, 2, 4, 5, 7, 11, 12], [0, 1, 2, 4, 5, 6, 8, 9, 10]], ""batch_size"": 64, ""num_workers"": 0, ""epochs"": 100, ""early_stopping_patience"": 30, ""lr"": 0.001, ""weight_decay"": 0.0001, ""optimizer"": ""adam"", ""grad_clip"": 1.0, ""lr_scheduler"": ""cosine"", ""lr_min"": 1e-05, ""latent_dim"": 64, ""head_hidden"": 32, ""groups"": [{""name"": ""cleveland"", ""encoder"": ""mlp_tabular_ln"", ""input_dim"": 10, ""hidden_dim"": 64, ""dropout"": 0.1}, {""name"": ""hungarian"", ""encoder"": ""mlp_tabular_ln"", ""input_dim"": 8, ""hidden_dim"": 64, ""dropout"": 0.1}, {""name"": ""switzerland"", ""encoder"": ""mlp_tabular_ln"", ""input_dim"": 8, ""hidden_dim"": 64, ""dropout"": 0.1}, {""name"": ""va_long_beach"", ""encoder"": ""mlp_tabular_ln"", ""input_dim"": 9, ""hidden_dim"": 64, ""dropout"": 0.1}], ""anchor_eps"": 0.0001, ""sep_samples_per_class"": 4, ""sep_method"": ""classifier"", ""sep_margin"": 1.0, ""lambda_fit"": 0.1, ""lambda_sep"": 0.1, ""groupdro_enabled"": true, ""groupdro_eta"": 0.02, ""groupdro_gamma"": 0.9, ""groupdro_update_mode"": ""exp"", ""groupdro_objective"": ""weighted"", ""groupdro_kl_lambda"": 0.0, ""groupdro_uniform_init"": false, ""log_interval"": 20, ""save_every"": 10, ""groupdro_ema_decay"": 0.9, ""groupdro_update_every"": 1, ""dro_signal"": ""val"", ""val_frac"": 0.15, ""impute_missing"": true, ""common_encoder"": false, ""use_regret"": true, ""optimal_losses"": [0.468332, 0.498132, 0.341179, 0.597641], ""data_split_seed"": 1003}","{""num_groups"": 4, ""num_classes"": 2, ""train_total"": 449, ""test_total"": 185, ""train_group_counts"": [205, 199, 20, 25], ""test_group_counts"": [61, 59, 25, 40], ""train_class_counts"": [251, 198], ""test_class_counts"": [83, 102], ""train_group_class_counts"": [[111, 94], [127, 72], [3, 17], [10, 15]], ""test_group_class_counts"": [[33, 28], [38, 21], [2, 23], [10, 30]], ""group_proportions"": [0.45657015590200445, 0.44320712694877507, 0.044543429844097995, 0.0556792873051225], ""val_group_counts"": [37, 36, 15, 24], ""val_total"": 112}","{""num_groups"": 4, ""eta"": 0.02, ""update_mode"": ""exp"", ""robust_objective"": ""weighted"", ""gamma"": 0.9, ""kl_lambda"": 0.0, ""initial_pi"": [0.4565701484680176, 0.44320711493492126, 0.04454343020915985, 0.055679287761449814]}",2026-09-15T20:45:00.781871,50,0.2452710914909164,0.8843537404153352,0.001,0.7837837837837838,0.7926111419838844,0.65,0.92,"[0.7868852459016393, 0.8135593220338984, 0.92, 0.65]","[0.4910862384531952, 0.6594451600448938, 0.34946236623451116, 1.308756257832283]","[0.7831325301204819, 0.7843137254901961]","[[0.8181818181818182, 0.75], [0.9210526315789473, 0.6190476190476191], [0.0, 1.0], [0.3, 0.7666666666666667]]","[61, 59, 25, 40]",0.7823529411764706,"[0.7848032564450476, 0.78345011678345, 0.4791666666666667, 0.5333333333333333]",0.4791666666666667,1.308756257832283,0.7410714285714286,0.7662725225225225,0.6666666666666666,0.9333333333333333,"[0.7567567567567568, 0.6666666666666666, 0.9333333333333333, 0.7083333333333334]","[0.5829034373164177, 0.906837031199959, 0.3634662934578955, 1.2432316821747615]","[0.62, 0.8387096774193549]","[[0.65, 0.8823529411764706], [0.782608695652174, 0.46153846153846156], [0.0, 1.0], [0.0, 0.9444444444444444]]","[37, 36, 15, 24]",0.7316367842683633,"[0.756043956043956, 0.6249999999999999, 0.4827586206896552, 0.41463414634146345]",0.41463414634146345,1.2432316821747615,"[0.42571762204170227, 0.4665507674217224, 0.042370233684778214, 0.0653613805770874]","[0.2708650678396225, 0.29579911061695646, 0.11822510696947575, 0.04914073304583629]","[0.4269573390483856, 0.46554452180862427, 0.04255468025803566, 0.06494340300559998]","[0.4565701484680176, 0.44320711493492126, 0.04454343020915985, 0.055679287761449814]",0.0
"{""run_name"": ""fedheart_exp_paper_hetagg_gdro"", ""seed"": 7, ""run_dir"": ""runs/fedheart_cv/Ours_Regret_s7_f3"", ""use_fedheart"": true, ""num_classes"": 2, ""stratified_batching"": true, ""train_frac"": 0.8, ""group_max_train_samples"": [null, null, 20, 25], ""true_hetero_input_dim"": true, ""feature_mask"": [[0, 1, 2, 3, 5, 6, 7, 8, 9, 10], [0, 1, 2, 3, 5, 6, 11, 12], [0, 1, 2, 4, 5, 7, 11, 12], [0, 1, 2, 4, 5, 6, 8, 9, 10]], ""batch_size"": 64, ""num_workers"": 0, ""epochs"": 100, ""early_stopping_patience"": 30, ""lr"": 0.001, ""weight_decay"": 0.0001, ""optimizer"": ""adam"", ""grad_clip"": 1.0, ""lr_scheduler"": ""cosine"", ""lr_min"": 1e-05, ""latent_dim"": 64, ""head_hidden"": 32, ""groups"": [{""name"": ""cleveland"", ""encoder"": ""mlp_tabular_ln"", ""input_dim"": 10, ""hidden_dim"": 64, ""dropout"": 0.1}, {""name"": ""hungarian"", ""encoder"": ""mlp_tabular_ln"", ""input_dim"": 8, ""hidden_dim"": 64, ""dropout"": 0.1}, {""name"": ""switzerland"", ""encoder"": ""mlp_tabular_ln"", ""input_dim"": 8, ""hidden_dim"": 64, ""dropout"": 0.1}, {""name"": ""va_long_beach"", ""encoder"": ""mlp_tabular_ln"", ""input_dim"": 9, ""hidden_dim"": 64, ""dropout"": 0.1}], ""anchor_eps"": 0.0001, ""sep_samples_per_class"": 4, ""sep_method"": ""classifier"", ""sep_margin"": 1.0, ""lambda_fit"": 0.1, ""lambda_sep"": 0.1, ""groupdro_enabled"": true, ""groupdro_eta"": 0.02, ""groupdro_gamma"": 0.9, ""groupdro_update_mode"": ""exp"", ""groupdro_objective"": ""weighted"", ""groupdro_kl_lambda"": 0.0, ""groupdro_uniform_init"": false, ""log_interval"": 20, ""save_every"": 10, ""groupdro_ema_decay"": 0.9, ""groupdro_update_every"": 1, ""dro_signal"": ""val"", ""val_frac"": 0.15, ""impute_missing"": true, ""common_encoder"": false, ""use_regret"": true, ""optimal_losses"": [0.468332, 0.498132, 0.341179, 0.597641], ""data_split_seed"": 1003}","{""num_groups"": 4, ""num_classes"": 2, ""train_total"": 449, ""test_total"": 185, ""train_group_counts"": [205, 199, 20, 25], ""test_group_counts"": [61, 59, 25, 40], ""train_class_counts"": [251, 198], ""test_class_counts"": [83, 102], ""train_group_class_counts"": [[111, 94], [127, 72], [3, 17], [10, 15]], ""test_group_class_counts"": [[33, 28], [38, 21], [2, 23], [10, 30]], ""group_proportions"": [0.45657015590200445, 0.44320712694877507, 0.044543429844097995, 0.0556792873051225], ""val_group_counts"": [37, 36, 15, 24], ""val_total"": 112}","{""num_groups"": 4, ""eta"": 0.02, ""update_mode"": ""exp"", ""robust_objective"": ""weighted"", ""gamma"": 0.9, ""kl_lambda"": 0.0, ""initial_pi"": [0.4565701484680176, 0.44320711493492126, 0.04454343020915985, 0.055679287761449814]}",2026-09-15T20:45:00.781871,51,0.2501004924174069,0.8888888896998365,0.001,0.772972972972973,0.784136565712698,0.65,0.92,"[0.7868852459016393, 0.7796610169491526, 0.92, 0.65]","[0.5046792177437637, 0.6688704582057514, 0.3894105690997094, 1.3158647484262473]","[0.7831325301204819, 0.7647058823529411]","[[0.8181818181818182, 0.75], [0.9210526315789473, 0.5238095238095238], [0.0, 1.0], [0.3, 0.7666666666666667]]","[61, 59, 25, 40]",0.7718463706835801,"[0.7848032564450476, 0.7359724612736662, 0.4791666666666667, 0.5333333333333333]",0.4791666666666667,1.3158647484262473,0.7410714285714286,0.7662725225225225,0.6666666666666666,0.9333333333333333,"[0.7567567567567568, 0.6666666666666666, 0.9333333333333333, 0.7083333333333334]","[0.6100783618167043, 0.9025818059906467, 0.37807478398705524, 1.265047584248047]","[0.62, 0.8387096774193549]","[[0.65, 0.8823529411764706], [0.782608695652174, 0.46153846153846156], [0.0, 1.0], [0.0, 0.9444444444444444]]","[37, 36, 15, 24]",0.7316367842683633,"[0.756043956043956, 0.6249999999999999, 0.4827586206896552, 0.41463414634146345]",0.41463414634146345,1.265047584248047,"[0.4244717061519623, 0.4675571322441101, 0.04218282550573349, 0.06578835099935532]","[0.29167821790490833, 0.28752951323986053, 0.1495763324201107, 0.021063018900652725]","[0.42571762204170227, 0.4665507674217224, 0.042370233684778214, 0.0653613805770874]","[0.4565701484680176, 0.44320711493492126, 0.04454343020915985, 0.055679287761449814]",0.0
"{""run_name"": ""fedheart_exp_paper_hetagg_gdro"", ""seed"": 7, ""run_dir"": ""runs/fedheart_cv/Ours_Regret_s7_f3"", ""use_fedheart"": true, ""num_classes"": 2, ""stratified_batching"": true, ""train_frac"": 0.8, ""group_max_train_samples"": [null, null, 20, 25], ""true_hetero_input_dim"": true, ""feature_mask"": [[0, 1, 2, 3, 5, 6, 7, 8, 9, 10], [0, 1, 2, 3, 5, 6, 11, 12], [0, 1, 2, 4, 5, 7, 11, 12], [0, 1, 2, 4, 5, 6, 8, 9, 10]], ""batch_size"": 64, ""num_workers"": 0, ""epochs"": 100, ""early_stopping_patience"": 30, ""lr"": 0.001, ""weight_decay"": 0.0001, ""optimizer"": ""adam"", ""grad_clip"": 1.0, ""lr_scheduler"": ""cosine"", ""lr_min"": 1e-05, ""latent_dim"": 64, ""head_hidden"": 32, ""groups"": [{""name"": ""cleveland"", ""encoder"": ""mlp_tabular_ln"", ""input_dim"": 10, ""hidden_dim"": 64, ""dropout"": 0.1}, {""name"": ""hungarian"", ""encoder"": ""mlp_tabular_ln"", ""input_dim"": 8, ""hidden_dim"": 64, ""dropout"": 0.1}, {""name"": ""switzerland"", ""encoder"": ""mlp_tabular_ln"", ""input_dim"": 8, ""hidden_dim"": 64, ""dropout"": 0.1}, {""name"": ""va_long_beach"", ""encoder"": ""mlp_tabular_ln"", ""input_dim"": 9, ""hidden_dim"": 64, ""dropout"": 0.1}], ""anchor_eps"": 0.0001, ""sep_samples_per_class"": 4, ""sep_method"": ""classifier"", ""sep_margin"": 1.0, ""lambda_fit"": 0.1, ""lambda_sep"": 0.1, ""groupdro_enabled"": true, ""groupdro_eta"": 0.02, ""groupdro_gamma"": 0.9, ""groupdro_update_mode"": ""exp"", ""groupdro_objective"": ""weighted"", ""groupdro_kl_lambda"": 0.0, ""groupdro_uniform_init"": false, ""log_interval"": 20, ""save_every"": 10, ""groupdro_ema_decay"": 0.9, ""groupdro_update_every"": 1, ""dro_signal"": ""val"", ""val_frac"": 0.15, ""impute_missing"": true, ""common_encoder"": false, ""use_regret"": true, ""optimal_losses"": [0.468332, 0.498132, 0.341179, 0.597641], ""data_split_seed"": 1003}","{""num_groups"": 4, ""num_classes"": 2, ""train_total"": 449, ""test_total"": 185, ""train_group_counts"": [205, 199, 20, 25], ""test_group_counts"": [61, 59, 25, 40], ""train_class_counts"": [251, 198], ""test_class_counts"": [83, 102], ""train_group_class_counts"": [[111, 94], [127, 72], [3, 17], [10, 15]], ""test_group_class_counts"": [[33, 28], [38, 21], [2, 23], [10, 30]], ""group_proportions"": [0.45657015590200445, 0.44320712694877507, 0.044543429844097995, 0.0556792873051225], ""val_group_counts"": [37, 36, 15, 24], ""val_total"": 112}","{""num_groups"": 4, ""eta"": 0.02, ""update_mode"": ""exp"", ""robust_objective"": ""weighted"", ""gamma"": 0.9, ""kl_lambda"": 0.0, ""initial_pi"": [0.4565701484680176, 0.44320711493492126, 0.04454343020915985, 0.055679287761449814]}",2026-09-15T20:45:00.781871,52,0.25835382695100745,0.8775510183807944,0.001,0.7945945945945946,0.8008078632953599,0.65,0.92,"[0.819672131147541, 0.8135593220338984, 0.92, 0.65]","[0.49979911771312846, 0.6580193609993715, 0.40980507207568734, 1.3105486514163203]","[0.8072289156626506, 0.7843137254901961]","[[0.8787878787878788, 0.75], [0.9210526315789473, 0.6190476190476191], [0.0, 1.0], [0.3, 0.7666666666666667]]","[61, 59, 25, 40]",0.7935752877613342,"[0.8165162701668034, 0.78345011678345, 0.4791666666666667, 0.5333333333333333]",0.4791666666666667,1.3105486514163203,0.7410714285714286,0.7697447447447447,0.6388888888888888,0.9333333333333333,"[0.7567567567567568, 0.6388888888888888, 0.9333333333333333, 0.75]","[0.5903431773689147, 0.8870871839980181, 0.38788025816902516, 1.2616199620630748]","[0.62, 0.8387096774193549]","[[0.7, 0.8235294117647058], [0.7391304347826086, 0.46153846153846156], [0.0, 1.0], [0.0, 1.0]]","[37, 36, 15, 24]",0.7316367842683633,"[0.7567567567567567, 0.6017021276595745, 0.4827586206896552, 0.42857142857142855]",0.42857142857142855,1.2616199620630748,"[0.4232165217399597, 0.4685632288455963, 0.04199494794011116, 0.06622534990310669]","[0.2932733680520739, 0.30450955246176037, 0.13169079211850962, 0.03779585690548023]","[0.4244717061519623, 0.4675571322441101, 0.04218282550573349, 0.06578835099935532]","[0.4565701484680176, 0.44320711493492126, 0.04454343020915985, 0.055679287761449814]",0.0
"{""run_name"": ""fedheart_exp_paper_hetagg_gdro"", ""seed"": 7, ""run_dir"": ""runs/fedheart_cv/Ours_Regret_s7_f3"", ""use_fedheart"": true, ""num_classes"": 2, ""stratified_batching"": true, ""train_frac"": 0.8, ""group_max_train_samples"": [null, null, 20, 25], ""true_hetero_input_dim"": true, ""feature_mask"": [[0, 1, 2, 3, 5, 6, 7, 8, 9, 10], [0, 1, 2, 3, 5, 6, 11, 12], [0, 1, 2, 4, 5, 7, 11, 12], [0, 1, 2, 4, 5, 6, 8, 9, 10]], ""batch_size"": 64, ""num_workers"": 0, ""epochs"": 100, ""early_stopping_patience"": 30, ""lr"": 0.001, ""weight_decay"": 0.0001, ""optimizer"": ""adam"", ""grad_clip"": 1.0, ""lr_scheduler"": ""cosine"", ""lr_min"": 1e-05, ""latent_dim"": 64, ""head_hidden"": 32, ""groups"": [{""name"": ""cleveland"", ""encoder"": ""mlp_tabular_ln"", ""input_dim"": 10, ""hidden_dim"": 64, ""dropout"": 0.1}, {""name"": ""hungarian"", ""encoder"": ""mlp_tabular_ln"", ""input_dim"": 8, ""hidden_dim"": 64, ""dropout"": 0.1}, {""name"": ""switzerland"", ""encoder"": ""mlp_tabular_ln"", ""input_dim"": 8, ""hidden_dim"": 64, ""dropout"": 0.1}, {""name"": ""va_long_beach"", ""encoder"": ""mlp_tabular_ln"", ""input_dim"": 9, ""hidden_dim"": 64, ""dropout"": 0.1}], ""anchor_eps"": 0.0001, ""sep_samples_per_class"": 4, ""sep_method"": ""classifier"", ""sep_margin"": 1.0, ""lambda_fit"": 0.1, ""lambda_sep"": 0.1, ""groupdro_enabled"": true, ""groupdro_eta"": 0.02, ""groupdro_gamma"": 0.9, ""groupdro_update_mode"": ""exp"", ""groupdro_objective"": ""weighted"", ""groupdro_kl_lambda"": 0.0, ""groupdro_uniform_init"": false, ""log_interval"": 20, ""save_every"": 10, ""groupdro_ema_decay"": 0.9, ""groupdro_update_every"": 1, ""dro_signal"": ""val"", ""val_frac"": 0.15, ""impute_missing"": true, ""common_encoder"": false, ""use_regret"": true, ""optimal_losses"": [0.468332, 0.498132, 0.341179, 0.597641], ""data_split_seed"": 1003}","{""num_groups"": 4, ""num_classes"": 2, ""train_total"": 449, ""test_total"": 185, ""train_group_counts"": [205, 199, 20, 25], ""test_group_counts"": [61, 59, 25, 40], ""train_class_counts"": [251, 198], ""test_class_counts"": [83, 102], ""train_group_class_counts"": [[111, 94], [127, 72], [3, 17], [10, 15]], ""test_group_class_counts"": [[33, 28], [38, 21], [2, 23], [10, 30]], ""group_proportions"": [0.45657015590200445, 0.44320712694877507, 0.044543429844097995, 0.0556792873051225], ""val_group_counts"": [37, 36, 15, 24], ""val_total"": 112}","{""num_groups"": 4, ""eta"": 0.02, ""update_mode"": ""exp"", ""robust_objective"": ""weighted"", ""gamma"": 0.9, ""kl_lambda"": 0.0, ""initial_pi"": [0.4565701484680176, 0.44320711493492126, 0.04454343020915985, 0.055679287761449814]}",2026-09-15T20:45:00.781871,53,0.24682620944890304,0.8911564663694559,0.001,0.7945945945945946,0.8028205751597666,0.675,0.92,"[0.819672131147541, 0.7966101694915254, 0.92, 0.675]","[0.49294941960910305, 0.6591712721797117, 0.4002063194196671, 1.3228348347416614]","[0.7951807228915663, 0.7941176470588235]","[[0.8787878787878788, 0.75], [0.8947368421052632, 0.6190476190476191], [0.0, 1.0], [0.3, 0.8]]","[61, 59, 25, 40]",0.793235294117647,"[0.8165162701668034, 0.7671052631578947, 0.4791666666666667, 0.551337359792925]",0.4791666666666667,1.3228348347416614,0.7410714285714286,0.7697447447447447,0.6388888888888888,0.9333333333333333,"[0.7567567567567568, 0.6388888888888888, 0.9333333333333333, 0.75]","[0.5860279092716204, 0.9023302506733065, 0.3771373255488773, 1.2478723781387089]","[0.62, 0.8387096774193549]","[[0.7, 0.8235294117647058], [0.7391304347826086, 0.46153846153846156], [0.0, 1.0], [0.0, 1.0]]","[37, 36, 15, 24]",0.7316367842683633,"[0.7567567567567567, 0.6017021276595745, 0.4827586206896552, 0.42857142857142855]",0.42857142857142855,1.2478723781387089,"[0.4219459295272827, 0.46957927942276, 0.0418054573237896, 0.06666934490203857]","[0.2862570732831955, 0.2872834439788546, 0.09833332966081798, 0.06641506946956117]","[0.4232165217399597, 0.4685632288455963, 0.04199494794011116, 0.06622534990310669]","[0.4565701484680176, 0.44320711493492126, 0.04454343020915985, 0.055679287761449814]",0.0
"{""run_name"": ""fedheart_exp_paper_hetagg_gdro"", ""seed"": 7, ""run_dir"": ""runs/fedheart_cv/Ours_Regret_s7_f3"", ""use_fedheart"": true, ""num_classes"": 2, ""stratified_batching"": true, ""train_frac"": 0.8, ""group_max_train_samples"": [null, null, 20, 25], ""true_hetero_input_dim"": true, ""feature_mask"": [[0, 1, 2, 3, 5, 6, 7, 8, 9, 10], [0, 1, 2, 3, 5, 6, 11, 12], [0, 1, 2, 4, 5, 7, 11, 12], [0, 1, 2, 4, 5, 6, 8, 9, 10]], ""batch_size"": 64, ""num_workers"": 0, ""epochs"": 100, ""early_stopping_patience"": 30, ""lr"": 0.001, ""weight_decay"": 0.0001, ""optimizer"": ""adam"", ""grad_clip"": 1.0, ""lr_scheduler"": ""cosine"", ""lr_min"": 1e-05, ""latent_dim"": 64, ""head_hidden"": 32, ""groups"": [{""name"": ""cleveland"", ""encoder"": ""mlp_tabular_ln"", ""input_dim"": 10, ""hidden_dim"": 64, ""dropout"": 0.1}, {""name"": ""hungarian"", ""encoder"": ""mlp_tabular_ln"", ""input_dim"": 8, ""hidden_dim"": 64, ""dropout"": 0.1}, {""name"": ""switzerland"", ""encoder"": ""mlp_tabular_ln"", ""input_dim"": 8, ""hidden_dim"": 64, ""dropout"": 0.1}, {""name"": ""va_long_beach"", ""encoder"": ""mlp_tabular_ln"", ""input_dim"": 9, ""hidden_dim"": 64, ""dropout"": 0.1}], ""anchor_eps"": 0.0001, ""sep_samples_per_class"": 4, ""sep_method"": ""classifier"", ""sep_margin"": 1.0, ""lambda_fit"": 0.1, ""lambda_sep"": 0.1, ""groupdro_enabled"": true, ""groupdro_eta"": 0.02, ""groupdro_gamma"": 0.9, ""groupdro_update_mode"": ""exp"", ""groupdro_objective"": ""weighted"", ""groupdro_kl_lambda"": 0.0, ""groupdro_uniform_init"": false, ""log_interval"": 20, ""save_every"": 10, ""groupdro_ema_decay"": 0.9, ""groupdro_update_every"": 1, ""dro_signal"": ""val"", ""val_frac"": 0.15, ""impute_missing"": true, ""common_encoder"": false, ""use_regret"": true, ""optimal_losses"": [0.468332, 0.498132, 0.341179, 0.597641], ""data_split_seed"": 1003}","{""num_groups"": 4, ""num_classes"": 2, ""train_total"": 449, ""test_total"": 185, ""train_group_counts"": [205, 199, 20, 25], ""test_group_counts"": [61, 59, 25, 40], ""train_class_counts"": [251, 198], ""test_class_counts"": [83, 102], ""train_group_class_counts"": [[111, 94], [127, 72], [3, 17], [10, 15]], ""test_group_class_counts"": [[33, 28], [38, 21], [2, 23], [10, 30]], ""group_proportions"": [0.45657015590200445, 0.44320712694877507, 0.044543429844097995, 0.0556792873051225], ""val_group_counts"": [37, 36, 15, 24], ""val_total"": 112}","{""num_groups"": 4, ""eta"": 0.02, ""update_mode"": ""exp"", ""robust_objective"": ""weighted"", ""gamma"": 0.9, ""kl_lambda"": 0.0, ""initial_pi"": [0.4565701484680176, 0.44320711493492126, 0.04454343020915985, 0.055679287761449814]}",2026-09-15T20:45:00.781871,54,0.24621004197332594,0.8911564596115596,0.001,0.7891891891891892,0.7987222145040289,0.675,0.92,"[0.8032786885245902, 0.7966101694915254, 0.92, 0.675]","[0.5017603771440441, 0.6601899028913576, 0.3780711416248232, 1.3394279724860099]","[0.7951807228915663, 0.7843137254901961]","[[0.8787878787878788, 0.7142857142857143], [0.8947368421052632, 0.6190476190476191], [0.0, 1.0], [0.3, 0.8]]","[61, 59, 25, 40]",0.787974962531958,"[0.7989010989010988, 0.7671052631578947, 0.4791666666666667, 0.551337359792925]",0.4791666666666667,1.3394279724860099,0.7321428571428571,0.762987987987988,0.6388888888888888,0.9333333333333333,"[0.7297297297297297, 0.6388888888888888, 0.9333333333333333, 0.75]","[0.5905941423985201, 0.9136673051721623, 0.36015252058083813, 1.2279835677472875]","[0.6, 0.8387096774193549]","[[0.65, 0.8235294117647058], [0.7391304347826086, 0.46153846153846156], [0.0, 1.0], [0.0, 1.0]]","[37, 36, 15, 24]",0.7213930348258706,"[0.72953216374269, 0.6017021276595745, 0.4827586206896552, 0.42857142857142855]",0.42857142857142855,1.2279835677472875,"[0.42066097259521484, 0.47060975432395935, 0.04161273315548897, 0.06711658835411072]","[0.27736665095601765, 0.29319849610328674, 0.13745977240614593, 0.01708704240930577]","[0.4219459295272827, 0.46957927942276, 0.0418054573237896, 0.06666934490203857]","[0.4565701484680176, 0.44320711493492126, 0.04454343020915985, 0.055679287761449814]",0.0
"{""run_name"": ""fedheart_exp_paper_hetagg_gdro"", ""seed"": 7, ""run_dir"": ""runs/fedheart_cv/Ours_Regret_s7_f3"", ""use_fedheart"": true, ""num_classes"": 2, ""stratified_batching"": true, ""train_frac"": 0.8, ""group_max_train_samples"": [null, null, 20, 25], ""true_hetero_input_dim"": true, ""feature_mask"": [[0, 1, 2, 3, 5, 6, 7, 8, 9, 10], [0, 1, 2, 3, 5, 6, 11, 12], [0, 1, 2, 4, 5, 7, 11, 12], [0, 1, 2, 4, 5, 6, 8, 9, 10]], ""batch_size"": 64, ""num_workers"": 0, ""epochs"": 100, ""early_stopping_patience"": 30, ""lr"": 0.001, ""weight_decay"": 0.0001, ""optimizer"": ""adam"", ""grad_clip"": 1.0, ""lr_scheduler"": ""cosine"", ""lr_min"": 1e-05, ""latent_dim"": 64, ""head_hidden"": 32, ""groups"": [{""name"": ""cleveland"", ""encoder"": ""mlp_tabular_ln"", ""input_dim"": 10, ""hidden_dim"": 64, ""dropout"": 0.1}, {""name"": ""hungarian"", ""encoder"": ""mlp_tabular_ln"", ""input_dim"": 8, ""hidden_dim"": 64, ""dropout"": 0.1}, {""name"": ""switzerland"", ""encoder"": ""mlp_tabular_ln"", ""input_dim"": 8, ""hidden_dim"": 64, ""dropout"": 0.1}, {""name"": ""va_long_beach"", ""encoder"": ""mlp_tabular_ln"", ""input_dim"": 9, ""hidden_dim"": 64, ""dropout"": 0.1}], ""anchor_eps"": 0.0001, ""sep_samples_per_class"": 4, ""sep_method"": ""classifier"", ""sep_margin"": 1.0, ""lambda_fit"": 0.1, ""lambda_sep"": 0.1, ""groupdro_enabled"": true, ""groupdro_eta"": 0.02, ""groupdro_gamma"": 0.9, ""groupdro_update_mode"": ""exp"", ""groupdro_objective"": ""weighted"", ""groupdro_kl_lambda"": 0.0, ""groupdro_uniform_init"": false, ""log_interval"": 20, ""save_every"": 10, ""groupdro_ema_decay"": 0.9, ""groupdro_update_every"": 1, ""dro_signal"": ""val"", ""val_frac"": 0.15, ""impute_missing"": true, ""common_encoder"": false, ""use_regret"": true, ""optimal_losses"": [0.468332, 0.498132, 0.341179, 0.597641], ""data_split_seed"": 1003}","{""num_groups"": 4, ""num_classes"": 2, ""train_total"": 449, ""test_total"": 185, ""train_group_counts"": [205, 199, 20, 25], ""test_group_counts"": [61, 59, 25, 40], ""train_class_counts"": [251, 198], ""test_class_counts"": [83, 102], ""train_group_class_counts"": [[111, 94], [127, 72], [3, 17], [10, 15]], ""test_group_class_counts"": [[33, 28], [38, 21], [2, 23], [10, 30]], ""group_proportions"": [0.45657015590200445, 0.44320712694877507, 0.044543429844097995, 0.0556792873051225], ""val_group_counts"": [37, 36, 15, 24], ""val_total"": 112}","{""num_groups"": 4, ""eta"": 0.02, ""update_mode"": ""exp"", ""robust_objective"": ""weighted"", ""gamma"": 0.9, ""kl_lambda"": 0.0, ""initial_pi"": [0.4565701484680176, 0.44320711493492126, 0.04454343020915985, 0.055679287761449814]}",2026-09-15T20:45:00.781871,55,0.24967488842486255,0.9024943299844962,0.001,0.7675675675675676,0.7800382050569603,0.65,0.92,"[0.7704918032786885, 0.7796610169491526, 0.92, 0.65]","[0.5058224265326242, 0.6827515723515238, 0.3622618544753641, 1.3725734176638071]","[0.7831325301204819, 0.7549019607843137]","[[0.8181818181818182, 0.7142857142857143], [0.9210526315789473, 0.5238095238095238], [0.0, 1.0], [0.3, 0.7666666666666667]]","[61, 59, 25, 40]",0.7665854875150376,"[0.7674291938997821, 0.7359724612736662, 0.4791666666666667, 0.5333333333333333]",0.4791666666666667,1.3725734176638071,0.7053571428571429,0.7282657657657657,0.5833333333333334,0.9333333333333333,"[0.7297297297297297, 0.6666666666666666, 0.9333333333333333, 0.5833333333333334]","[0.5894140419927804, 0.9150358837084949, 0.3495674045135578, 1.2047837776772212]","[0.62, 0.7741935483870968]","[[0.65, 0.8235294117647058], [0.782608695652174, 0.46153846153846156], [0.0, 1.0], [0.0, 0.7777777777777778]]","[37, 36, 15, 24]",0.6984088127294981,"[0.72953216374269, 0.6249999999999999, 0.4827586206896552, 0.36842105263157887]",0.36842105263157887,1.2047837776772212,"[0.41936352849006653, 0.471655935049057, 0.04141645133495331, 0.06756410002708435]","[0.2981803459780557, 0.30119734363896505, 0.024366116772095364, 0.035439262011398874]","[0.42066097259521484, 0.47060975432395935, 0.04161273315548897, 0.06711658835411072]","[0.4565701484680176, 0.44320711493492126, 0.04454343020915985, 0.055679287761449814]",0.0
"{""run_name"": ""fedheart_exp_paper_hetagg_gdro"", ""seed"": 7, ""run_dir"": ""runs/fedheart_cv/Ours_Regret_s7_f3"", ""use_fedheart"": true, ""num_classes"": 2, ""stratified_batching"": true, ""train_frac"": 0.8, ""group_max_train_samples"": [null, null, 20, 25], ""true_hetero_input_dim"": true, ""feature_mask"": [[0, 1, 2, 3, 5, 6, 7, 8, 9, 10], [0, 1, 2, 3, 5, 6, 11, 12], [0, 1, 2, 4, 5, 7, 11, 12], [0, 1, 2, 4, 5, 6, 8, 9, 10]], ""batch_size"": 64, ""num_workers"": 0, ""epochs"": 100, ""early_stopping_patience"": 30, ""lr"": 0.001, ""weight_decay"": 0.0001, ""optimizer"": ""adam"", ""grad_clip"": 1.0, ""lr_scheduler"": ""cosine"", ""lr_min"": 1e-05, ""latent_dim"": 64, ""head_hidden"": 32, ""groups"": [{""name"": ""cleveland"", ""encoder"": ""mlp_tabular_ln"", ""input_dim"": 10, ""hidden_dim"": 64, ""dropout"": 0.1}, {""name"": ""hungarian"", ""encoder"": ""mlp_tabular_ln"", ""input_dim"": 8, ""hidden_dim"": 64, ""dropout"": 0.1}, {""name"": ""switzerland"", ""encoder"": ""mlp_tabular_ln"", ""input_dim"": 8, ""hidden_dim"": 64, ""dropout"": 0.1}, {""name"": ""va_long_beach"", ""encoder"": ""mlp_tabular_ln"", ""input_dim"": 9, ""hidden_dim"": 64, ""dropout"": 0.1}], ""anchor_eps"": 0.0001, ""sep_samples_per_class"": 4, ""sep_method"": ""classifier"", ""sep_margin"": 1.0, ""lambda_fit"": 0.1, ""lambda_sep"": 0.1, ""groupdro_enabled"": true, ""groupdro_eta"": 0.02, ""groupdro_gamma"": 0.9, ""groupdro_update_mode"": ""exp"", ""groupdro_objective"": ""weighted"", ""groupdro_kl_lambda"": 0.0, ""groupdro_uniform_init"": false, ""log_interval"": 20, ""save_every"": 10, ""groupdro_ema_decay"": 0.9, ""groupdro_update_every"": 1, ""dro_signal"": ""val"", ""val_frac"": 0.15, ""impute_missing"": true, ""common_encoder"": false, ""use_regret"": true, ""optimal_losses"": [0.468332, 0.498132, 0.341179, 0.597641], ""data_split_seed"": 1003}","{""num_groups"": 4, ""num_classes"": 2, ""train_total"": 449, ""test_total"": 185, ""train_group_counts"": [205, 199, 20, 25], ""test_group_counts"": [61, 59, 25, 40], ""train_class_counts"": [251, 198], ""test_class_counts"": [83, 102], ""train_group_class_counts"": [[111, 94], [127, 72], [3, 17], [10, 15]], ""test_group_class_counts"": [[33, 28], [38, 21], [2, 23], [10, 30]], ""group_proportions"": [0.45657015590200445, 0.44320712694877507, 0.044543429844097995, 0.0556792873051225], ""val_group_counts"": [37, 36, 15, 24], ""val_total"": 112}","{""num_groups"": 4, ""eta"": 0.02, ""update_mode"": ""exp"", ""robust_objective"": ""weighted"", ""gamma"": 0.9, ""kl_lambda"": 0.0, ""initial_pi"": [0.4565701484680176, 0.44320711493492126, 0.04454343020915985, 0.055679287761449814]}",2026-09-15T20:45:00.781871,56,0.23262305659096258,0.8866213189771657,0.001,0.7783783783783784,0.7882349263684357,0.65,0.92,"[0.8032786885245902, 0.7796610169491526, 0.92, 0.65]","[0.5074342299313819, 0.6877388605469111, 0.36459347083233296, 1.3844729209085926]","[0.7831325301204819, 0.7745098039215687]","[[0.8181818181818182, 0.7857142857142857], [0.9210526315789473, 0.5238095238095238], [0.0, 1.0], [0.3, 0.7666666666666667]]","[61, 59, 25, 40]",0.777101883687443,"[0.801948051948052, 0.7359724612736662, 0.4791666666666667, 0.5333333333333333]",0.4791666666666667,1.3844729209085926,0.7053571428571429,0.7282657657657657,0.5833333333333334,0.9333333333333333,"[0.7297297297297297, 0.6666666666666666, 0.9333333333333333, 0.5833333333333334]","[0.5963854251328755, 0.9159023557893105, 0.3536550072953105, 1.1884790770806528]","[0.62, 0.7741935483870968]","[[0.65, 0.8235294117647058], [0.782608695652174, 0.46153846153846156], [0.0, 1.0], [0.0, 0.7777777777777778]]","[37, 36, 15, 24]",0.6984088127294981,"[0.72953216374269, 0.6249999999999999, 0.4827586206896552, 0.36842105263157887]",0.36842105263157887,1.1884790770806528,"[0.41805875301361084, 0.47271454334259033, 0.04121720418334007, 0.06800949573516846]","[0.26345805185181753, 0.2933071755937168, 0.12843401481707892, 0.026921033238371212]","[0.41936352849006653, 0.471655935049057, 0.04141645133495331, 0.06756410002708435]","[0.4565701484680176, 0.44320711493492126, 0.04454343020915985, 0.055679287761449814]",0.0
"{""run_name"": ""fedheart_exp_paper_hetagg_gdro"", ""seed"": 7, ""run_dir"": ""runs/fedheart_cv/Ours_Regret_s7_f3"", ""use_fedheart"": true, ""num_classes"": 2, ""stratified_batching"": true, ""train_frac"": 0.8, ""group_max_train_samples"": [null, null, 20, 25], ""true_hetero_input_dim"": true, ""feature_mask"": [[0, 1, 2, 3, 5, 6, 7, 8, 9, 10], [0, 1, 2, 3, 5, 6, 11, 12], [0, 1, 2, 4, 5, 7, 11, 12], [0, 1, 2, 4, 5, 6, 8, 9, 10]], ""batch_size"": 64, ""num_workers"": 0, ""epochs"": 100, ""early_stopping_patience"": 30, ""lr"": 0.001, ""weight_decay"": 0.0001, ""optimizer"": ""adam"", ""grad_clip"": 1.0, ""lr_scheduler"": ""cosine"", ""lr_min"": 1e-05, ""latent_dim"": 64, ""head_hidden"": 32, ""groups"": [{""name"": ""cleveland"", ""encoder"": ""mlp_tabular_ln"", ""input_dim"": 10, ""hidden_dim"": 64, ""dropout"": 0.1}, {""name"": ""hungarian"", ""encoder"": ""mlp_tabular_ln"", ""input_dim"": 8, ""hidden_dim"": 64, ""dropout"": 0.1}, {""name"": ""switzerland"", ""encoder"": ""mlp_tabular_ln"", ""input_dim"": 8, ""hidden_dim"": 64, ""dropout"": 0.1}, {""name"": ""va_long_beach"", ""encoder"": ""mlp_tabular_ln"", ""input_dim"": 9, ""hidden_dim"": 64, ""dropout"": 0.1}], ""anchor_eps"": 0.0001, ""sep_samples_per_class"": 4, ""sep_method"": ""classifier"", ""sep_margin"": 1.0, ""lambda_fit"": 0.1, ""lambda_sep"": 0.1, ""groupdro_enabled"": true, ""groupdro_eta"": 0.02, ""groupdro_gamma"": 0.9, ""groupdro_update_mode"": ""exp"", ""groupdro_objective"": ""weighted"", ""groupdro_kl_lambda"": 0.0, ""groupdro_uniform_init"": false, ""log_interval"": 20, ""save_every"": 10, ""groupdro_ema_decay"": 0.9, ""groupdro_update_every"": 1, ""dro_signal"": ""val"", ""val_frac"": 0.15, ""impute_missing"": true, ""common_encoder"": false, ""use_regret"": true, ""optimal_losses"": [0.468332, 0.498132, 0.341179, 0.597641], ""data_split_seed"": 1003}","{""num_groups"": 4, ""num_classes"": 2, ""train_total"": 449, ""test_total"": 185, ""train_group_counts"": [205, 199, 20, 25], ""test_group_counts"": [61, 59, 25, 40], ""train_class_counts"": [251, 198], ""test_class_counts"": [83, 102], ""train_group_class_counts"": [[111, 94], [127, 72], [3, 17], [10, 15]], ""test_group_class_counts"": [[33, 28], [38, 21], [2, 23], [10, 30]], ""group_proportions"": [0.45657015590200445, 0.44320712694877507, 0.044543429844097995, 0.0556792873051225], ""val_group_counts"": [37, 36, 15, 24], ""val_total"": 112}","{""num_groups"": 4, ""eta"": 0.02, ""update_mode"": ""exp"", ""robust_objective"": ""weighted"", ""gamma"": 0.9, ""kl_lambda"": 0.0, ""initial_pi"": [0.4565701484680176, 0.44320711493492126, 0.04454343020915985, 0.055679287761449814]}",2026-09-15T20:45:00.781871,57,0.2297018429522071,0.8843537452810205,0.001,0.772972972972973,0.7842754931925535,0.65,0.92,"[0.7704918032786885, 0.7966101694915254, 0.92, 0.65]","[0.5293862837038507, 0.6852224369265013, 0.3918330342601985, 1.3699456425732932]","[0.8072289156626506, 0.7450980392156863]","[[0.8787878787878788, 0.6428571428571429], [0.9210526315789473, 0.5714285714285714], [0.0, 1.0], [0.3, 0.7666666666666667]]","[61, 59, 25, 40]",0.7724343955014057,"[0.7627777777777778, 0.7601626016260162, 0.4791666666666667, 0.5333333333333333]",0.4791666666666667,1.3699456425732932,0.7142857142857143,0.7348348348348348,0.5833333333333334,0.9333333333333333,"[0.7837837837837838, 0.6388888888888888, 0.9333333333333333, 0.5833333333333334]","[0.5553932528741456, 0.9206048198231858, 0.36975725886101524, 1.1813169437421795]","[0.64, 0.7741935483870968]","[[0.75, 0.8235294117647058], [0.7391304347826086, 0.46153846153846156], [0.0, 1.0], [0.0, 0.7777777777777778]]","[37, 36, 15, 24]",0.7083333333333334,"[0.783625730994152, 0.6017021276595745, 0.4827586206896552, 0.36842105263157887]",0.36842105263157887,1.1813169437421795,"[0.4167254865169525, 0.47380250692367554, 0.041017912328243256, 0.06845416128635406]","[0.252772324851581, 0.2940667654786791, 0.08850073503951232, 0.06046482175588608]","[0.41805875301361084, 0.47271454334259033, 0.04121720418334007, 0.06800949573516846]","[0.4565701484680176, 0.44320711493492126, 0.04454343020915985, 0.055679287761449814]",0.0
"{""run_name"": ""fedheart_exp_paper_hetagg_gdro"", ""seed"": 7, ""run_dir"": ""runs/fedheart_cv/Ours_Regret_s7_f3"", ""use_fedheart"": true, ""num_classes"": 2, ""stratified_batching"": true, ""train_frac"": 0.8, ""group_max_train_samples"": [null, null, 20, 25], ""true_hetero_input_dim"": true, ""feature_mask"": [[0, 1, 2, 3, 5, 6, 7, 8, 9, 10], [0, 1, 2, 3, 5, 6, 11, 12], [0, 1, 2, 4, 5, 7, 11, 12], [0, 1, 2, 4, 5, 6, 8, 9, 10]], ""batch_size"": 64, ""num_workers"": 0, ""epochs"": 100, ""early_stopping_patience"": 30, ""lr"": 0.001, ""weight_decay"": 0.0001, ""optimizer"": ""adam"", ""grad_clip"": 1.0, ""lr_scheduler"": ""cosine"", ""lr_min"": 1e-05, ""latent_dim"": 64, ""head_hidden"": 32, ""groups"": [{""name"": ""cleveland"", ""encoder"": ""mlp_tabular_ln"", ""input_dim"": 10, ""hidden_dim"": 64, ""dropout"": 0.1}, {""name"": ""hungarian"", ""encoder"": ""mlp_tabular_ln"", ""input_dim"": 8, ""hidden_dim"": 64, ""dropout"": 0.1}, {""name"": ""switzerland"", ""encoder"": ""mlp_tabular_ln"", ""input_dim"": 8, ""hidden_dim"": 64, ""dropout"": 0.1}, {""name"": ""va_long_beach"", ""encoder"": ""mlp_tabular_ln"", ""input_dim"": 9, ""hidden_dim"": 64, ""dropout"": 0.1}], ""anchor_eps"": 0.0001, ""sep_samples_per_class"": 4, ""sep_method"": ""classifier"", ""sep_margin"": 1.0, ""lambda_fit"": 0.1, ""lambda_sep"": 0.1, ""groupdro_enabled"": true, ""groupdro_eta"": 0.02, ""groupdro_gamma"": 0.9, ""groupdro_update_mode"": ""exp"", ""groupdro_objective"": ""weighted"", ""groupdro_kl_lambda"": 0.0, ""groupdro_uniform_init"": false, ""log_interval"": 20, ""save_every"": 10, ""groupdro_ema_decay"": 0.9, ""groupdro_update_every"": 1, ""dro_signal"": ""val"", ""val_frac"": 0.15, ""impute_missing"": true, ""common_encoder"": false, ""use_regret"": true, ""optimal_losses"": [0.468332, 0.498132, 0.341179, 0.597641], ""data_split_seed"": 1003}","{""num_groups"": 4, ""num_classes"": 2, ""train_total"": 449, ""test_total"": 185, ""train_group_counts"": [205, 199, 20, 25], ""test_group_counts"": [61, 59, 25, 40], ""train_class_counts"": [251, 198], ""test_class_counts"": [83, 102], ""train_group_class_counts"": [[111, 94], [127, 72], [3, 17], [10, 15]], ""test_group_class_counts"": [[33, 28], [38, 21], [2, 23], [10, 30]], ""group_proportions"": [0.45657015590200445, 0.44320712694877507, 0.044543429844097995, 0.0556792873051225], ""val_group_counts"": [37, 36, 15, 24], ""val_total"": 112}","{""num_groups"": 4, ""eta"": 0.02, ""update_mode"": ""exp"", ""robust_objective"": ""weighted"", ""gamma"": 0.9, ""kl_lambda"": 0.0, ""initial_pi"": [0.4565701484680176, 0.44320711493492126, 0.04454343020915985, 0.055679287761449814]}",2026-09-15T20:45:00.781871,58,0.24492627510678472,0.8956916070038499,0.001,0.772972972972973,0.7839976382328424,0.65,0.92,"[0.8032786885245902, 0.7627118644067796, 0.92, 0.65]","[0.5204048312925658, 0.6814527860566405, 0.42000016435515136, 1.3913012613309548]","[0.7831325301204819, 0.7647058823529411]","[[0.8787878787878788, 0.7142857142857143], [0.868421052631579, 0.5714285714285714], [0.0, 1.0], [0.3, 0.7666666666666667]]","[61, 59, 25, 40]",0.7718463706835801,"[0.7989010989010988, 0.7282894736842105, 0.4791666666666667, 0.5333333333333333]",0.4791666666666667,1.3913012613309548,0.7053571428571429,0.7278903903903904,0.5833333333333334,0.9333333333333333,"[0.7837837837837838, 0.6111111111111112, 0.9333333333333333, 0.5833333333333334]","[0.5637563738116139, 0.9333534079746136, 0.38561665738622347, 1.2024126463220455]","[0.62, 0.7741935483870968]","[[0.75, 0.8235294117647058], [0.6956521739130435, 0.46153846153846156], [0.0, 1.0], [0.0, 0.7777777777777778]]","[37, 36, 15, 24]",0.6984088127294981,"[0.783625730994152, 0.5785953177257526, 0.4827586206896552, 0.36842105263157887]",0.36842105263157887,1.2024126463220455,"[0.4153639078140259, 0.4749175012111664, 0.0408189631998539, 0.06889960169792175]","[0.2807870092136519, 0.29228185542992186, 0.048469513189047575, 0.10947270877659321]","[0.4167254865169525, 0.47380250692367554, 0.041017912328243256, 0.06845416128635406]","[0.4565701484680176, 0.44320711493492126, 0.04454343020915985, 0.055679287761449814]",0.0
"{""run_name"": ""fedheart_exp_paper_hetagg_gdro"", ""seed"": 7, ""run_dir"": ""runs/fedheart_cv/Ours_Regret_s7_f3"", ""use_fedheart"": true, ""num_classes"": 2, ""stratified_batching"": true, ""train_frac"": 0.8, ""group_max_train_samples"": [null, null, 20, 25], ""true_hetero_input_dim"": true, ""feature_mask"": [[0, 1, 2, 3, 5, 6, 7, 8, 9, 10], [0, 1, 2, 3, 5, 6, 11, 12], [0, 1, 2, 4, 5, 7, 11, 12], [0, 1, 2, 4, 5, 6, 8, 9, 10]], ""batch_size"": 64, ""num_workers"": 0, ""epochs"": 100, ""early_stopping_patience"": 30, ""lr"": 0.001, ""weight_decay"": 0.0001, ""optimizer"": ""adam"", ""grad_clip"": 1.0, ""lr_scheduler"": ""cosine"", ""lr_min"": 1e-05, ""latent_dim"": 64, ""head_hidden"": 32, ""groups"": [{""name"": ""cleveland"", ""encoder"": ""mlp_tabular_ln"", ""input_dim"": 10, ""hidden_dim"": 64, ""dropout"": 0.1}, {""name"": ""hungarian"", ""encoder"": ""mlp_tabular_ln"", ""input_dim"": 8, ""hidden_dim"": 64, ""dropout"": 0.1}, {""name"": ""switzerland"", ""encoder"": ""mlp_tabular_ln"", ""input_dim"": 8, ""hidden_dim"": 64, ""dropout"": 0.1}, {""name"": ""va_long_beach"", ""encoder"": ""mlp_tabular_ln"", ""input_dim"": 9, ""hidden_dim"": 64, ""dropout"": 0.1}], ""anchor_eps"": 0.0001, ""sep_samples_per_class"": 4, ""sep_method"": ""classifier"", ""sep_margin"": 1.0, ""lambda_fit"": 0.1, ""lambda_sep"": 0.1, ""groupdro_enabled"": true, ""groupdro_eta"": 0.02, ""groupdro_gamma"": 0.9, ""groupdro_update_mode"": ""exp"", ""groupdro_objective"": ""weighted"", ""groupdro_kl_lambda"": 0.0, ""groupdro_uniform_init"": false, ""log_interval"": 20, ""save_every"": 10, ""groupdro_ema_decay"": 0.9, ""groupdro_update_every"": 1, ""dro_signal"": ""val"", ""val_frac"": 0.15, ""impute_missing"": true, ""common_encoder"": false, ""use_regret"": true, ""optimal_losses"": [0.468332, 0.498132, 0.341179, 0.597641], ""data_split_seed"": 1003}","{""num_groups"": 4, ""num_classes"": 2, ""train_total"": 449, ""test_total"": 185, ""train_group_counts"": [205, 199, 20, 25], ""test_group_counts"": [61, 59, 25, 40], ""train_class_counts"": [251, 198], ""test_class_counts"": [83, 102], ""train_group_class_counts"": [[111, 94], [127, 72], [3, 17], [10, 15]], ""test_group_class_counts"": [[33, 28], [38, 21], [2, 23], [10, 30]], ""group_proportions"": [0.45657015590200445, 0.44320712694877507, 0.044543429844097995, 0.0556792873051225], ""val_group_counts"": [37, 36, 15, 24], ""val_total"": 112}","{""num_groups"": 4, ""eta"": 0.02, ""update_mode"": ""exp"", ""robust_objective"": ""weighted"", ""gamma"": 0.9, ""kl_lambda"": 0.0, ""initial_pi"": [0.4565701484680176, 0.44320711493492126, 0.04454343020915985, 0.055679287761449814]}",2026-09-15T20:45:00.781871,59,0.22951906595100352,0.9024943299844962,0.001,0.7513513513513513,0.7612882050569603,0.575,0.92,"[0.7704918032786885, 0.7796610169491526, 0.92, 0.575]","[0.4999225960823051, 0.6876670677309572, 0.42455999238416553, 1.4657070571032818]","[0.7831325301204819, 0.7254901960784313]","[[0.8181818181818182, 0.7142857142857143], [0.9210526315789473, 0.5238095238095238], [0.0, 1.0], [0.3, 0.6666666666666666]]","[61, 59, 25, 40]",0.750761480787254,"[0.7674291938997821, 0.7359724612736662, 0.4791666666666667, 0.4813119755911518]",0.4791666666666667,1.4657070571032818,0.7053571428571429,0.7280780780780781,0.5833333333333334,0.9333333333333333,"[0.7567567567567568, 0.6388888888888888, 0.9333333333333333, 0.5833333333333334]","[0.5708615146954922, 0.9397968996846531, 0.3854368074486653, 1.2381623153438948]","[0.6, 0.7903225806451613]","[[0.65, 0.8823529411764706], [0.7391304347826086, 0.46153846153846156], [0.0, 1.0], [0.0, 0.7777777777777778]]","[37, 36, 15, 24]",0.6966264466880079,"[0.756043956043956, 0.6017021276595745, 0.4827586206896552, 0.36842105263157887]",0.36842105263157887,1.2381623153438948,"[0.4139758050441742, 0.4760548174381256, 0.04061966761946678, 0.06934969872236252]","[0.2902293737445559, 0.27440714623246876, 0.042025154534106456, 0.042426229920238256]","[0.4153639078140259, 0.4749175012111664, 0.0408189631998539, 0.06889960169792175]","[0.4565701484680176, 0.44320711493492126, 0.04454343020915985, 0.055679287761449814]",0.0
"{""run_name"": ""fedheart_exp_paper_hetagg_gdro"", ""seed"": 7, ""run_dir"": ""runs/fedheart_cv/Ours_Regret_s7_f3"", ""use_fedheart"": true, ""num_classes"": 2, ""stratified_batching"": true, ""train_frac"": 0.8, ""group_max_train_samples"": [null, null, 20, 25], ""true_hetero_input_dim"": true, ""feature_mask"": [[0, 1, 2, 3, 5, 6, 7, 8, 9, 10], [0, 1, 2, 3, 5, 6, 11, 12], [0, 1, 2, 4, 5, 7, 11, 12], [0, 1, 2, 4, 5, 6, 8, 9, 10]], ""batch_size"": 64, ""num_workers"": 0, ""epochs"": 100, ""early_stopping_patience"": 30, ""lr"": 0.001, ""weight_decay"": 0.0001, ""optimizer"": ""adam"", ""grad_clip"": 1.0, ""lr_scheduler"": ""cosine"", ""lr_min"": 1e-05, ""latent_dim"": 64, ""head_hidden"": 32, ""groups"": [{""name"": ""cleveland"", ""encoder"": ""mlp_tabular_ln"", ""input_dim"": 10, ""hidden_dim"": 64, ""dropout"": 0.1}, {""name"": ""hungarian"", ""encoder"": ""mlp_tabular_ln"", ""input_dim"": 8, ""hidden_dim"": 64, ""dropout"": 0.1}, {""name"": ""switzerland"", ""encoder"": ""mlp_tabular_ln"", ""input_dim"": 8, ""hidden_dim"": 64, ""dropout"": 0.1}, {""name"": ""va_long_beach"", ""encoder"": ""mlp_tabular_ln"", ""input_dim"": 9, ""hidden_dim"": 64, ""dropout"": 0.1}], ""anchor_eps"": 0.0001, ""sep_samples_per_class"": 4, ""sep_method"": ""classifier"", ""sep_margin"": 1.0, ""lambda_fit"": 0.1, ""lambda_sep"": 0.1, ""groupdro_enabled"": true, ""groupdro_eta"": 0.02, ""groupdro_gamma"": 0.9, ""groupdro_update_mode"": ""exp"", ""groupdro_objective"": ""weighted"", ""groupdro_kl_lambda"": 0.0, ""groupdro_uniform_init"": false, ""log_interval"": 20, ""save_every"": 10, ""groupdro_ema_decay"": 0.9, ""groupdro_update_every"": 1, ""dro_signal"": ""val"", ""val_frac"": 0.15, ""impute_missing"": true, ""common_encoder"": false, ""use_regret"": true, ""optimal_losses"": [0.468332, 0.498132, 0.341179, 0.597641], ""data_split_seed"": 1003}","{""num_groups"": 4, ""num_classes"": 2, ""train_total"": 449, ""test_total"": 185, ""train_group_counts"": [205, 199, 20, 25], ""test_group_counts"": [61, 59, 25, 40], ""train_class_counts"": [251, 198], ""test_class_counts"": [83, 102], ""train_group_class_counts"": [[111, 94], [127, 72], [3, 17], [10, 15]], ""test_group_class_counts"": [[33, 28], [38, 21], [2, 23], [10, 30]], ""group_proportions"": [0.45657015590200445, 0.44320712694877507, 0.044543429844097995, 0.0556792873051225], ""val_group_counts"": [37, 36, 15, 24], ""val_total"": 112}","{""num_groups"": 4, ""eta"": 0.02, ""update_mode"": ""exp"", ""robust_objective"": ""weighted"", ""gamma"": 0.9, ""kl_lambda"": 0.0, ""initial_pi"": [0.4565701484680176, 0.44320711493492126, 0.04454343020915985, 0.055679287761449814]}",2026-09-15T20:45:00.781871,60,0.2670986825714306,0.8775510183807944,0.001,0.7567567567567568,0.7653865657126979,0.575,0.92,"[0.7868852459016393, 0.7796610169491526, 0.92, 0.575]","[0.49902681776581975, 0.6980434800498188, 0.4217158453911543, 1.4947538863518275]","[0.7831325301204819, 0.7352941176470589]","[[0.8181818181818182, 0.75], [0.9210526315789473, 0.5238095238095238], [0.0, 1.0], [0.3, 0.6666666666666666]]","[61, 59, 25, 40]",0.756043956043956,"[0.7848032564450476, 0.7359724612736662, 0.4791666666666667, 0.4813119755911518]",0.4791666666666667,1.4947538863518275,0.7142857142857143,0.7350225225225225,0.5833333333333334,0.9333333333333333,"[0.7567567567567568, 0.6666666666666666, 0.9333333333333333, 0.5833333333333334]","[0.5762688375858439, 0.9407637296309177, 0.38071857425384226, 1.2964349576310876]","[0.62, 0.7903225806451613]","[[0.65, 0.8823529411764706], [0.782608695652174, 0.46153846153846156], [0.0, 1.0], [0.0, 0.7777777777777778]]","[37, 36, 15, 24]",0.7067103109656301,"[0.756043956043956, 0.6249999999999999, 0.4827586206896552, 0.36842105263157887]",0.36842105263157887,1.2964349576310876,"[0.4125629961490631, 0.47720643877983093, 0.040419191122055054, 0.06981144100427628]","[0.349952506167548, 0.2855225737605776, 0.0433060199332734, 0.11091384602089722]","[0.4139758050441742, 0.4760548174381256, 0.04061966761946678, 0.06934969872236252]","[0.4565701484680176, 0.44320711493492126, 0.04454343020915985, 0.055679287761449814]",0.0
"{""run_name"": ""fedheart_exp_paper_hetagg_gdro"", ""seed"": 7, ""run_dir"": ""runs/fedheart_cv/Ours_Regret_s7_f3"", ""use_fedheart"": true, ""num_classes"": 2, ""stratified_batching"": true, ""train_frac"": 0.8, ""group_max_train_samples"": [null, null, 20, 25], ""true_hetero_input_dim"": true, ""feature_mask"": [[0, 1, 2, 3, 5, 6, 7, 8, 9, 10], [0, 1, 2, 3, 5, 6, 11, 12], [0, 1, 2, 4, 5, 7, 11, 12], [0, 1, 2, 4, 5, 6, 8, 9, 10]], ""batch_size"": 64, ""num_workers"": 0, ""epochs"": 100, ""early_stopping_patience"": 30, ""lr"": 0.001, ""weight_decay"": 0.0001, ""optimizer"": ""adam"", ""grad_clip"": 1.0, ""lr_scheduler"": ""cosine"", ""lr_min"": 1e-05, ""latent_dim"": 64, ""head_hidden"": 32, ""groups"": [{""name"": ""cleveland"", ""encoder"": ""mlp_tabular_ln"", ""input_dim"": 10, ""hidden_dim"": 64, ""dropout"": 0.1}, {""name"": ""hungarian"", ""encoder"": ""mlp_tabular_ln"", ""input_dim"": 8, ""hidden_dim"": 64, ""dropout"": 0.1}, {""name"": ""switzerland"", ""encoder"": ""mlp_tabular_ln"", ""input_dim"": 8, ""hidden_dim"": 64, ""dropout"": 0.1}, {""name"": ""va_long_beach"", ""encoder"": ""mlp_tabular_ln"", ""input_dim"": 9, ""hidden_dim"": 64, ""dropout"": 0.1}], ""anchor_eps"": 0.0001, ""sep_samples_per_class"": 4, ""sep_method"": ""classifier"", ""sep_margin"": 1.0, ""lambda_fit"": 0.1, ""lambda_sep"": 0.1, ""groupdro_enabled"": true, ""groupdro_eta"": 0.02, ""groupdro_gamma"": 0.9, ""groupdro_update_mode"": ""exp"", ""groupdro_objective"": ""weighted"", ""groupdro_kl_lambda"": 0.0, ""groupdro_uniform_init"": false, ""log_interval"": 20, ""save_every"": 10, ""groupdro_ema_decay"": 0.9, ""groupdro_update_every"": 1, ""dro_signal"": ""val"", ""val_frac"": 0.15, ""impute_missing"": true, ""common_encoder"": false, ""use_regret"": true, ""optimal_losses"": [0.468332, 0.498132, 0.341179, 0.597641], ""data_split_seed"": 1003}","{""num_groups"": 4, ""num_classes"": 2, ""train_total"": 449, ""test_total"": 185, ""train_group_counts"": [205, 199, 20, 25], ""test_group_counts"": [61, 59, 25, 40], ""train_class_counts"": [251, 198], ""test_class_counts"": [83, 102], ""train_group_class_counts"": [[111, 94], [127, 72], [3, 17], [10, 15]], ""test_group_class_counts"": [[33, 28], [38, 21], [2, 23], [10, 30]], ""group_proportions"": [0.45657015590200445, 0.44320712694877507, 0.044543429844097995, 0.0556792873051225], ""val_group_counts"": [37, 36, 15, 24], ""val_total"": 112}","{""num_groups"": 4, ""eta"": 0.02, ""update_mode"": ""exp"", ""robust_objective"": ""weighted"", ""gamma"": 0.9, ""kl_lambda"": 0.0, ""initial_pi"": [0.4565701484680176, 0.44320711493492126, 0.04454343020915985, 0.055679287761449814]}",2026-09-15T20:45:00.781871,61,0.22245627352777791,0.9047619057080102,0.001,0.7621621621621621,0.7696238538482911,0.575,0.92,"[0.7868852459016393, 0.7966101694915254, 0.92, 0.575]","[0.5012783556260535, 0.6931526719837181, 0.4113644586317241, 1.4849540729424917]","[0.7951807228915663, 0.7352941176470589]","[[0.8484848484848485, 0.7142857142857143], [0.9210526315789473, 0.5714285714285714], [0.0, 1.0], [0.3, 0.6666666666666666]]","[61, 59, 25, 40]",0.76159793814433,"[0.7831555920153132, 0.7601626016260162, 0.4791666666666667, 0.4813119755911518]",0.4791666666666667,1.4849540729424917,0.7142857142857143,0.7350225225225225,0.5833333333333334,0.9333333333333333,"[0.7567567567567568, 0.6666666666666666, 0.9333333333333333, 0.5833333333333334]","[0.5630508095680459, 0.9418716346909706, 0.3717472297915568, 1.320526174628564]","[0.64, 0.7741935483870968]","[[0.7, 0.8235294117647058], [0.782608695652174, 0.46153846153846156], [0.0, 1.0], [0.0, 0.7777777777777778]]","[37, 36, 15, 24]",0.7083333333333334,"[0.7567567567567567, 0.6249999999999999, 0.4827586206896552, 0.36842105263157887]",0.36842105263157887,1.320526174628564,"[0.4111199676990509, 0.4783748388290405, 0.04021726921200752, 0.07028789818286896]","[0.2405225102390562, 0.28703370477472034, 0.09976691108507414, 0.025728919310495257]","[0.4125629961490631, 0.47720643877983093, 0.040419191122055054, 0.06981144100427628]","[0.4565701484680176, 0.44320711493492126, 0.04454343020915985, 0.055679287761449814]",0.0
"{""run_name"": ""fedheart_exp_paper_hetagg_gdro"", ""seed"": 7, ""run_dir"": ""runs/fedheart_cv/Ours_Regret_s7_f3"", ""use_fedheart"": true, ""num_classes"": 2, ""stratified_batching"": true, ""train_frac"": 0.8, ""group_max_train_samples"": [null, null, 20, 25], ""true_hetero_input_dim"": true, ""feature_mask"": [[0, 1, 2, 3, 5, 6, 7, 8, 9, 10], [0, 1, 2, 3, 5, 6, 11, 12], [0, 1, 2, 4, 5, 7, 11, 12], [0, 1, 2, 4, 5, 6, 8, 9, 10]], ""batch_size"": 64, ""num_workers"": 0, ""epochs"": 100, ""early_stopping_patience"": 30, ""lr"": 0.001, ""weight_decay"": 0.0001, ""optimizer"": ""adam"", ""grad_clip"": 1.0, ""lr_scheduler"": ""cosine"", ""lr_min"": 1e-05, ""latent_dim"": 64, ""head_hidden"": 32, ""groups"": [{""name"": ""cleveland"", ""encoder"": ""mlp_tabular_ln"", ""input_dim"": 10, ""hidden_dim"": 64, ""dropout"": 0.1}, {""name"": ""hungarian"", ""encoder"": ""mlp_tabular_ln"", ""input_dim"": 8, ""hidden_dim"": 64, ""dropout"": 0.1}, {""name"": ""switzerland"", ""encoder"": ""mlp_tabular_ln"", ""input_dim"": 8, ""hidden_dim"": 64, ""dropout"": 0.1}, {""name"": ""va_long_beach"", ""encoder"": ""mlp_tabular_ln"", ""input_dim"": 9, ""hidden_dim"": 64, ""dropout"": 0.1}], ""anchor_eps"": 0.0001, ""sep_samples_per_class"": 4, ""sep_method"": ""classifier"", ""sep_margin"": 1.0, ""lambda_fit"": 0.1, ""lambda_sep"": 0.1, ""groupdro_enabled"": true, ""groupdro_eta"": 0.02, ""groupdro_gamma"": 0.9, ""groupdro_update_mode"": ""exp"", ""groupdro_objective"": ""weighted"", ""groupdro_kl_lambda"": 0.0, ""groupdro_uniform_init"": false, ""log_interval"": 20, ""save_every"": 10, ""groupdro_ema_decay"": 0.9, ""groupdro_update_every"": 1, ""dro_signal"": ""val"", ""val_frac"": 0.15, ""impute_missing"": true, ""common_encoder"": false, ""use_regret"": true, ""optimal_losses"": [0.468332, 0.498132, 0.341179, 0.597641], ""data_split_seed"": 1003}","{""num_groups"": 4, ""num_classes"": 2, ""train_total"": 449, ""test_total"": 185, ""train_group_counts"": [205, 199, 20, 25], ""test_group_counts"": [61, 59, 25, 40], ""train_class_counts"": [251, 198], ""test_class_counts"": [83, 102], ""train_group_class_counts"": [[111, 94], [127, 72], [3, 17], [10, 15]], ""test_group_class_counts"": [[33, 28], [38, 21], [2, 23], [10, 30]], ""group_proportions"": [0.45657015590200445, 0.44320712694877507, 0.044543429844097995, 0.0556792873051225], ""val_group_counts"": [37, 36, 15, 24], ""val_total"": 112}","{""num_groups"": 4, ""eta"": 0.02, ""update_mode"": ""exp"", ""robust_objective"": ""weighted"", ""gamma"": 0.9, ""kl_lambda"": 0.0, ""initial_pi"": [0.4565701484680176, 0.44320711493492126, 0.04454343020915985, 0.055679287761449814]}",2026-09-15T20:45:00.781871,62,0.21356261337425161,0.9092970559386169,0.001,0.7783783783783784,0.7842095026396221,0.6,0.92,"[0.8032786885245902, 0.8135593220338984, 0.92, 0.6]","[0.5159519870544127, 0.6961484322663776, 0.40227343963924794, 1.4621434800908901]","[0.8072289156626506, 0.7549019607843137]","[[0.8787878787878788, 0.7142857142857143], [0.9210526315789473, 0.6190476190476191], [0.0, 1.0], [0.3, 0.7]]","[61, 59, 25, 40]",0.7777289377289377,"[0.7989010989010988, 0.78345011678345, 0.4791666666666667, 0.4984326018808777]",0.4791666666666667,1.4621434800908901,0.7142857142857143,0.7348348348348348,0.5833333333333334,0.9333333333333333,"[0.7837837837837838, 0.6388888888888888, 0.9333333333333333, 0.5833333333333334]","[0.5619204932118993, 0.9522890563401032, 0.3667262771166861, 1.341368771866352]","[0.64, 0.7741935483870968]","[[0.75, 0.8235294117647058], [0.7391304347826086, 0.46153846153846156], [0.0, 1.0], [0.0, 0.7777777777777778]]","[37, 36, 15, 24]",0.7083333333333334,"[0.783625730994152, 0.6017021276595745, 0.4827586206896552, 0.36842105263157887]",0.36842105263157887,1.341368771866352,"[0.409644216299057, 0.4795624017715454, 0.04001323878765106, 0.07078017294406891]","[0.26837176936013357, 0.24434444521154677, 0.13023830655341348, 0.04511488586043318]","[0.4111199676990509, 0.4783748388290405, 0.04021726921200752, 0.07028789818286896]","[0.4565701484680176, 0.44320711493492126, 0.04454343020915985, 0.055679287761449814]",0.0
"{""run_name"": ""fedheart_exp_paper_hetagg_gdro"", ""seed"": 7, ""run_dir"": ""runs/fedheart_cv/Ours_Regret_s7_f3"", ""use_fedheart"": true, ""num_classes"": 2, ""stratified_batching"": true, ""train_frac"": 0.8, ""group_max_train_samples"": [null, null, 20, 25], ""true_hetero_input_dim"": true, ""feature_mask"": [[0, 1, 2, 3, 5, 6, 7, 8, 9, 10], [0, 1, 2, 3, 5, 6, 11, 12], [0, 1, 2, 4, 5, 7, 11, 12], [0, 1, 2, 4, 5, 6, 8, 9, 10]], ""batch_size"": 64, ""num_workers"": 0, ""epochs"": 100, ""early_stopping_patience"": 30, ""lr"": 0.001, ""weight_decay"": 0.0001, ""optimizer"": ""adam"", ""grad_clip"": 1.0, ""lr_scheduler"": ""cosine"", ""lr_min"": 1e-05, ""latent_dim"": 64, ""head_hidden"": 32, ""groups"": [{""name"": ""cleveland"", ""encoder"": ""mlp_tabular_ln"", ""input_dim"": 10, ""hidden_dim"": 64, ""dropout"": 0.1}, {""name"": ""hungarian"", ""encoder"": ""mlp_tabular_ln"", ""input_dim"": 8, ""hidden_dim"": 64, ""dropout"": 0.1}, {""name"": ""switzerland"", ""encoder"": ""mlp_tabular_ln"", ""input_dim"": 8, ""hidden_dim"": 64, ""dropout"": 0.1}, {""name"": ""va_long_beach"", ""encoder"": ""mlp_tabular_ln"", ""input_dim"": 9, ""hidden_dim"": 64, ""dropout"": 0.1}], ""anchor_eps"": 0.0001, ""sep_samples_per_class"": 4, ""sep_method"": ""classifier"", ""sep_margin"": 1.0, ""lambda_fit"": 0.1, ""lambda_sep"": 0.1, ""groupdro_enabled"": true, ""groupdro_eta"": 0.02, ""groupdro_gamma"": 0.9, ""groupdro_update_mode"": ""exp"", ""groupdro_objective"": ""weighted"", ""groupdro_kl_lambda"": 0.0, ""groupdro_uniform_init"": false, ""log_interval"": 20, ""save_every"": 10, ""groupdro_ema_decay"": 0.9, ""groupdro_update_every"": 1, ""dro_signal"": ""val"", ""val_frac"": 0.15, ""impute_missing"": true, ""common_encoder"": false, ""use_regret"": true, ""optimal_losses"": [0.468332, 0.498132, 0.341179, 0.597641], ""data_split_seed"": 1003}","{""num_groups"": 4, ""num_classes"": 2, ""train_total"": 449, ""test_total"": 185, ""train_group_counts"": [205, 199, 20, 25], ""test_group_counts"": [61, 59, 25, 40], ""train_class_counts"": [251, 198], ""test_class_counts"": [83, 102], ""train_group_class_counts"": [[111, 94], [127, 72], [3, 17], [10, 15]], ""test_group_class_counts"": [[33, 28], [38, 21], [2, 23], [10, 30]], ""group_proportions"": [0.45657015590200445, 0.44320712694877507, 0.044543429844097995, 0.0556792873051225], ""val_group_counts"": [37, 36, 15, 24], ""val_total"": 112}","{""num_groups"": 4, ""eta"": 0.02, ""update_mode"": ""exp"", ""robust_objective"": ""weighted"", ""gamma"": 0.9, ""kl_lambda"": 0.0, ""initial_pi"": [0.4565701484680176, 0.44320711493492126, 0.04454343020915985, 0.055679287761449814]}",2026-09-15T20:45:00.781871,63,0.23360454509047424,0.9002267581805621,0.001,0.772972972972973,0.7799722145040289,0.6,0.92,"[0.8032786885245902, 0.7966101694915254, 0.92, 0.6]","[0.5125667744461203, 0.7033578983539621, 0.3888241217378527, 1.4512614488136024]","[0.7951807228915663, 0.7549019607843137]","[[0.8787878787878788, 0.7142857142857143], [0.8947368421052632, 0.6190476190476191], [0.0, 1.0], [0.3, 0.7]]","[61, 59, 25, 40]",0.7721674876847291,"[0.7989010989010988, 0.7671052631578947, 0.4791666666666667, 0.4984326018808777]",0.4791666666666667,1.4512614488136024,0.7053571428571429,0.7315503003003003,0.6111111111111112,0.9333333333333333,"[0.7567567567567568, 0.6111111111111112, 0.9333333333333333, 0.625]","[0.5775939708550435, 0.9645822215695969, 0.3598029312367241, 1.3493596510379575]","[0.6, 0.7903225806451613]","[[0.7, 0.8235294117647058], [0.6956521739130435, 0.46153846153846156], [0.0, 1.0], [0.0, 0.8333333333333334]]","[37, 36, 15, 24]",0.6966264466880079,"[0.7567567567567567, 0.5785953177257526, 0.4827586206896552, 0.3846153846153846]",0.3846153846153846,1.3493596510379575,"[0.40814146399497986, 0.48076626658439636, 0.039805807173252106, 0.07128646224737167]","[0.2589353301695415, 0.31150810207639423, 0.09044619960089524, 0.018115377364059288]","[0.409644216299057, 0.4795624017715454, 0.04001323878765106, 0.07078017294406891]","[0.4565701484680176, 0.44320711493492126, 0.04454343020915985, 0.055679287761449814]",0.0
"{""run_name"": ""fedheart_exp_paper_hetagg_gdro"", ""seed"": 7, ""run_dir"": ""runs/fedheart_cv/Ours_Regret_s7_f3"", ""use_fedheart"": true, ""num_classes"": 2, ""stratified_batching"": true, ""train_frac"": 0.8, ""group_max_train_samples"": [null, null, 20, 25], ""true_hetero_input_dim"": true, ""feature_mask"": [[0, 1, 2, 3, 5, 6, 7, 8, 9, 10], [0, 1, 2, 3, 5, 6, 11, 12], [0, 1, 2, 4, 5, 7, 11, 12], [0, 1, 2, 4, 5, 6, 8, 9, 10]], ""batch_size"": 64, ""num_workers"": 0, ""epochs"": 100, ""early_stopping_patience"": 30, ""lr"": 0.001, ""weight_decay"": 0.0001, ""optimizer"": ""adam"", ""grad_clip"": 1.0, ""lr_scheduler"": ""cosine"", ""lr_min"": 1e-05, ""latent_dim"": 64, ""head_hidden"": 32, ""groups"": [{""name"": ""cleveland"", ""encoder"": ""mlp_tabular_ln"", ""input_dim"": 10, ""hidden_dim"": 64, ""dropout"": 0.1}, {""name"": ""hungarian"", ""encoder"": ""mlp_tabular_ln"", ""input_dim"": 8, ""hidden_dim"": 64, ""dropout"": 0.1}, {""name"": ""switzerland"", ""encoder"": ""mlp_tabular_ln"", ""input_dim"": 8, ""hidden_dim"": 64, ""dropout"": 0.1}, {""name"": ""va_long_beach"", ""encoder"": ""mlp_tabular_ln"", ""input_dim"": 9, ""hidden_dim"": 64, ""dropout"": 0.1}], ""anchor_eps"": 0.0001, ""sep_samples_per_class"": 4, ""sep_method"": ""classifier"", ""sep_margin"": 1.0, ""lambda_fit"": 0.1, ""lambda_sep"": 0.1, ""groupdro_enabled"": true, ""groupdro_eta"": 0.02, ""groupdro_gamma"": 0.9, ""groupdro_update_mode"": ""exp"", ""groupdro_objective"": ""weighted"", ""groupdro_kl_lambda"": 0.0, ""groupdro_uniform_init"": false, ""log_interval"": 20, ""save_every"": 10, ""groupdro_ema_decay"": 0.9, ""groupdro_update_every"": 1, ""dro_signal"": ""val"", ""val_frac"": 0.15, ""impute_missing"": true, ""common_encoder"": false, ""use_regret"": true, ""optimal_losses"": [0.468332, 0.498132, 0.341179, 0.597641], ""data_split_seed"": 1003}","{""num_groups"": 4, ""num_classes"": 2, ""train_total"": 449, ""test_total"": 185, ""train_group_counts"": [205, 199, 20, 25], ""test_group_counts"": [61, 59, 25, 40], ""train_class_counts"": [251, 198], ""test_class_counts"": [83, 102], ""train_group_class_counts"": [[111, 94], [127, 72], [3, 17], [10, 15]], ""test_group_class_counts"": [[33, 28], [38, 21], [2, 23], [10, 30]], ""group_proportions"": [0.45657015590200445, 0.44320712694877507, 0.044543429844097995, 0.0556792873051225], ""val_group_counts"": [37, 36, 15, 24], ""val_total"": 112}","{""num_groups"": 4, ""eta"": 0.02, ""update_mode"": ""exp"", ""robust_objective"": ""weighted"", ""gamma"": 0.9, ""kl_lambda"": 0.0, ""initial_pi"": [0.4565701484680176, 0.44320711493492126, 0.04454343020915985, 0.055679287761449814]}",2026-09-15T20:45:00.781871,64,0.2299310064234701,0.8979591835383115,0.001,0.7783783783783784,0.7842095026396221,0.6,0.92,"[0.8032786885245902, 0.8135593220338984, 0.92, 0.6]","[0.512873893221993, 0.7039476496570002, 0.3899945299141109, 1.42111128178949]","[0.8072289156626506, 0.7549019607843137]","[[0.8787878787878788, 0.7142857142857143], [0.9210526315789473, 0.6190476190476191], [0.0, 1.0], [0.3, 0.7]]","[61, 59, 25, 40]",0.7777289377289377,"[0.7989010989010988, 0.78345011678345, 0.4791666666666667, 0.4984326018808777]",0.4791666666666667,1.42111128178949,0.7053571428571429,0.7315503003003003,0.6111111111111112,0.9333333333333333,"[0.7567567567567568, 0.6111111111111112, 0.9333333333333333, 0.625]","[0.571900346341568, 0.9544445540426144, 0.3596086505490045, 1.3520726318917393]","[0.6, 0.7903225806451613]","[[0.7, 0.8235294117647058], [0.6956521739130435, 0.46153846153846156], [0.0, 1.0], [0.0, 0.8333333333333334]]","[37, 36, 15, 24]",0.6966264466880079,"[0.7567567567567567, 0.5785953177257526, 0.4827586206896552, 0.3846153846153846]",0.3846153846153846,1.3520726318917393,"[0.40661561489105225, 0.4819812774658203, 0.03959595412015915, 0.07180722057819366]","[0.2639059062514986, 0.2993868099791663, 0.08624629241724809, 0.07731031587657829]","[0.40814146399497986, 0.48076626658439636, 0.039805807173252106, 0.07128646224737167]","[0.4565701484680176, 0.44320711493492126, 0.04454343020915985, 0.055679287761449814]",0.0
"{""run_name"": ""fedheart_exp_paper_hetagg_gdro"", ""seed"": 7, ""run_dir"": ""runs/fedheart_cv/Ours_Regret_s7_f3"", ""use_fedheart"": true, ""num_classes"": 2, ""stratified_batching"": true, ""train_frac"": 0.8, ""group_max_train_samples"": [null, null, 20, 25], ""true_hetero_input_dim"": true, ""feature_mask"": [[0, 1, 2, 3, 5, 6, 7, 8, 9, 10], [0, 1, 2, 3, 5, 6, 11, 12], [0, 1, 2, 4, 5, 7, 11, 12], [0, 1, 2, 4, 5, 6, 8, 9, 10]], ""batch_size"": 64, ""num_workers"": 0, ""epochs"": 100, ""early_stopping_patience"": 30, ""lr"": 0.001, ""weight_decay"": 0.0001, ""optimizer"": ""adam"", ""grad_clip"": 1.0, ""lr_scheduler"": ""cosine"", ""lr_min"": 1e-05, ""latent_dim"": 64, ""head_hidden"": 32, ""groups"": [{""name"": ""cleveland"", ""encoder"": ""mlp_tabular_ln"", ""input_dim"": 10, ""hidden_dim"": 64, ""dropout"": 0.1}, {""name"": ""hungarian"", ""encoder"": ""mlp_tabular_ln"", ""input_dim"": 8, ""hidden_dim"": 64, ""dropout"": 0.1}, {""name"": ""switzerland"", ""encoder"": ""mlp_tabular_ln"", ""input_dim"": 8, ""hidden_dim"": 64, ""dropout"": 0.1}, {""name"": ""va_long_beach"", ""encoder"": ""mlp_tabular_ln"", ""input_dim"": 9, ""hidden_dim"": 64, ""dropout"": 0.1}], ""anchor_eps"": 0.0001, ""sep_samples_per_class"": 4, ""sep_method"": ""classifier"", ""sep_margin"": 1.0, ""lambda_fit"": 0.1, ""lambda_sep"": 0.1, ""groupdro_enabled"": true, ""groupdro_eta"": 0.02, ""groupdro_gamma"": 0.9, ""groupdro_update_mode"": ""exp"", ""groupdro_objective"": ""weighted"", ""groupdro_kl_lambda"": 0.0, ""groupdro_uniform_init"": false, ""log_interval"": 20, ""save_every"": 10, ""groupdro_ema_decay"": 0.9, ""groupdro_update_every"": 1, ""dro_signal"": ""val"", ""val_frac"": 0.15, ""impute_missing"": true, ""common_encoder"": false, ""use_regret"": true, ""optimal_losses"": [0.468332, 0.498132, 0.341179, 0.597641], ""data_split_seed"": 1003}","{""num_groups"": 4, ""num_classes"": 2, ""train_total"": 449, ""test_total"": 185, ""train_group_counts"": [205, 199, 20, 25], ""test_group_counts"": [61, 59, 25, 40], ""train_class_counts"": [251, 198], ""test_class_counts"": [83, 102], ""train_group_class_counts"": [[111, 94], [127, 72], [3, 17], [10, 15]], ""test_group_class_counts"": [[33, 28], [38, 21], [2, 23], [10, 30]], ""group_proportions"": [0.45657015590200445, 0.44320712694877507, 0.044543429844097995, 0.0556792873051225], ""val_group_counts"": [37, 36, 15, 24], ""val_total"": 112}","{""num_groups"": 4, ""eta"": 0.02, ""update_mode"": ""exp"", ""robust_objective"": ""weighted"", ""gamma"": 0.9, ""kl_lambda"": 0.0, ""initial_pi"": [0.4565701484680176, 0.44320711493492126, 0.04454343020915985, 0.055679287761449814]}",2026-09-15T20:45:00.781871,65,0.2124960888810709,0.9002267562883511,0.001,0.7675675675675676,0.7758738538482912,0.6,0.92,"[0.7868852459016393, 0.7966101694915254, 0.92, 0.6]","[0.5083716200076838, 0.7096397860717597, 0.3911862344946712, 1.4137619851069758]","[0.7951807228915663, 0.7450980392156863]","[[0.8484848484848485, 0.7142857142857143], [0.9210526315789473, 0.5714285714285714], [0.0, 1.0], [0.3, 0.7]]","[61, 59, 25, 40]",0.7668864468864469,"[0.7831555920153132, 0.7601626016260162, 0.4791666666666667, 0.4984326018808777]",0.4791666666666667,1.4137619851069758,0.7232142857142857,0.7454391891891892,0.625,0.9333333333333333,"[0.7567567567567568, 0.6666666666666666, 0.9333333333333333, 0.625]","[0.5712682867196162, 0.9572320496631114, 0.3593542931601405, 1.3500317123349912]","[0.64, 0.7903225806451613]","[[0.7, 0.8235294117647058], [0.782608695652174, 0.46153846153846156], [0.0, 1.0], [0.0, 0.8333333333333334]]","[37, 36, 15, 24]",0.716687066503468,"[0.7567567567567567, 0.6249999999999999, 0.4827586206896552, 0.3846153846153846]",0.3846153846153846,1.3500317123349912,"[0.4050676226615906, 0.48320743441581726, 0.039383888244628906, 0.07234103232622147]","[0.28199497716767447, 0.2534537123782294, 0.03799601116528114, 0.024411532562226057]","[0.40661561489105225, 0.4819812774658203, 0.03959595412015915, 0.07180722057819366]","[0.4565701484680176, 0.44320711493492126, 0.04454343020915985, 0.055679287761449814]",0.0
"{""run_name"": ""fedheart_exp_paper_hetagg_gdro"", ""seed"": 7, ""run_dir"": ""runs/fedheart_cv/Ours_Regret_s7_f3"", ""use_fedheart"": true, ""num_classes"": 2, ""stratified_batching"": true, ""train_frac"": 0.8, ""group_max_train_samples"": [null, null, 20, 25], ""true_hetero_input_dim"": true, ""feature_mask"": [[0, 1, 2, 3, 5, 6, 7, 8, 9, 10], [0, 1, 2, 3, 5, 6, 11, 12], [0, 1, 2, 4, 5, 7, 11, 12], [0, 1, 2, 4, 5, 6, 8, 9, 10]], ""batch_size"": 64, ""num_workers"": 0, ""epochs"": 100, ""early_stopping_patience"": 30, ""lr"": 0.001, ""weight_decay"": 0.0001, ""optimizer"": ""adam"", ""grad_clip"": 1.0, ""lr_scheduler"": ""cosine"", ""lr_min"": 1e-05, ""latent_dim"": 64, ""head_hidden"": 32, ""groups"": [{""name"": ""cleveland"", ""encoder"": ""mlp_tabular_ln"", ""input_dim"": 10, ""hidden_dim"": 64, ""dropout"": 0.1}, {""name"": ""hungarian"", ""encoder"": ""mlp_tabular_ln"", ""input_dim"": 8, ""hidden_dim"": 64, ""dropout"": 0.1}, {""name"": ""switzerland"", ""encoder"": ""mlp_tabular_ln"", ""input_dim"": 8, ""hidden_dim"": 64, ""dropout"": 0.1}, {""name"": ""va_long_beach"", ""encoder"": ""mlp_tabular_ln"", ""input_dim"": 9, ""hidden_dim"": 64, ""dropout"": 0.1}], ""anchor_eps"": 0.0001, ""sep_samples_per_class"": 4, ""sep_method"": ""classifier"", ""sep_margin"": 1.0, ""lambda_fit"": 0.1, ""lambda_sep"": 0.1, ""groupdro_enabled"": true, ""groupdro_eta"": 0.02, ""groupdro_gamma"": 0.9, ""groupdro_update_mode"": ""exp"", ""groupdro_objective"": ""weighted"", ""groupdro_kl_lambda"": 0.0, ""groupdro_uniform_init"": false, ""log_interval"": 20, ""save_every"": 10, ""groupdro_ema_decay"": 0.9, ""groupdro_update_every"": 1, ""dro_signal"": ""val"", ""val_frac"": 0.15, ""impute_missing"": true, ""common_encoder"": false, ""use_regret"": true, ""optimal_losses"": [0.468332, 0.498132, 0.341179, 0.597641], ""data_split_seed"": 1003}","{""num_groups"": 4, ""num_classes"": 2, ""train_total"": 449, ""test_total"": 185, ""train_group_counts"": [205, 199, 20, 25], ""test_group_counts"": [61, 59, 25, 40], ""train_class_counts"": [251, 198], ""test_class_counts"": [83, 102], ""train_group_class_counts"": [[111, 94], [127, 72], [3, 17], [10, 15]], ""test_group_class_counts"": [[33, 28], [38, 21], [2, 23], [10, 30]], ""group_proportions"": [0.45657015590200445, 0.44320712694877507, 0.044543429844097995, 0.0556792873051225], ""val_group_counts"": [37, 36, 15, 24], ""val_total"": 112}","{""num_groups"": 4, ""eta"": 0.02, ""update_mode"": ""exp"", ""robust_objective"": ""weighted"", ""gamma"": 0.9, ""kl_lambda"": 0.0, ""initial_pi"": [0.4565701484680176, 0.44320711493492126, 0.04454343020915985, 0.055679287761449814]}",2026-09-15T20:45:00.781871,66,0.23460494275806712,0.8934240391194955,0.001,0.7783783783783784,0.7842095026396221,0.6,0.92,"[0.8032786885245902, 0.8135593220338984, 0.92, 0.6]","[0.5053964032844992, 0.7060386636767978, 0.3948685101652518, 1.4375980302458629]","[0.7831325301204819, 0.7745098039215687]","[[0.8181818181818182, 0.7857142857142857], [0.9210526315789473, 0.6190476190476191], [0.0, 1.0], [0.3, 0.7]]","[61, 59, 25, 40]",0.777101883687443,"[0.801948051948052, 0.78345011678345, 0.4791666666666667, 0.4984326018808777]",0.4791666666666667,1.4375980302458629,0.7053571428571429,0.7315503003003003,0.6111111111111112,0.9333333333333333,"[0.7567567567567568, 0.6111111111111112, 0.9333333333333333, 0.625]","[0.5900340591985229, 0.9497464872288724, 0.36118033342063427, 1.3464641825800452]","[0.58, 0.8064516129032258]","[[0.65, 0.8823529411764706], [0.6956521739130435, 0.46153846153846156], [0.0, 1.0], [0.0, 0.8333333333333334]]","[37, 36, 15, 24]",0.6946211683053789,"[0.756043956043956, 0.5785953177257526, 0.4827586206896552, 0.3846153846153846]",0.3846153846153846,1.3464641825800452,"[0.40351197123527527, 0.4844322204589844, 0.03916976600885391, 0.07288599014282227]","[0.28500830275671823, 0.29097031695502146, 0.05108466084736089, 0.053300631853441395]","[0.4050676226615906, 0.48320743441581726, 0.039383888244628906, 0.07234103232622147]","[0.4565701484680176, 0.44320711493492126, 0.04454343020915985, 0.055679287761449814]",0.0
"{""run_name"": ""fedheart_exp_paper_hetagg_gdro"", ""seed"": 7, ""run_dir"": ""runs/fedheart_cv/Ours_Regret_s7_f3"", ""use_fedheart"": true, ""num_classes"": 2, ""stratified_batching"": true, ""train_frac"": 0.8, ""group_max_train_samples"": [null, null, 20, 25], ""true_hetero_input_dim"": true, ""feature_mask"": [[0, 1, 2, 3, 5, 6, 7, 8, 9, 10], [0, 1, 2, 3, 5, 6, 11, 12], [0, 1, 2, 4, 5, 7, 11, 12], [0, 1, 2, 4, 5, 6, 8, 9, 10]], ""batch_size"": 64, ""num_workers"": 0, ""epochs"": 100, ""early_stopping_patience"": 30, ""lr"": 0.001, ""weight_decay"": 0.0001, ""optimizer"": ""adam"", ""grad_clip"": 1.0, ""lr_scheduler"": ""cosine"", ""lr_min"": 1e-05, ""latent_dim"": 64, ""head_hidden"": 32, ""groups"": [{""name"": ""cleveland"", ""encoder"": ""mlp_tabular_ln"", ""input_dim"": 10, ""hidden_dim"": 64, ""dropout"": 0.1}, {""name"": ""hungarian"", ""encoder"": ""mlp_tabular_ln"", ""input_dim"": 8, ""hidden_dim"": 64, ""dropout"": 0.1}, {""name"": ""switzerland"", ""encoder"": ""mlp_tabular_ln"", ""input_dim"": 8, ""hidden_dim"": 64, ""dropout"": 0.1}, {""name"": ""va_long_beach"", ""encoder"": ""mlp_tabular_ln"", ""input_dim"": 9, ""hidden_dim"": 64, ""dropout"": 0.1}], ""anchor_eps"": 0.0001, ""sep_samples_per_class"": 4, ""sep_method"": ""classifier"", ""sep_margin"": 1.0, ""lambda_fit"": 0.1, ""lambda_sep"": 0.1, ""groupdro_enabled"": true, ""groupdro_eta"": 0.02, ""groupdro_gamma"": 0.9, ""groupdro_update_mode"": ""exp"", ""groupdro_objective"": ""weighted"", ""groupdro_kl_lambda"": 0.0, ""groupdro_uniform_init"": false, ""log_interval"": 20, ""save_every"": 10, ""groupdro_ema_decay"": 0.9, ""groupdro_update_every"": 1, ""dro_signal"": ""val"", ""val_frac"": 0.15, ""impute_missing"": true, ""common_encoder"": false, ""use_regret"": true, ""optimal_losses"": [0.468332, 0.498132, 0.341179, 0.597641], ""data_split_seed"": 1003}","{""num_groups"": 4, ""num_classes"": 2, ""train_total"": 449, ""test_total"": 185, ""train_group_counts"": [205, 199, 20, 25], ""test_group_counts"": [61, 59, 25, 40], ""train_class_counts"": [251, 198], ""test_class_counts"": [83, 102], ""train_group_class_counts"": [[111, 94], [127, 72], [3, 17], [10, 15]], ""test_group_class_counts"": [[33, 28], [38, 21], [2, 23], [10, 30]], ""group_proportions"": [0.45657015590200445, 0.44320712694877507, 0.044543429844097995, 0.0556792873051225], ""val_group_counts"": [37, 36, 15, 24], ""val_total"": 112}","{""num_groups"": 4, ""eta"": 0.02, ""update_mode"": ""exp"", ""robust_objective"": ""weighted"", ""gamma"": 0.9, ""kl_lambda"": 0.0, ""initial_pi"": [0.4565701484680176, 0.44320711493492126, 0.04454343020915985, 0.055679287761449814]}",2026-09-15T20:45:00.781871,67,0.233393051017439,0.8888888878076255,0.001,0.7783783783783784,0.7840705751597666,0.6,0.92,"[0.819672131147541, 0.7966101694915254, 0.92, 0.6]","[0.5089486058167808, 0.702843756249206, 0.3997683180915192, 1.4424248746596278]","[0.7831325301204819, 0.7745098039215687]","[[0.8181818181818182, 0.8214285714285714], [0.9210526315789473, 0.5714285714285714], [0.0, 1.0], [0.3, 0.7]]","[61, 59, 25, 40]",0.777101883687443,"[0.81889338731444, 0.7601626016260162, 0.4791666666666667, 0.4984326018808777]",0.4791666666666667,1.4424248746596278,0.7142857142857143,0.7384947447447447,0.625,0.9333333333333333,"[0.7567567567567568, 0.6388888888888888, 0.9333333333333333, 0.625]","[0.6042059657189089, 0.9486372042883886, 0.3641140598803759, 1.3332852590392577]","[0.6, 0.8064516129032258]","[[0.65, 0.8823529411764706], [0.7391304347826086, 0.46153846153846156], [0.0, 1.0], [0.0, 0.8333333333333334]]","[37, 36, 15, 24]",0.7048748353096179,"[0.756043956043956, 0.6017021276595745, 0.4827586206896552, 0.3846153846153846]",0.3846153846153846,1.3332852590392577,"[0.4019573926925659, 0.485649973154068, 0.038953784853219986, 0.07343888282775879]","[0.27689898014068604, 0.2885644052709852, 0.040365613996982574, 0.16552014152208963]","[0.40351197123527527, 0.4844322204589844, 0.03916976600885391, 0.07288599014282227]","[0.4565701484680176, 0.44320711493492126, 0.04454343020915985, 0.055679287761449814]",0.0
"{""run_name"": ""fedheart_exp_paper_hetagg_gdro"", ""seed"": 7, ""run_dir"": ""runs/fedheart_cv/Ours_Regret_s7_f3"", ""use_fedheart"": true, ""num_classes"": 2, ""stratified_batching"": true, ""train_frac"": 0.8, ""group_max_train_samples"": [null, null, 20, 25], ""true_hetero_input_dim"": true, ""feature_mask"": [[0, 1, 2, 3, 5, 6, 7, 8, 9, 10], [0, 1, 2, 3, 5, 6, 11, 12], [0, 1, 2, 4, 5, 7, 11, 12], [0, 1, 2, 4, 5, 6, 8, 9, 10]], ""batch_size"": 64, ""num_workers"": 0, ""epochs"": 100, ""early_stopping_patience"": 30, ""lr"": 0.001, ""weight_decay"": 0.0001, ""optimizer"": ""adam"", ""grad_clip"": 1.0, ""lr_scheduler"": ""cosine"", ""lr_min"": 1e-05, ""latent_dim"": 64, ""head_hidden"": 32, ""groups"": [{""name"": ""cleveland"", ""encoder"": ""mlp_tabular_ln"", ""input_dim"": 10, ""hidden_dim"": 64, ""dropout"": 0.1}, {""name"": ""hungarian"", ""encoder"": ""mlp_tabular_ln"", ""input_dim"": 8, ""hidden_dim"": 64, ""dropout"": 0.1}, {""name"": ""switzerland"", ""encoder"": ""mlp_tabular_ln"", ""input_dim"": 8, ""hidden_dim"": 64, ""dropout"": 0.1}, {""name"": ""va_long_beach"", ""encoder"": ""mlp_tabular_ln"", ""input_dim"": 9, ""hidden_dim"": 64, ""dropout"": 0.1}], ""anchor_eps"": 0.0001, ""sep_samples_per_class"": 4, ""sep_method"": ""classifier"", ""sep_margin"": 1.0, ""lambda_fit"": 0.1, ""lambda_sep"": 0.1, ""groupdro_enabled"": true, ""groupdro_eta"": 0.02, ""groupdro_gamma"": 0.9, ""groupdro_update_mode"": ""exp"", ""groupdro_objective"": ""weighted"", ""groupdro_kl_lambda"": 0.0, ""groupdro_uniform_init"": false, ""log_interval"": 20, ""save_every"": 10, ""groupdro_ema_decay"": 0.9, ""groupdro_update_every"": 1, ""dro_signal"": ""val"", ""val_frac"": 0.15, ""impute_missing"": true, ""common_encoder"": false, ""use_regret"": true, ""optimal_losses"": [0.468332, 0.498132, 0.341179, 0.597641], ""data_split_seed"": 1003}","{""num_groups"": 4, ""num_classes"": 2, ""train_total"": 449, ""test_total"": 185, ""train_group_counts"": [205, 199, 20, 25], ""test_group_counts"": [61, 59, 25, 40], ""train_class_counts"": [251, 198], ""test_class_counts"": [83, 102], ""train_group_class_counts"": [[111, 94], [127, 72], [3, 17], [10, 15]], ""test_group_class_counts"": [[33, 28], [38, 21], [2, 23], [10, 30]], ""group_proportions"": [0.45657015590200445, 0.44320712694877507, 0.044543429844097995, 0.0556792873051225], ""val_group_counts"": [37, 36, 15, 24], ""val_total"": 112}","{""num_groups"": 4, ""eta"": 0.02, ""update_mode"": ""exp"", ""robust_objective"": ""weighted"", ""gamma"": 0.9, ""kl_lambda"": 0.0, ""initial_pi"": [0.4565701484680176, 0.44320711493492126, 0.04454343020915985, 0.055679287761449814]}",2026-09-15T20:45:00.781871,68,0.24350750507140645,0.8798185939691505,0.001,0.7621621621621621,0.771636565712698,0.6,0.92,"[0.7868852459016393, 0.7796610169491526, 0.92, 0.6]","[0.5115551331278975, 0.7126248004743672, 0.40205549261532725, 1.4614595402730628]","[0.7831325301204819, 0.7450980392156863]","[[0.8181818181818182, 0.75], [0.9210526315789473, 0.5238095238095238], [0.0, 1.0], [0.3, 0.7]]","[61, 59, 25, 40]",0.7613183204316208,"[0.7848032564450476, 0.7359724612736662, 0.4791666666666667, 0.4984326018808777]",0.4791666666666667,1.4614595402730628,0.7142857142857143,0.7350225225225225,0.5833333333333334,0.9333333333333333,"[0.7567567567567568, 0.6666666666666666, 0.9333333333333333, 0.5833333333333334]","[0.6071388608071249, 0.9450643644651993, 0.36475469168896474, 1.3517408480935653]","[0.62, 0.7903225806451613]","[[0.65, 0.8823529411764706], [0.782608695652174, 0.46153846153846156], [0.0, 1.0], [0.0, 0.7777777777777778]]","[37, 36, 15, 24]",0.7067103109656301,"[0.756043956043956, 0.6249999999999999, 0.4827586206896552, 0.36842105263157887]",0.36842105263157887,1.3517408480935653,"[0.4004054367542267, 0.48685646057128906, 0.03873620554804802, 0.07400191575288773]","[0.2863163820334843, 0.30546280315944124, 0.08133772651975353, 0.040497341115648545]","[0.4019573926925659, 0.485649973154068, 0.038953784853219986, 0.07343888282775879]","[0.4565701484680176, 0.44320711493492126, 0.04454343020915985, 0.055679287761449814]",0.0
"{""run_name"": ""fedheart_exp_paper_hetagg_gdro"", ""seed"": 7, ""run_dir"": ""runs/fedheart_cv/Ours_Regret_s7_f3"", ""use_fedheart"": true, ""num_classes"": 2, ""stratified_batching"": true, ""train_frac"": 0.8, ""group_max_train_samples"": [null, null, 20, 25], ""true_hetero_input_dim"": true, ""feature_mask"": [[0, 1, 2, 3, 5, 6, 7, 8, 9, 10], [0, 1, 2, 3, 5, 6, 11, 12], [0, 1, 2, 4, 5, 7, 11, 12], [0, 1, 2, 4, 5, 6, 8, 9, 10]], ""batch_size"": 64, ""num_workers"": 0, ""epochs"": 100, ""early_stopping_patience"": 30, ""lr"": 0.001, ""weight_decay"": 0.0001, ""optimizer"": ""adam"", ""grad_clip"": 1.0, ""lr_scheduler"": ""cosine"", ""lr_min"": 1e-05, ""latent_dim"": 64, ""head_hidden"": 32, ""groups"": [{""name"": ""cleveland"", ""encoder"": ""mlp_tabular_ln"", ""input_dim"": 10, ""hidden_dim"": 64, ""dropout"": 0.1}, {""name"": ""hungarian"", ""encoder"": ""mlp_tabular_ln"", ""input_dim"": 8, ""hidden_dim"": 64, ""dropout"": 0.1}, {""name"": ""switzerland"", ""encoder"": ""mlp_tabular_ln"", ""input_dim"": 8, ""hidden_dim"": 64, ""dropout"": 0.1}, {""name"": ""va_long_beach"", ""encoder"": ""mlp_tabular_ln"", ""input_dim"": 9, ""hidden_dim"": 64, ""dropout"": 0.1}], ""anchor_eps"": 0.0001, ""sep_samples_per_class"": 4, ""sep_method"": ""classifier"", ""sep_margin"": 1.0, ""lambda_fit"": 0.1, ""lambda_sep"": 0.1, ""groupdro_enabled"": true, ""groupdro_eta"": 0.02, ""groupdro_gamma"": 0.9, ""groupdro_update_mode"": ""exp"", ""groupdro_objective"": ""weighted"", ""groupdro_kl_lambda"": 0.0, ""groupdro_uniform_init"": false, ""log_interval"": 20, ""save_every"": 10, ""groupdro_ema_decay"": 0.9, ""groupdro_update_every"": 1, ""dro_signal"": ""val"", ""val_frac"": 0.15, ""impute_missing"": true, ""common_encoder"": false, ""use_regret"": true, ""optimal_losses"": [0.468332, 0.498132, 0.341179, 0.597641], ""data_split_seed"": 1003}","{""num_groups"": 4, ""num_classes"": 2, ""train_total"": 449, ""test_total"": 185, ""train_group_counts"": [205, 199, 20, 25], ""test_group_counts"": [61, 59, 25, 40], ""train_class_counts"": [251, 198], ""test_class_counts"": [83, 102], ""train_group_class_counts"": [[111, 94], [127, 72], [3, 17], [10, 15]], ""test_group_class_counts"": [[33, 28], [38, 21], [2, 23], [10, 30]], ""group_proportions"": [0.45657015590200445, 0.44320712694877507, 0.044543429844097995, 0.0556792873051225], ""val_group_counts"": [37, 36, 15, 24], ""val_total"": 112}","{""num_groups"": 4, ""eta"": 0.02, ""update_mode"": ""exp"", ""robust_objective"": ""weighted"", ""gamma"": 0.9, ""kl_lambda"": 0.0, ""initial_pi"": [0.4565701484680176, 0.44320711493492126, 0.04454343020915985, 0.055679287761449814]}",2026-09-15T20:45:00.781871,69,0.20461082546348744,0.9092970510729316,0.001,0.7675675675675676,0.7757349263684357,0.6,0.92,"[0.8032786885245902, 0.7796610169491526, 0.92, 0.6]","[0.5086092250078122, 0.7062849071413532, 0.39795638451352716, 1.4768191950803158]","[0.7831325301204819, 0.7549019607843137]","[[0.8484848484848485, 0.75], [0.8947368421052632, 0.5714285714285714], [0.0, 1.0], [0.3, 0.7]]","[61, 59, 25, 40]",0.7665854875150376,"[0.8006535947712419, 0.7440774107440773, 0.4791666666666667, 0.4984326018808777]",0.4791666666666667,1.4768191950803158,0.7053571428571429,0.7280780780780781,0.5833333333333334,0.9333333333333333,"[0.7567567567567568, 0.6388888888888888, 0.9333333333333333, 0.5833333333333334]","[0.6058575654578572, 0.9302831915944504, 0.36215978500743706, 1.3668781886517536]","[0.62, 0.7741935483870968]","[[0.7, 0.8235294117647058], [0.7391304347826086, 0.46153846153846156], [0.0, 1.0], [0.0, 0.7777777777777778]]","[37, 36, 15, 24]",0.6984088127294981,"[0.7567567567567567, 0.6017021276595745, 0.4827586206896552, 0.36842105263157887]",0.36842105263157887,1.3668781886517536,"[0.3988600969314575, 0.48804450035095215, 0.038517601788043976, 0.07457780092954636]","[0.254361908350672, 0.27081868797540665, 0.033267968567088246, 0.021313246650000412]","[0.4004054367542267, 0.48685646057128906, 0.03873620554804802, 0.07400191575288773]","[0.4565701484680176, 0.44320711493492126, 0.04454343020915985, 0.055679287761449814]",0.0
