config,dataset_info,groupdro_config,start_time,epoch,train_loss,train_acc,learning_rate,test_overall_acc,test_balanced_acc,test_worst_group_acc,test_best_group_acc,test_per_group_acc,test_per_group_loss,test_per_class_acc,test_per_group_per_class_acc,test_per_group_counts,test_overall_macro_f1,test_per_group_f1,test_worst_group_f1,test_worst_group_loss,val_overall_acc,val_balanced_acc,val_worst_group_acc,val_best_group_acc,val_per_group_acc,val_per_group_loss,val_per_class_acc,val_per_group_per_class_acc,val_per_group_counts,val_overall_macro_f1,val_per_group_f1,val_worst_group_f1,val_worst_group_loss,groupdro_weights,train_per_group_loss,groupdro_weights_mean,groupdro_pi,groupdro_kl_penalty
"{""run_name"": ""fedheart_exp_paper_hetagg_gdro"", ""seed"": 42, ""run_dir"": ""runs/fedheart_cv/RegretDRO_s42_f1"", ""use_fedheart"": true, ""num_classes"": 2, ""stratified_batching"": true, ""train_frac"": 0.8, ""group_max_train_samples"": [null, null, 20, 25], ""true_hetero_input_dim"": true, ""feature_mask"": [[0, 1, 2, 3, 5, 6, 7, 8, 9, 10], [0, 1, 2, 3, 5, 6, 11, 12], [0, 1, 2, 4, 5, 7, 11, 12], [0, 1, 2, 4, 5, 6, 8, 9, 10]], ""batch_size"": 64, ""num_workers"": 0, ""epochs"": 100, ""early_stopping_patience"": 30, ""lr"": 0.001, ""weight_decay"": 0.0001, ""optimizer"": ""adam"", ""grad_clip"": 1.0, ""lr_scheduler"": ""cosine"", ""lr_min"": 1e-05, ""latent_dim"": 64, ""head_hidden"": 32, ""groups"": [{""name"": ""cleveland"", ""encoder"": ""mlp_tabular_ln"", ""input_dim"": 10, ""hidden_dim"": 64, ""dropout"": 0.1}, {""name"": ""hungarian"", ""encoder"": ""mlp_tabular_ln"", ""input_dim"": 8, ""hidden_dim"": 64, ""dropout"": 0.1}, {""name"": ""switzerland"", ""encoder"": ""mlp_tabular_ln"", ""input_dim"": 8, ""hidden_dim"": 64, ""dropout"": 0.1}, {""name"": ""va_long_beach"", ""encoder"": ""mlp_tabular_ln"", ""input_dim"": 9, ""hidden_dim"": 64, ""dropout"": 0.1}], ""anchor_eps"": 0.0001, ""sep_samples_per_class"": 4, ""sep_method"": ""classifier"", ""sep_margin"": 1.0, ""lambda_fit"": 0.001, ""lambda_sep"": 0.001, ""groupdro_enabled"": true, ""groupdro_eta"": 1.0, ""groupdro_gamma"": 0.9, ""groupdro_update_mode"": ""softmax"", ""groupdro_objective"": ""weighted"", ""groupdro_kl_lambda"": 0.0, ""groupdro_uniform_init"": true, ""log_interval"": 20, ""save_every"": 10, ""val_frac"": 0.2, ""impute_missing"": true, ""common_encoder"": false, ""use_regret"": true, ""optimal_losses"": [0.49934679966136675, 0.5924033531758973, 0.4240419712328326, 1.4799922526387188], ""data_split_seed"": 1001}","{""num_groups"": 4, ""num_classes"": 2, ""train_total"": 426, ""test_total"": 185, ""train_group_counts"": [193, 188, 20, 25], ""test_group_counts"": [61, 59, 25, 40], ""train_class_counts"": [233, 193], ""test_class_counts"": [83, 102], ""train_group_class_counts"": [[104, 89], [120, 68], [1, 19], [8, 17]], ""test_group_class_counts"": [[33, 28], [38, 21], [2, 23], [10, 30]], ""group_proportions"": [0.45305164319248825, 0.4413145539906103, 0.046948356807511735, 0.05868544600938967], ""val_group_counts"": [49, 47, 20, 32], ""val_total"": 148}","{""num_groups"": 4, ""eta"": 1.0, ""update_mode"": ""softmax"", ""robust_objective"": ""weighted"", ""gamma"": 0.9, ""kl_lambda"": 0.0, ""initial_pi"": [0.4530516564846039, 0.44131454825401306, 0.04694835841655731, 0.05868544429540634]}",2026-09-14T15:45:57.062995,1,0.6820800304412842,0.5989583333333334,0.001,0.6918918918918919,0.711902959155321,0.525,0.92,"[0.6229508196721312, 0.7796610169491526, 0.92, 0.525]","[0.6724023867825992, 0.6200008058952073, 0.4009163773059845, 0.697481769323349]","[0.6867469879518072, 0.696078431372549]","[[0.5151515151515151, 0.75], [0.9473684210526315, 0.47619047619047616], [0.0, 1.0], [0.4, 0.5666666666666667]]","[61, 59, 25, 40]",0.6901172529313233,"[0.6213225371120108, 0.7265597147950089, 0.4791666666666667, 0.46890286512928026]",0.46890286512928026,0.697481769323349,0.5945945945945946,0.6333491641337385,0.4375,0.95,"[0.5714285714285714, 0.574468085106383, 0.95, 0.4375]","[0.6789704111157632, 0.6624541580677032, 0.3686730980873108, 0.6901721823960543]","[0.6212121212121212, 0.573170731707317]","[[0.48148148148148145, 0.6818181818181818], [0.8666666666666667, 0.058823529411764705], [0.0, 1.0], [0.25, 0.5]]","[49, 47, 20, 32]",0.5939271995610024,"[0.5707133917396745, 0.4065656565656566, 0.48717948717948717, 0.37662337662337664]",0.37662337662337664,0.6901721823960543,"[0.2799128293991089, 0.2512066960334778, 0.23444023728370667, 0.23444023728370667]","[0.6928664743900299, 0.6643173297246298, 0.5120640595753988, 0.7235015034675598]","[0.27641478180885315, 0.24480092277129492, 0.2509665365020434, 0.22781774401664734]","[0.4530516564846039, 0.44131454825401306, 0.04694835841655731, 0.05868544429540634]",0.0
"{""run_name"": ""fedheart_exp_paper_hetagg_gdro"", ""seed"": 42, ""run_dir"": ""runs/fedheart_cv/RegretDRO_s42_f1"", ""use_fedheart"": true, ""num_classes"": 2, ""stratified_batching"": true, ""train_frac"": 0.8, ""group_max_train_samples"": [null, null, 20, 25], ""true_hetero_input_dim"": true, ""feature_mask"": [[0, 1, 2, 3, 5, 6, 7, 8, 9, 10], [0, 1, 2, 3, 5, 6, 11, 12], [0, 1, 2, 4, 5, 7, 11, 12], [0, 1, 2, 4, 5, 6, 8, 9, 10]], ""batch_size"": 64, ""num_workers"": 0, ""epochs"": 100, ""early_stopping_patience"": 30, ""lr"": 0.001, ""weight_decay"": 0.0001, ""optimizer"": ""adam"", ""grad_clip"": 1.0, ""lr_scheduler"": ""cosine"", ""lr_min"": 1e-05, ""latent_dim"": 64, ""head_hidden"": 32, ""groups"": [{""name"": ""cleveland"", ""encoder"": ""mlp_tabular_ln"", ""input_dim"": 10, ""hidden_dim"": 64, ""dropout"": 0.1}, {""name"": ""hungarian"", ""encoder"": ""mlp_tabular_ln"", ""input_dim"": 8, ""hidden_dim"": 64, ""dropout"": 0.1}, {""name"": ""switzerland"", ""encoder"": ""mlp_tabular_ln"", ""input_dim"": 8, ""hidden_dim"": 64, ""dropout"": 0.1}, {""name"": ""va_long_beach"", ""encoder"": ""mlp_tabular_ln"", ""input_dim"": 9, ""hidden_dim"": 64, ""dropout"": 0.1}], ""anchor_eps"": 0.0001, ""sep_samples_per_class"": 4, ""sep_method"": ""classifier"", ""sep_margin"": 1.0, ""lambda_fit"": 0.001, ""lambda_sep"": 0.001, ""groupdro_enabled"": true, ""groupdro_eta"": 1.0, ""groupdro_gamma"": 0.9, ""groupdro_update_mode"": ""softmax"", ""groupdro_objective"": ""weighted"", ""groupdro_kl_lambda"": 0.0, ""groupdro_uniform_init"": true, ""log_interval"": 20, ""save_every"": 10, ""val_frac"": 0.2, ""impute_missing"": true, ""common_encoder"": false, ""use_regret"": true, ""optimal_losses"": [0.49934679966136675, 0.5924033531758973, 0.4240419712328326, 1.4799922526387188], ""data_split_seed"": 1001}","{""num_groups"": 4, ""num_classes"": 2, ""train_total"": 426, ""test_total"": 185, ""train_group_counts"": [193, 188, 20, 25], ""test_group_counts"": [61, 59, 25, 40], ""train_class_counts"": [233, 193], ""test_class_counts"": [83, 102], ""train_group_class_counts"": [[104, 89], [120, 68], [1, 19], [8, 17]], ""test_group_class_counts"": [[33, 28], [38, 21], [2, 23], [10, 30]], ""group_proportions"": [0.45305164319248825, 0.4413145539906103, 0.046948356807511735, 0.05868544600938967], ""val_group_counts"": [49, 47, 20, 32], ""val_total"": 148}","{""num_groups"": 4, ""eta"": 1.0, ""update_mode"": ""softmax"", ""robust_objective"": ""weighted"", ""gamma"": 0.9, ""kl_lambda"": 0.0, ""initial_pi"": [0.4530516564846039, 0.44131454825401306, 0.04694835841655731, 0.05868544429540634]}",2026-09-14T15:45:57.062995,2,0.5844974517822266,0.7317708333333334,0.001,0.7675675675675676,0.7820509169213671,0.675,0.92,"[0.7704918032786885, 0.7627118644067796, 0.92, 0.675]","[0.6305992354135044, 0.5774324344376386, 0.2958004719018936, 0.6340775288641453]","[0.7108433734939759, 0.8137254901960784]","[[0.7272727272727273, 0.8214285714285714], [0.8947368421052632, 0.5238095238095238], [0.0, 1.0], [0.1, 0.8666666666666667]]","[61, 59, 25, 40]",0.7635888139320633,"[0.7704301075268817, 0.7201897018970189, 0.4791666666666667, 0.4666666666666667]",0.4666666666666667,0.6340775288641453,0.7094594594594594,0.7451293150238819,0.6382978723404256,0.95,"[0.673469387755102, 0.6382978723404256, 0.95, 0.71875]","[0.640348951427304, 0.6538190277332955, 0.2365128669887781, 0.6290516946464777]","[0.6060606060606061, 0.7926829268292683]","[[0.5555555555555556, 0.8181818181818182], [0.8333333333333334, 0.29411764705882354], [0.0, 1.0], [0.0, 0.9583333333333334]]","[49, 47, 20, 32]",0.7009257953851216,"[0.6722408026755853, 0.5583195135433942, 0.48717948717948717, 0.4181818181818182]",0.4181818181818182,0.6538190277332955,"[0.2823663055896759, 0.23921124637126923, 0.23921124637126923, 0.23921124637126923]","[0.6519291500250498, 0.6069032649199168, 0.3075424035390218, 0.6280820369720459]","[0.27809831003348034, 0.2444576621055603, 0.23872201393047968, 0.23872201393047968]","[0.4530516564846039, 0.44131454825401306, 0.04694835841655731, 0.05868544429540634]",0.0
"{""run_name"": ""fedheart_exp_paper_hetagg_gdro"", ""seed"": 42, ""run_dir"": ""runs/fedheart_cv/RegretDRO_s42_f1"", ""use_fedheart"": true, ""num_classes"": 2, ""stratified_batching"": true, ""train_frac"": 0.8, ""group_max_train_samples"": [null, null, 20, 25], ""true_hetero_input_dim"": true, ""feature_mask"": [[0, 1, 2, 3, 5, 6, 7, 8, 9, 10], [0, 1, 2, 3, 5, 6, 11, 12], [0, 1, 2, 4, 5, 7, 11, 12], [0, 1, 2, 4, 5, 6, 8, 9, 10]], ""batch_size"": 64, ""num_workers"": 0, ""epochs"": 100, ""early_stopping_patience"": 30, ""lr"": 0.001, ""weight_decay"": 0.0001, ""optimizer"": ""adam"", ""grad_clip"": 1.0, ""lr_scheduler"": ""cosine"", ""lr_min"": 1e-05, ""latent_dim"": 64, ""head_hidden"": 32, ""groups"": [{""name"": ""cleveland"", ""encoder"": ""mlp_tabular_ln"", ""input_dim"": 10, ""hidden_dim"": 64, ""dropout"": 0.1}, {""name"": ""hungarian"", ""encoder"": ""mlp_tabular_ln"", ""input_dim"": 8, ""hidden_dim"": 64, ""dropout"": 0.1}, {""name"": ""switzerland"", ""encoder"": ""mlp_tabular_ln"", ""input_dim"": 8, ""hidden_dim"": 64, ""dropout"": 0.1}, {""name"": ""va_long_beach"", ""encoder"": ""mlp_tabular_ln"", ""input_dim"": 9, ""hidden_dim"": 64, ""dropout"": 0.1}], ""anchor_eps"": 0.0001, ""sep_samples_per_class"": 4, ""sep_method"": ""classifier"", ""sep_margin"": 1.0, ""lambda_fit"": 0.001, ""lambda_sep"": 0.001, ""groupdro_enabled"": true, ""groupdro_eta"": 1.0, ""groupdro_gamma"": 0.9, ""groupdro_update_mode"": ""softmax"", ""groupdro_objective"": ""weighted"", ""groupdro_kl_lambda"": 0.0, ""groupdro_uniform_init"": true, ""log_interval"": 20, ""save_every"": 10, ""val_frac"": 0.2, ""impute_missing"": true, ""common_encoder"": false, ""use_regret"": true, ""optimal_losses"": [0.49934679966136675, 0.5924033531758973, 0.4240419712328326, 1.4799922526387188], ""data_split_seed"": 1001}","{""num_groups"": 4, ""num_classes"": 2, ""train_total"": 426, ""test_total"": 185, ""train_group_counts"": [193, 188, 20, 25], ""test_group_counts"": [61, 59, 25, 40], ""train_class_counts"": [233, 193], ""test_class_counts"": [83, 102], ""train_group_class_counts"": [[104, 89], [120, 68], [1, 19], [8, 17]], ""test_group_class_counts"": [[33, 28], [38, 21], [2, 23], [10, 30]], ""group_proportions"": [0.45305164319248825, 0.4413145539906103, 0.046948356807511735, 0.05868544600938967], ""val_group_counts"": [49, 47, 20, 32], ""val_total"": 148}","{""num_groups"": 4, ""eta"": 1.0, ""update_mode"": ""softmax"", ""robust_objective"": ""weighted"", ""gamma"": 0.9, ""kl_lambda"": 0.0, ""initial_pi"": [0.4530516564846039, 0.44131454825401306, 0.04694835841655731, 0.05868544429540634]}",2026-09-14T15:45:57.062995,3,0.5336960703134537,0.7682291666666666,0.001,0.7837837837837838,0.8006619894415116,0.7457627118644068,0.92,"[0.7868852459016393, 0.7457627118644068, 0.92, 0.75]","[0.578972014247394, 0.5348574362568936, 0.28165519192814825, 0.5816929042339325]","[0.6987951807228916, 0.8529411764705882]","[[0.7575757575757576, 0.8214285714285714], [0.868421052631579, 0.5238095238095238], [0.0, 1.0], [0.0, 1.0]]","[61, 59, 25, 40]",0.7783369278696382,"[0.7866559052999732, 0.7047047047047047, 0.4791666666666667, 0.42857142857142855]",0.42857142857142855,0.5816929042339325,0.7432432432432432,0.7735670864090317,0.6595744680851063,0.95,"[0.7346938775510204, 0.6595744680851063, 0.95, 0.75]","[0.5951986349358851, 0.6537286347531258, 0.19380824249237777, 0.5696697309613228]","[0.6363636363636364, 0.8292682926829268]","[[0.6296296296296297, 0.8636363636363636], [0.8333333333333334, 0.35294117647058826], [0.0, 1.0], [0.0, 1.0]]","[49, 47, 20, 32]",0.7350668927831167,"[0.7342511472674177, 0.5930735930735931, 0.48717948717948717, 0.42857142857142855]",0.42857142857142855,0.6537286347531258,"[0.2739204466342926, 0.24202652275562286, 0.24202652275562286, 0.24202652275562286]","[0.6232335865497589, 0.5460114181041718, 0.24892287328839302, 0.6001966198285421]","[0.2704544812440872, 0.23900412023067474, 0.2515372683604558, 0.23900412023067474]","[0.4530516564846039, 0.44131454825401306, 0.04694835841655731, 0.05868544429540634]",0.0
"{""run_name"": ""fedheart_exp_paper_hetagg_gdro"", ""seed"": 42, ""run_dir"": ""runs/fedheart_cv/RegretDRO_s42_f1"", ""use_fedheart"": true, ""num_classes"": 2, ""stratified_batching"": true, ""train_frac"": 0.8, ""group_max_train_samples"": [null, null, 20, 25], ""true_hetero_input_dim"": true, ""feature_mask"": [[0, 1, 2, 3, 5, 6, 7, 8, 9, 10], [0, 1, 2, 3, 5, 6, 11, 12], [0, 1, 2, 4, 5, 7, 11, 12], [0, 1, 2, 4, 5, 6, 8, 9, 10]], ""batch_size"": 64, ""num_workers"": 0, ""epochs"": 100, ""early_stopping_patience"": 30, ""lr"": 0.001, ""weight_decay"": 0.0001, ""optimizer"": ""adam"", ""grad_clip"": 1.0, ""lr_scheduler"": ""cosine"", ""lr_min"": 1e-05, ""latent_dim"": 64, ""head_hidden"": 32, ""groups"": [{""name"": ""cleveland"", ""encoder"": ""mlp_tabular_ln"", ""input_dim"": 10, ""hidden_dim"": 64, ""dropout"": 0.1}, {""name"": ""hungarian"", ""encoder"": ""mlp_tabular_ln"", ""input_dim"": 8, ""hidden_dim"": 64, ""dropout"": 0.1}, {""name"": ""switzerland"", ""encoder"": ""mlp_tabular_ln"", ""input_dim"": 8, ""hidden_dim"": 64, ""dropout"": 0.1}, {""name"": ""va_long_beach"", ""encoder"": ""mlp_tabular_ln"", ""input_dim"": 9, ""hidden_dim"": 64, ""dropout"": 0.1}], ""anchor_eps"": 0.0001, ""sep_samples_per_class"": 4, ""sep_method"": ""classifier"", ""sep_margin"": 1.0, ""lambda_fit"": 0.001, ""lambda_sep"": 0.001, ""groupdro_enabled"": true, ""groupdro_eta"": 1.0, ""groupdro_gamma"": 0.9, ""groupdro_update_mode"": ""softmax"", ""groupdro_objective"": ""weighted"", ""groupdro_kl_lambda"": 0.0, ""groupdro_uniform_init"": true, ""log_interval"": 20, ""save_every"": 10, ""val_frac"": 0.2, ""impute_missing"": true, ""common_encoder"": false, ""use_regret"": true, ""optimal_losses"": [0.49934679966136675, 0.5924033531758973, 0.4240419712328326, 1.4799922526387188], ""data_split_seed"": 1001}","{""num_groups"": 4, ""num_classes"": 2, ""train_total"": 426, ""test_total"": 185, ""train_group_counts"": [193, 188, 20, 25], ""test_group_counts"": [61, 59, 25, 40], ""train_class_counts"": [233, 193], ""test_class_counts"": [83, 102], ""train_group_class_counts"": [[104, 89], [120, 68], [1, 19], [8, 17]], ""test_group_class_counts"": [[33, 28], [38, 21], [2, 23], [10, 30]], ""group_proportions"": [0.45305164319248825, 0.4413145539906103, 0.046948356807511735, 0.05868544600938967], ""val_group_counts"": [49, 47, 20, 32], ""val_total"": 148}","{""num_groups"": 4, ""eta"": 1.0, ""update_mode"": ""softmax"", ""robust_objective"": ""weighted"", ""gamma"": 0.9, ""kl_lambda"": 0.0, ""initial_pi"": [0.4530516564846039, 0.44131454825401306, 0.04694835841655731, 0.05868544429540634]}",2026-09-14T15:45:57.062995,4,0.48732782403628033,0.7942708333333334,0.001,0.7891891891891892,0.8047603500972492,0.7457627118644068,0.92,"[0.8032786885245902, 0.7457627118644068, 0.92, 0.75]","[0.5274469070747251, 0.5054052259962437, 0.3042039614915848, 0.5668331257998943]","[0.6987951807228916, 0.8627450980392157]","[[0.7878787878787878, 0.8214285714285714], [0.8421052631578947, 0.5714285714285714], [0.0, 1.0], [0.0, 1.0]]","[61, 59, 25, 40]",0.7834958739684921,"[0.802801724137931, 0.7127555988315482, 0.4791666666666667, 0.42857142857142855]",0.42857142857142855,0.5668331257998943,0.75,0.7786691272253582,0.6595744680851063,0.95,"[0.7551020408163265, 0.6595744680851063, 0.95, 0.75]","[0.5553704241708833, 0.6618755542217417, 0.19263758221641183, 0.5401711296290159]","[0.6363636363636364, 0.8414634146341463]","[[0.6296296296296297, 0.9090909090909091], [0.8333333333333334, 0.35294117647058826], [0.0, 1.0], [0.0, 1.0]]","[49, 47, 20, 32]",0.7413931523022432,"[0.754180602006689, 0.5930735930735931, 0.48717948717948717, 0.42857142857142855]",0.42857142857142855,0.6618755542217417,"[0.2738955020904541, 0.24203483760356903, 0.24203483760356903, 0.24203483760356903]","[0.5879258314768473, 0.5064094513654709, 0.20816997066140175, 0.552783191204071]","[0.2615997816125552, 0.23956990987062454, 0.2595546022057533, 0.23927571872870126]","[0.4530516564846039, 0.44131454825401306, 0.04694835841655731, 0.05868544429540634]",0.0
"{""run_name"": ""fedheart_exp_paper_hetagg_gdro"", ""seed"": 42, ""run_dir"": ""runs/fedheart_cv/RegretDRO_s42_f1"", ""use_fedheart"": true, ""num_classes"": 2, ""stratified_batching"": true, ""train_frac"": 0.8, ""group_max_train_samples"": [null, null, 20, 25], ""true_hetero_input_dim"": true, ""feature_mask"": [[0, 1, 2, 3, 5, 6, 7, 8, 9, 10], [0, 1, 2, 3, 5, 6, 11, 12], [0, 1, 2, 4, 5, 7, 11, 12], [0, 1, 2, 4, 5, 6, 8, 9, 10]], ""batch_size"": 64, ""num_workers"": 0, ""epochs"": 100, ""early_stopping_patience"": 30, ""lr"": 0.001, ""weight_decay"": 0.0001, ""optimizer"": ""adam"", ""grad_clip"": 1.0, ""lr_scheduler"": ""cosine"", ""lr_min"": 1e-05, ""latent_dim"": 64, ""head_hidden"": 32, ""groups"": [{""name"": ""cleveland"", ""encoder"": ""mlp_tabular_ln"", ""input_dim"": 10, ""hidden_dim"": 64, ""dropout"": 0.1}, {""name"": ""hungarian"", ""encoder"": ""mlp_tabular_ln"", ""input_dim"": 8, ""hidden_dim"": 64, ""dropout"": 0.1}, {""name"": ""switzerland"", ""encoder"": ""mlp_tabular_ln"", ""input_dim"": 8, ""hidden_dim"": 64, ""dropout"": 0.1}, {""name"": ""va_long_beach"", ""encoder"": ""mlp_tabular_ln"", ""input_dim"": 9, ""hidden_dim"": 64, ""dropout"": 0.1}], ""anchor_eps"": 0.0001, ""sep_samples_per_class"": 4, ""sep_method"": ""classifier"", ""sep_margin"": 1.0, ""lambda_fit"": 0.001, ""lambda_sep"": 0.001, ""groupdro_enabled"": true, ""groupdro_eta"": 1.0, ""groupdro_gamma"": 0.9, ""groupdro_update_mode"": ""softmax"", ""groupdro_objective"": ""weighted"", ""groupdro_kl_lambda"": 0.0, ""groupdro_uniform_init"": true, ""log_interval"": 20, ""save_every"": 10, ""val_frac"": 0.2, ""impute_missing"": true, ""common_encoder"": false, ""use_regret"": true, ""optimal_losses"": [0.49934679966136675, 0.5924033531758973, 0.4240419712328326, 1.4799922526387188], ""data_split_seed"": 1001}","{""num_groups"": 4, ""num_classes"": 2, ""train_total"": 426, ""test_total"": 185, ""train_group_counts"": [193, 188, 20, 25], ""test_group_counts"": [61, 59, 25, 40], ""train_class_counts"": [233, 193], ""test_class_counts"": [83, 102], ""train_group_class_counts"": [[104, 89], [120, 68], [1, 19], [8, 17]], ""test_group_class_counts"": [[33, 28], [38, 21], [2, 23], [10, 30]], ""group_proportions"": [0.45305164319248825, 0.4413145539906103, 0.046948356807511735, 0.05868544600938967], ""val_group_counts"": [49, 47, 20, 32], ""val_total"": 148}","{""num_groups"": 4, ""eta"": 1.0, ""update_mode"": ""softmax"", ""robust_objective"": ""weighted"", ""gamma"": 0.9, ""kl_lambda"": 0.0, ""initial_pi"": [0.4530516564846039, 0.44131454825401306, 0.04694835841655731, 0.05868544429540634]}",2026-09-14T15:45:57.062995,5,0.47373831768830615,0.8072916666666666,0.001,0.7945945945945946,0.8089976382328424,0.75,0.92,"[0.8032786885245902, 0.7627118644067796, 0.92, 0.75]","[0.48734947110785815, 0.4926863850678428, 0.34073375195264816, 0.5632535632699728]","[0.6987951807228916, 0.8725490196078431]","[[0.7878787878787878, 0.8214285714285714], [0.8421052631578947, 0.6190476190476191], [0.0, 1.0], [0.0, 1.0]]","[61, 59, 25, 40]",0.7886604136604136,"[0.802801724137931, 0.7352564102564103, 0.4791666666666667, 0.42857142857142855]",0.42857142857142855,0.5632535632699728,0.75,0.7759586680416848,0.6595744680851063,0.95,"[0.7755102040816326, 0.6595744680851063, 0.95, 0.71875]","[0.52448464899647, 0.6832103649986551, 0.2057396802585572, 0.5196597457397729]","[0.6515151515151515, 0.8292682926829268]","[[0.6666666666666666, 0.9090909090909091], [0.8333333333333334, 0.35294117647058826], [0.0, 1.0], [0.0, 0.9583333333333334]]","[49, 47, 20, 32]",0.7426570797499883,"[0.7751355861493534, 0.5930735930735931, 0.48717948717948717, 0.4181818181818182]",0.4181818181818182,0.6832103649986551,"[0.1955363005399704, 0.1849789172410965, 0.4345058500766754, 0.1849789172410965]","[0.5422040522098541, 0.4899490177631378, 0.25443761454274255, 0.48674359420935315]","[0.24646390974521637, 0.24222100526094437, 0.2764514411489169, 0.23486361900965372]","[0.4530516564846039, 0.44131454825401306, 0.04694835841655731, 0.05868544429540634]",0.0
"{""run_name"": ""fedheart_exp_paper_hetagg_gdro"", ""seed"": 42, ""run_dir"": ""runs/fedheart_cv/RegretDRO_s42_f1"", ""use_fedheart"": true, ""num_classes"": 2, ""stratified_batching"": true, ""train_frac"": 0.8, ""group_max_train_samples"": [null, null, 20, 25], ""true_hetero_input_dim"": true, ""feature_mask"": [[0, 1, 2, 3, 5, 6, 7, 8, 9, 10], [0, 1, 2, 3, 5, 6, 11, 12], [0, 1, 2, 4, 5, 7, 11, 12], [0, 1, 2, 4, 5, 6, 8, 9, 10]], ""batch_size"": 64, ""num_workers"": 0, ""epochs"": 100, ""early_stopping_patience"": 30, ""lr"": 0.001, ""weight_decay"": 0.0001, ""optimizer"": ""adam"", ""grad_clip"": 1.0, ""lr_scheduler"": ""cosine"", ""lr_min"": 1e-05, ""latent_dim"": 64, ""head_hidden"": 32, ""groups"": [{""name"": ""cleveland"", ""encoder"": ""mlp_tabular_ln"", ""input_dim"": 10, ""hidden_dim"": 64, ""dropout"": 0.1}, {""name"": ""hungarian"", ""encoder"": ""mlp_tabular_ln"", ""input_dim"": 8, ""hidden_dim"": 64, ""dropout"": 0.1}, {""name"": ""switzerland"", ""encoder"": ""mlp_tabular_ln"", ""input_dim"": 8, ""hidden_dim"": 64, ""dropout"": 0.1}, {""name"": ""va_long_beach"", ""encoder"": ""mlp_tabular_ln"", ""input_dim"": 9, ""hidden_dim"": 64, ""dropout"": 0.1}], ""anchor_eps"": 0.0001, ""sep_samples_per_class"": 4, ""sep_method"": ""classifier"", ""sep_margin"": 1.0, ""lambda_fit"": 0.001, ""lambda_sep"": 0.001, ""groupdro_enabled"": true, ""groupdro_eta"": 1.0, ""groupdro_gamma"": 0.9, ""groupdro_update_mode"": ""softmax"", ""groupdro_objective"": ""weighted"", ""groupdro_kl_lambda"": 0.0, ""groupdro_uniform_init"": true, ""log_interval"": 20, ""save_every"": 10, ""val_frac"": 0.2, ""impute_missing"": true, ""common_encoder"": false, ""use_regret"": true, ""optimal_losses"": [0.49934679966136675, 0.5924033531758973, 0.4240419712328326, 1.4799922526387188], ""data_split_seed"": 1001}","{""num_groups"": 4, ""num_classes"": 2, ""train_total"": 426, ""test_total"": 185, ""train_group_counts"": [193, 188, 20, 25], ""test_group_counts"": [61, 59, 25, 40], ""train_class_counts"": [233, 193], ""test_class_counts"": [83, 102], ""train_group_class_counts"": [[104, 89], [120, 68], [1, 19], [8, 17]], ""test_group_class_counts"": [[33, 28], [38, 21], [2, 23], [10, 30]], ""group_proportions"": [0.45305164319248825, 0.4413145539906103, 0.046948356807511735, 0.05868544600938967], ""val_group_counts"": [49, 47, 20, 32], ""val_total"": 148}","{""num_groups"": 4, ""eta"": 1.0, ""update_mode"": ""softmax"", ""robust_objective"": ""weighted"", ""gamma"": 0.9, ""kl_lambda"": 0.0, ""initial_pi"": [0.4530516564846039, 0.44131454825401306, 0.04694835841655731, 0.05868544429540634]}",2026-09-14T15:45:57.062995,6,0.44508810341358185,0.8072916666666666,0.001,0.7621621621621621,0.7736492775771048,0.625,0.92,"[0.7868852459016393, 0.7627118644067796, 0.92, 0.625]","[0.4553150059502633, 0.4908645091167951, 0.3556576614826918, 0.5775374898687005]","[0.7590361445783133, 0.7647058823529411]","[[0.8181818181818182, 0.75], [0.8421052631578947, 0.6190476190476191], [0.0, 1.0], [0.4, 0.7]]","[61, 59, 25, 40]",0.7605882352941176,"[0.7848032564450476, 0.7352564102564103, 0.4791666666666667, 0.5423340961098397]",0.4791666666666667,0.5775374898687005,0.7297297297297297,0.7525211680416848,0.625,0.95,"[0.7755102040816326, 0.6595744680851063, 0.95, 0.625]","[0.4908826913760633, 0.7056066501647869, 0.21406293530017137, 0.5269556073471904]","[0.696969696969697, 0.7560975609756098]","[[0.6666666666666666, 0.9090909090909091], [0.8333333333333334, 0.35294117647058826], [0.0, 1.0], [0.375, 0.7083333333333334]]","[49, 47, 20, 32]",0.7265336289726534,"[0.7751355861493534, 0.5930735930735931, 0.48717948717948717, 0.536231884057971]",0.48717948717948717,0.7056066501647869,"[0.25, 0.25, 0.25, 0.25]","[0.48749089737733203, 0.4316555509964625, 0.2313901111483574, 0.4630103260278702]","[0.24346157908439636, 0.23927325010299683, 0.2779919256766637, 0.23927325010299683]","[0.4530516564846039, 0.44131454825401306, 0.04694835841655731, 0.05868544429540634]",0.0
"{""run_name"": ""fedheart_exp_paper_hetagg_gdro"", ""seed"": 42, ""run_dir"": ""runs/fedheart_cv/RegretDRO_s42_f1"", ""use_fedheart"": true, ""num_classes"": 2, ""stratified_batching"": true, ""train_frac"": 0.8, ""group_max_train_samples"": [null, null, 20, 25], ""true_hetero_input_dim"": true, ""feature_mask"": [[0, 1, 2, 3, 5, 6, 7, 8, 9, 10], [0, 1, 2, 3, 5, 6, 11, 12], [0, 1, 2, 4, 5, 7, 11, 12], [0, 1, 2, 4, 5, 6, 8, 9, 10]], ""batch_size"": 64, ""num_workers"": 0, ""epochs"": 100, ""early_stopping_patience"": 30, ""lr"": 0.001, ""weight_decay"": 0.0001, ""optimizer"": ""adam"", ""grad_clip"": 1.0, ""lr_scheduler"": ""cosine"", ""lr_min"": 1e-05, ""latent_dim"": 64, ""head_hidden"": 32, ""groups"": [{""name"": ""cleveland"", ""encoder"": ""mlp_tabular_ln"", ""input_dim"": 10, ""hidden_dim"": 64, ""dropout"": 0.1}, {""name"": ""hungarian"", ""encoder"": ""mlp_tabular_ln"", ""input_dim"": 8, ""hidden_dim"": 64, ""dropout"": 0.1}, {""name"": ""switzerland"", ""encoder"": ""mlp_tabular_ln"", ""input_dim"": 8, ""hidden_dim"": 64, ""dropout"": 0.1}, {""name"": ""va_long_beach"", ""encoder"": ""mlp_tabular_ln"", ""input_dim"": 9, ""hidden_dim"": 64, ""dropout"": 0.1}], ""anchor_eps"": 0.0001, ""sep_samples_per_class"": 4, ""sep_method"": ""classifier"", ""sep_margin"": 1.0, ""lambda_fit"": 0.001, ""lambda_sep"": 0.001, ""groupdro_enabled"": true, ""groupdro_eta"": 1.0, ""groupdro_gamma"": 0.9, ""groupdro_update_mode"": ""softmax"", ""groupdro_objective"": ""weighted"", ""groupdro_kl_lambda"": 0.0, ""groupdro_uniform_init"": true, ""log_interval"": 20, ""save_every"": 10, ""val_frac"": 0.2, ""impute_missing"": true, ""common_encoder"": false, ""use_regret"": true, ""optimal_losses"": [0.49934679966136675, 0.5924033531758973, 0.4240419712328326, 1.4799922526387188], ""data_split_seed"": 1001}","{""num_groups"": 4, ""num_classes"": 2, ""train_total"": 426, ""test_total"": 185, ""train_group_counts"": [193, 188, 20, 25], ""test_group_counts"": [61, 59, 25, 40], ""train_class_counts"": [233, 193], ""test_class_counts"": [83, 102], ""train_group_class_counts"": [[104, 89], [120, 68], [1, 19], [8, 17]], ""test_group_class_counts"": [[33, 28], [38, 21], [2, 23], [10, 30]], ""group_proportions"": [0.45305164319248825, 0.4413145539906103, 0.046948356807511735, 0.05868544600938967], ""val_group_counts"": [49, 47, 20, 32], ""val_total"": 148}","{""num_groups"": 4, ""eta"": 1.0, ""update_mode"": ""softmax"", ""robust_objective"": ""weighted"", ""gamma"": 0.9, ""kl_lambda"": 0.0, ""initial_pi"": [0.4530516564846039, 0.44131454825401306, 0.04694835841655731, 0.05868544429540634]}",2026-09-14T15:45:57.062995,7,0.36131787796815235,0.8307291666666666,0.001,0.7621621621621621,0.7736492775771048,0.625,0.92,"[0.7868852459016393, 0.7627118644067796, 0.92, 0.625]","[0.4364702793174103, 0.4973255047985053, 0.3767124170064926, 0.5994356896728277]","[0.7951807228915663, 0.7352941176470589]","[[0.8181818181818182, 0.75], [0.8421052631578947, 0.6190476190476191], [0.0, 1.0], [0.7, 0.6]]","[61, 59, 25, 40]",0.76159793814433,"[0.7848032564450476, 0.7352564102564103, 0.4791666666666667, 0.5943204868154157]",0.4791666666666667,0.5994356896728277,0.7364864864864865,0.7576232088580113,0.625,0.95,"[0.7959183673469388, 0.6595744680851063, 0.95, 0.625]","[0.46885839287115605, 0.7326952908584412, 0.22417606096714734, 0.5504989014007151]","[0.7878787878787878, 0.6951219512195121]","[[0.7037037037037037, 0.9090909090909091], [0.8333333333333334, 0.35294117647058826], [0.0, 1.0], [1.0, 0.5]]","[49, 47, 20, 32]",0.7361853832442068,"[0.7958333333333334, 0.5930735930735931, 0.48717948717948717, 0.6190476190476191]",0.48717948717948717,0.7326952908584412,"[0.25, 0.25, 0.25, 0.25]","[0.47611842056115466, 0.40260334809621173, 0.021443754124144714, 0.4263541102409363]","[0.2519041697184245, 0.2493652751048406, 0.2493652751048406, 0.2493652751048406]","[0.4530516564846039, 0.44131454825401306, 0.04694835841655731, 0.05868544429540634]",0.0
"{""run_name"": ""fedheart_exp_paper_hetagg_gdro"", ""seed"": 42, ""run_dir"": ""runs/fedheart_cv/RegretDRO_s42_f1"", ""use_fedheart"": true, ""num_classes"": 2, ""stratified_batching"": true, ""train_frac"": 0.8, ""group_max_train_samples"": [null, null, 20, 25], ""true_hetero_input_dim"": true, ""feature_mask"": [[0, 1, 2, 3, 5, 6, 7, 8, 9, 10], [0, 1, 2, 3, 5, 6, 11, 12], [0, 1, 2, 4, 5, 7, 11, 12], [0, 1, 2, 4, 5, 6, 8, 9, 10]], ""batch_size"": 64, ""num_workers"": 0, ""epochs"": 100, ""early_stopping_patience"": 30, ""lr"": 0.001, ""weight_decay"": 0.0001, ""optimizer"": ""adam"", ""grad_clip"": 1.0, ""lr_scheduler"": ""cosine"", ""lr_min"": 1e-05, ""latent_dim"": 64, ""head_hidden"": 32, ""groups"": [{""name"": ""cleveland"", ""encoder"": ""mlp_tabular_ln"", ""input_dim"": 10, ""hidden_dim"": 64, ""dropout"": 0.1}, {""name"": ""hungarian"", ""encoder"": ""mlp_tabular_ln"", ""input_dim"": 8, ""hidden_dim"": 64, ""dropout"": 0.1}, {""name"": ""switzerland"", ""encoder"": ""mlp_tabular_ln"", ""input_dim"": 8, ""hidden_dim"": 64, ""dropout"": 0.1}, {""name"": ""va_long_beach"", ""encoder"": ""mlp_tabular_ln"", ""input_dim"": 9, ""hidden_dim"": 64, ""dropout"": 0.1}], ""anchor_eps"": 0.0001, ""sep_samples_per_class"": 4, ""sep_method"": ""classifier"", ""sep_margin"": 1.0, ""lambda_fit"": 0.001, ""lambda_sep"": 0.001, ""groupdro_enabled"": true, ""groupdro_eta"": 1.0, ""groupdro_gamma"": 0.9, ""groupdro_update_mode"": ""softmax"", ""groupdro_objective"": ""weighted"", ""groupdro_kl_lambda"": 0.0, ""groupdro_uniform_init"": true, ""log_interval"": 20, ""save_every"": 10, ""val_frac"": 0.2, ""impute_missing"": true, ""common_encoder"": false, ""use_regret"": true, ""optimal_losses"": [0.49934679966136675, 0.5924033531758973, 0.4240419712328326, 1.4799922526387188], ""data_split_seed"": 1001}","{""num_groups"": 4, ""num_classes"": 2, ""train_total"": 426, ""test_total"": 185, ""train_group_counts"": [193, 188, 20, 25], ""test_group_counts"": [61, 59, 25, 40], ""train_class_counts"": [233, 193], ""test_class_counts"": [83, 102], ""train_group_class_counts"": [[104, 89], [120, 68], [1, 19], [8, 17]], ""test_group_class_counts"": [[33, 28], [38, 21], [2, 23], [10, 30]], ""group_proportions"": [0.45305164319248825, 0.4413145539906103, 0.046948356807511735, 0.05868544600938967], ""val_group_counts"": [49, 47, 20, 32], ""val_total"": 148}","{""num_groups"": 4, ""eta"": 1.0, ""update_mode"": ""softmax"", ""robust_objective"": ""weighted"", ""gamma"": 0.9, ""kl_lambda"": 0.0, ""initial_pi"": [0.4530516564846039, 0.44131454825401306, 0.04694835841655731, 0.05868544429540634]}",2026-09-14T15:45:57.062995,8,0.37471261123816174,0.8333333333333334,0.001,0.7675675675675676,0.777886565712698,0.625,0.92,"[0.7868852459016393, 0.7796610169491526, 0.92, 0.625]","[0.4302626717530313, 0.5078885736480608, 0.40250588927417996, 0.6149220342747868]","[0.7951807228915663, 0.7450980392156863]","[[0.8181818181818182, 0.75], [0.8421052631578947, 0.6666666666666666], [0.0, 1.0], [0.7, 0.6]]","[61, 59, 25, 40]",0.7668864468864469,"[0.7848032564450476, 0.7570478302185619, 0.4791666666666667, 0.5943204868154157]",0.4791666666666667,0.6149220342747868,0.7432432432432432,0.7627252496743377,0.625,0.95,"[0.8163265306122449, 0.6595744680851063, 0.95, 0.625]","[0.45633555994350083, 0.7597958310804469, 0.23765372436027973, 0.5530826568137854]","[0.8181818181818182, 0.6829268292682927]","[[0.7407407407407407, 0.9090909090909091], [0.8666666666666667, 0.29411764705882354], [0.0, 1.0], [1.0, 0.5]]","[49, 47, 20, 32]",0.7431963470319636,"[0.8163265306122449, 0.574660633484163, 0.48717948717948717, 0.6190476190476191]",0.48717948717948717,0.7597958310804469,"[0.226260706782341, 0.226260706782341, 0.32121795415878296, 0.226260706782341]","[0.4340759714444478, 0.40640436361233395, 0.1543335740764936, 0.38612253218889236]","[0.246803047756354, 0.24579025308291116, 0.26161646097898483, 0.24579025308291116]","[0.4530516564846039, 0.44131454825401306, 0.04694835841655731, 0.05868544429540634]",0.0
"{""run_name"": ""fedheart_exp_paper_hetagg_gdro"", ""seed"": 42, ""run_dir"": ""runs/fedheart_cv/RegretDRO_s42_f1"", ""use_fedheart"": true, ""num_classes"": 2, ""stratified_batching"": true, ""train_frac"": 0.8, ""group_max_train_samples"": [null, null, 20, 25], ""true_hetero_input_dim"": true, ""feature_mask"": [[0, 1, 2, 3, 5, 6, 7, 8, 9, 10], [0, 1, 2, 3, 5, 6, 11, 12], [0, 1, 2, 4, 5, 7, 11, 12], [0, 1, 2, 4, 5, 6, 8, 9, 10]], ""batch_size"": 64, ""num_workers"": 0, ""epochs"": 100, ""early_stopping_patience"": 30, ""lr"": 0.001, ""weight_decay"": 0.0001, ""optimizer"": ""adam"", ""grad_clip"": 1.0, ""lr_scheduler"": ""cosine"", ""lr_min"": 1e-05, ""latent_dim"": 64, ""head_hidden"": 32, ""groups"": [{""name"": ""cleveland"", ""encoder"": ""mlp_tabular_ln"", ""input_dim"": 10, ""hidden_dim"": 64, ""dropout"": 0.1}, {""name"": ""hungarian"", ""encoder"": ""mlp_tabular_ln"", ""input_dim"": 8, ""hidden_dim"": 64, ""dropout"": 0.1}, {""name"": ""switzerland"", ""encoder"": ""mlp_tabular_ln"", ""input_dim"": 8, ""hidden_dim"": 64, ""dropout"": 0.1}, {""name"": ""va_long_beach"", ""encoder"": ""mlp_tabular_ln"", ""input_dim"": 9, ""hidden_dim"": 64, ""dropout"": 0.1}], ""anchor_eps"": 0.0001, ""sep_samples_per_class"": 4, ""sep_method"": ""classifier"", ""sep_margin"": 1.0, ""lambda_fit"": 0.001, ""lambda_sep"": 0.001, ""groupdro_enabled"": true, ""groupdro_eta"": 1.0, ""groupdro_gamma"": 0.9, ""groupdro_update_mode"": ""softmax"", ""groupdro_objective"": ""weighted"", ""groupdro_kl_lambda"": 0.0, ""groupdro_uniform_init"": true, ""log_interval"": 20, ""save_every"": 10, ""val_frac"": 0.2, ""impute_missing"": true, ""common_encoder"": false, ""use_regret"": true, ""optimal_losses"": [0.49934679966136675, 0.5924033531758973, 0.4240419712328326, 1.4799922526387188], ""data_split_seed"": 1001}","{""num_groups"": 4, ""num_classes"": 2, ""train_total"": 426, ""test_total"": 185, ""train_group_counts"": [193, 188, 20, 25], ""test_group_counts"": [61, 59, 25, 40], ""train_class_counts"": [233, 193], ""test_class_counts"": [83, 102], ""train_group_class_counts"": [[104, 89], [120, 68], [1, 19], [8, 17]], ""test_group_class_counts"": [[33, 28], [38, 21], [2, 23], [10, 30]], ""group_proportions"": [0.45305164319248825, 0.4413145539906103, 0.046948356807511735, 0.05868544600938967], ""val_group_counts"": [49, 47, 20, 32], ""val_total"": 148}","{""num_groups"": 4, ""eta"": 1.0, ""update_mode"": ""softmax"", ""robust_objective"": ""weighted"", ""gamma"": 0.9, ""kl_lambda"": 0.0, ""initial_pi"": [0.4530516564846039, 0.44131454825401306, 0.04694835841655731, 0.05868544429540634]}",2026-09-14T15:45:57.062995,9,0.3601624369621277,0.8489583333333334,0.001,0.7675675675675676,0.7758738538482912,0.6,0.92,"[0.7868852459016393, 0.7966101694915254, 0.92, 0.6]","[0.43056167081975544, 0.5263553990398423, 0.4148016113229096, 0.642423668783158]","[0.7951807228915663, 0.7450980392156863]","[[0.8181818181818182, 0.75], [0.8421052631578947, 0.7142857142857143], [0.0, 1.0], [0.7, 0.5666666666666667]]","[61, 59, 25, 40]",0.7668864468864469,"[0.7848032564450476, 0.7781954887218046, 0.4791666666666667, 0.5733333333333334]",0.4791666666666667,0.642423668783158,0.7162162162162162,0.742099978289188,0.625,0.95,"[0.7551020408163265, 0.6382978723404256, 0.95, 0.625]","[0.44850519618817736, 0.7834398320856246, 0.24536251407116652, 0.5784082349855453]","[0.7878787878787878, 0.6585365853658537]","[[0.7037037037037037, 0.8181818181818182], [0.8333333333333334, 0.29411764705882354], [0.0, 1.0], [1.0, 0.5]]","[49, 47, 20, 32]",0.7161643835616438,"[0.7550000000000001, 0.5583195135433942, 0.48717948717948717, 0.6190476190476191]",0.48717948717948717,0.7834398320856246,"[0.25, 0.25, 0.25, 0.25]","[0.44139182070891064, 0.38062746326128644, 0.1359888555792471, 0.3934875229994456]","[0.24728036671876907, 0.2468870828549067, 0.2589454750219981, 0.2468870828549067]","[0.4530516564846039, 0.44131454825401306, 0.04694835841655731, 0.05868544429540634]",0.0
"{""run_name"": ""fedheart_exp_paper_hetagg_gdro"", ""seed"": 42, ""run_dir"": ""runs/fedheart_cv/RegretDRO_s42_f1"", ""use_fedheart"": true, ""num_classes"": 2, ""stratified_batching"": true, ""train_frac"": 0.8, ""group_max_train_samples"": [null, null, 20, 25], ""true_hetero_input_dim"": true, ""feature_mask"": [[0, 1, 2, 3, 5, 6, 7, 8, 9, 10], [0, 1, 2, 3, 5, 6, 11, 12], [0, 1, 2, 4, 5, 7, 11, 12], [0, 1, 2, 4, 5, 6, 8, 9, 10]], ""batch_size"": 64, ""num_workers"": 0, ""epochs"": 100, ""early_stopping_patience"": 30, ""lr"": 0.001, ""weight_decay"": 0.0001, ""optimizer"": ""adam"", ""grad_clip"": 1.0, ""lr_scheduler"": ""cosine"", ""lr_min"": 1e-05, ""latent_dim"": 64, ""head_hidden"": 32, ""groups"": [{""name"": ""cleveland"", ""encoder"": ""mlp_tabular_ln"", ""input_dim"": 10, ""hidden_dim"": 64, ""dropout"": 0.1}, {""name"": ""hungarian"", ""encoder"": ""mlp_tabular_ln"", ""input_dim"": 8, ""hidden_dim"": 64, ""dropout"": 0.1}, {""name"": ""switzerland"", ""encoder"": ""mlp_tabular_ln"", ""input_dim"": 8, ""hidden_dim"": 64, ""dropout"": 0.1}, {""name"": ""va_long_beach"", ""encoder"": ""mlp_tabular_ln"", ""input_dim"": 9, ""hidden_dim"": 64, ""dropout"": 0.1}], ""anchor_eps"": 0.0001, ""sep_samples_per_class"": 4, ""sep_method"": ""classifier"", ""sep_margin"": 1.0, ""lambda_fit"": 0.001, ""lambda_sep"": 0.001, ""groupdro_enabled"": true, ""groupdro_eta"": 1.0, ""groupdro_gamma"": 0.9, ""groupdro_update_mode"": ""softmax"", ""groupdro_objective"": ""weighted"", ""groupdro_kl_lambda"": 0.0, ""groupdro_uniform_init"": true, ""log_interval"": 20, ""save_every"": 10, ""val_frac"": 0.2, ""impute_missing"": true, ""common_encoder"": false, ""use_regret"": true, ""optimal_losses"": [0.49934679966136675, 0.5924033531758973, 0.4240419712328326, 1.4799922526387188], ""data_split_seed"": 1001}","{""num_groups"": 4, ""num_classes"": 2, ""train_total"": 426, ""test_total"": 185, ""train_group_counts"": [193, 188, 20, 25], ""test_group_counts"": [61, 59, 25, 40], ""train_class_counts"": [233, 193], ""test_class_counts"": [83, 102], ""train_group_class_counts"": [[104, 89], [120, 68], [1, 19], [8, 17]], ""test_group_class_counts"": [[33, 28], [38, 21], [2, 23], [10, 30]], ""group_proportions"": [0.45305164319248825, 0.4413145539906103, 0.046948356807511735, 0.05868544600938967], ""val_group_counts"": [49, 47, 20, 32], ""val_total"": 148}","{""num_groups"": 4, ""eta"": 1.0, ""update_mode"": ""softmax"", ""robust_objective"": ""weighted"", ""gamma"": 0.9, ""kl_lambda"": 0.0, ""initial_pi"": [0.4530516564846039, 0.44131454825401306, 0.04694835841655731, 0.05868544429540634]}",2026-09-14T15:45:57.062995,10,0.340074747800827,0.8359375,0.001,0.7621621621621621,0.7717754931925535,0.6,0.92,"[0.7704918032786885, 0.7966101694915254, 0.92, 0.6]","[0.4418231079690769, 0.5236228580697108, 0.4226692308858037, 0.6734513306524604]","[0.7831325301204819, 0.7450980392156863]","[[0.7878787878787878, 0.75], [0.8421052631578947, 0.7142857142857143], [0.0, 1.0], [0.7, 0.5666666666666667]]","[61, 59, 25, 40]",0.7613183204316208,"[0.7689393939393939, 0.7781954887218046, 0.4791666666666667, 0.5733333333333334]",0.4791666666666667,0.6734513306524604,0.7297297297297297,0.7525211680416848,0.625,0.95,"[0.7755102040816326, 0.6595744680851063, 0.95, 0.625]","[0.4481896865276658, 0.778244489685018, 0.2525266709038988, 0.6040752871776931]","[0.803030303030303, 0.6707317073170732]","[[0.7037037037037037, 0.8636363636363636], [0.8666666666666667, 0.29411764705882354], [0.0, 1.0], [1.0, 0.5]]","[49, 47, 20, 32]",0.7296803652968038,"[0.7755102040816326, 0.574660633484163, 0.48717948717948717, 0.6190476190476191]",0.48717948717948717,0.778244489685018,"[0.25, 0.25, 0.25, 0.25]","[0.4476390729347865, 0.4008286197980245, 0.12191474360103409, 0.2828400246798992]","[0.24900713562965393, 0.24813107897837958, 0.2547307188312213, 0.24813107897837958]","[0.4530516564846039, 0.44131454825401306, 0.04694835841655731, 0.05868544429540634]",0.0
"{""run_name"": ""fedheart_exp_paper_hetagg_gdro"", ""seed"": 42, ""run_dir"": ""runs/fedheart_cv/RegretDRO_s42_f1"", ""use_fedheart"": true, ""num_classes"": 2, ""stratified_batching"": true, ""train_frac"": 0.8, ""group_max_train_samples"": [null, null, 20, 25], ""true_hetero_input_dim"": true, ""feature_mask"": [[0, 1, 2, 3, 5, 6, 7, 8, 9, 10], [0, 1, 2, 3, 5, 6, 11, 12], [0, 1, 2, 4, 5, 7, 11, 12], [0, 1, 2, 4, 5, 6, 8, 9, 10]], ""batch_size"": 64, ""num_workers"": 0, ""epochs"": 100, ""early_stopping_patience"": 30, ""lr"": 0.001, ""weight_decay"": 0.0001, ""optimizer"": ""adam"", ""grad_clip"": 1.0, ""lr_scheduler"": ""cosine"", ""lr_min"": 1e-05, ""latent_dim"": 64, ""head_hidden"": 32, ""groups"": [{""name"": ""cleveland"", ""encoder"": ""mlp_tabular_ln"", ""input_dim"": 10, ""hidden_dim"": 64, ""dropout"": 0.1}, {""name"": ""hungarian"", ""encoder"": ""mlp_tabular_ln"", ""input_dim"": 8, ""hidden_dim"": 64, ""dropout"": 0.1}, {""name"": ""switzerland"", ""encoder"": ""mlp_tabular_ln"", ""input_dim"": 8, ""hidden_dim"": 64, ""dropout"": 0.1}, {""name"": ""va_long_beach"", ""encoder"": ""mlp_tabular_ln"", ""input_dim"": 9, ""hidden_dim"": 64, ""dropout"": 0.1}], ""anchor_eps"": 0.0001, ""sep_samples_per_class"": 4, ""sep_method"": ""classifier"", ""sep_margin"": 1.0, ""lambda_fit"": 0.001, ""lambda_sep"": 0.001, ""groupdro_enabled"": true, ""groupdro_eta"": 1.0, ""groupdro_gamma"": 0.9, ""groupdro_update_mode"": ""softmax"", ""groupdro_objective"": ""weighted"", ""groupdro_kl_lambda"": 0.0, ""groupdro_uniform_init"": true, ""log_interval"": 20, ""save_every"": 10, ""val_frac"": 0.2, ""impute_missing"": true, ""common_encoder"": false, ""use_regret"": true, ""optimal_losses"": [0.49934679966136675, 0.5924033531758973, 0.4240419712328326, 1.4799922526387188], ""data_split_seed"": 1001}","{""num_groups"": 4, ""num_classes"": 2, ""train_total"": 426, ""test_total"": 185, ""train_group_counts"": [193, 188, 20, 25], ""test_group_counts"": [61, 59, 25, 40], ""train_class_counts"": [233, 193], ""test_class_counts"": [83, 102], ""train_group_class_counts"": [[104, 89], [120, 68], [1, 19], [8, 17]], ""test_group_class_counts"": [[33, 28], [38, 21], [2, 23], [10, 30]], ""group_proportions"": [0.45305164319248825, 0.4413145539906103, 0.046948356807511735, 0.05868544600938967], ""val_group_counts"": [49, 47, 20, 32], ""val_total"": 148}","{""num_groups"": 4, ""eta"": 1.0, ""update_mode"": ""softmax"", ""robust_objective"": ""weighted"", ""gamma"": 0.9, ""kl_lambda"": 0.0, ""initial_pi"": [0.4530516564846039, 0.44131454825401306, 0.04694835841655731, 0.05868544429540634]}",2026-09-14T15:45:57.062995,11,0.3219470928112666,0.8333333333333334,0.001,0.7675675675675676,0.7758738538482912,0.6,0.92,"[0.7868852459016393, 0.7966101694915254, 0.92, 0.6]","[0.44095164317576613, 0.5251615192993717, 0.43726609577424824, 0.718331283563748]","[0.7831325301204819, 0.7549019607843137]","[[0.7878787878787878, 0.7857142857142857], [0.8421052631578947, 0.7142857142857143], [0.0, 1.0], [0.7, 0.5666666666666667]]","[61, 59, 25, 40]",0.7665854875150376,"[0.7859649122807018, 0.7781954887218046, 0.4791666666666667, 0.5733333333333334]",0.4791666666666667,0.718331283563748,0.7364864864864865,0.7551298577941815,0.59375,0.95,"[0.7959183673469388, 0.6808510638297872, 0.95, 0.59375]","[0.44726591123914233, 0.777813500784179, 0.2623538459884003, 0.6411715449066833]","[0.8181818181818182, 0.6707317073170732]","[[0.7037037037037037, 0.9090909090909091], [0.9, 0.29411764705882354], [0.0, 1.0], [1.0, 0.4583333333333333]]","[49, 47, 20, 32]",0.7364744555540337,"[0.7958333333333334, 0.5913043478260869, 0.48717948717948717, 0.5901477832512315]",0.48717948717948717,0.777813500784179,"[0.25, 0.25, 0.25, 0.25]","[0.38888639211654663, 0.36753857135772705, 0.07977719573924939, 0.346425077257057]","[0.25, 0.25, 0.25, 0.25]","[0.4530516564846039, 0.44131454825401306, 0.04694835841655731, 0.05868544429540634]",0.0
"{""run_name"": ""fedheart_exp_paper_hetagg_gdro"", ""seed"": 42, ""run_dir"": ""runs/fedheart_cv/RegretDRO_s42_f1"", ""use_fedheart"": true, ""num_classes"": 2, ""stratified_batching"": true, ""train_frac"": 0.8, ""group_max_train_samples"": [null, null, 20, 25], ""true_hetero_input_dim"": true, ""feature_mask"": [[0, 1, 2, 3, 5, 6, 7, 8, 9, 10], [0, 1, 2, 3, 5, 6, 11, 12], [0, 1, 2, 4, 5, 7, 11, 12], [0, 1, 2, 4, 5, 6, 8, 9, 10]], ""batch_size"": 64, ""num_workers"": 0, ""epochs"": 100, ""early_stopping_patience"": 30, ""lr"": 0.001, ""weight_decay"": 0.0001, ""optimizer"": ""adam"", ""grad_clip"": 1.0, ""lr_scheduler"": ""cosine"", ""lr_min"": 1e-05, ""latent_dim"": 64, ""head_hidden"": 32, ""groups"": [{""name"": ""cleveland"", ""encoder"": ""mlp_tabular_ln"", ""input_dim"": 10, ""hidden_dim"": 64, ""dropout"": 0.1}, {""name"": ""hungarian"", ""encoder"": ""mlp_tabular_ln"", ""input_dim"": 8, ""hidden_dim"": 64, ""dropout"": 0.1}, {""name"": ""switzerland"", ""encoder"": ""mlp_tabular_ln"", ""input_dim"": 8, ""hidden_dim"": 64, ""dropout"": 0.1}, {""name"": ""va_long_beach"", ""encoder"": ""mlp_tabular_ln"", ""input_dim"": 9, ""hidden_dim"": 64, ""dropout"": 0.1}], ""anchor_eps"": 0.0001, ""sep_samples_per_class"": 4, ""sep_method"": ""classifier"", ""sep_margin"": 1.0, ""lambda_fit"": 0.001, ""lambda_sep"": 0.001, ""groupdro_enabled"": true, ""groupdro_eta"": 1.0, ""groupdro_gamma"": 0.9, ""groupdro_update_mode"": ""softmax"", ""groupdro_objective"": ""weighted"", ""groupdro_kl_lambda"": 0.0, ""groupdro_uniform_init"": true, ""log_interval"": 20, ""save_every"": 10, ""val_frac"": 0.2, ""impute_missing"": true, ""common_encoder"": false, ""use_regret"": true, ""optimal_losses"": [0.49934679966136675, 0.5924033531758973, 0.4240419712328326, 1.4799922526387188], ""data_split_seed"": 1001}","{""num_groups"": 4, ""num_classes"": 2, ""train_total"": 426, ""test_total"": 185, ""train_group_counts"": [193, 188, 20, 25], ""test_group_counts"": [61, 59, 25, 40], ""train_class_counts"": [233, 193], ""test_class_counts"": [83, 102], ""train_group_class_counts"": [[104, 89], [120, 68], [1, 19], [8, 17]], ""test_group_class_counts"": [[33, 28], [38, 21], [2, 23], [10, 30]], ""group_proportions"": [0.45305164319248825, 0.4413145539906103, 0.046948356807511735, 0.05868544600938967], ""val_group_counts"": [49, 47, 20, 32], ""val_total"": 148}","{""num_groups"": 4, ""eta"": 1.0, ""update_mode"": ""softmax"", ""robust_objective"": ""weighted"", ""gamma"": 0.9, ""kl_lambda"": 0.0, ""initial_pi"": [0.4530516564846039, 0.44131454825401306, 0.04694835841655731, 0.05868544429540634]}",2026-09-14T15:45:57.062995,12,0.30315518875916797,0.8541666666666666,0.001,0.7621621621621621,0.7717754931925535,0.6,0.92,"[0.7704918032786885, 0.7966101694915254, 0.92, 0.6]","[0.4400960745320457, 0.5332674959011502, 0.4576018317695707, 0.7134372748434543]","[0.7590361445783133, 0.7647058823529411]","[[0.7272727272727273, 0.8214285714285714], [0.8421052631578947, 0.7142857142857143], [0.0, 1.0], [0.7, 0.5666666666666667]]","[61, 59, 25, 40]",0.7605882352941176,"[0.7704301075268817, 0.7781954887218046, 0.4791666666666667, 0.5733333333333334]",0.4791666666666667,0.7134372748434543,0.75,0.7655510475466782,0.59375,0.95,"[0.8163265306122449, 0.7021276595744681, 0.95, 0.59375]","[0.45232989103058163, 0.7821855230375807, 0.2747376139624976, 0.6137627927528229]","[0.8333333333333334, 0.6829268292682927]","[[0.7407407407407407, 0.9090909090909091], [0.9, 0.35294117647058826], [0.0, 1.0], [1.0, 0.4583333333333333]]","[49, 47, 20, 32]",0.7499885860384423,"[0.8163265306122449, 0.6278280542986425, 0.48717948717948717, 0.5901477832512315]",0.48717948717948717,0.7821855230375807,"[0.25, 0.25, 0.25, 0.25]","[0.4120659977197647, 0.3349499727288882, 0.08255981579228926, 0.28404545163114864]","[0.25, 0.25, 0.25, 0.25]","[0.4530516564846039, 0.44131454825401306, 0.04694835841655731, 0.05868544429540634]",0.0
"{""run_name"": ""fedheart_exp_paper_hetagg_gdro"", ""seed"": 42, ""run_dir"": ""runs/fedheart_cv/RegretDRO_s42_f1"", ""use_fedheart"": true, ""num_classes"": 2, ""stratified_batching"": true, ""train_frac"": 0.8, ""group_max_train_samples"": [null, null, 20, 25], ""true_hetero_input_dim"": true, ""feature_mask"": [[0, 1, 2, 3, 5, 6, 7, 8, 9, 10], [0, 1, 2, 3, 5, 6, 11, 12], [0, 1, 2, 4, 5, 7, 11, 12], [0, 1, 2, 4, 5, 6, 8, 9, 10]], ""batch_size"": 64, ""num_workers"": 0, ""epochs"": 100, ""early_stopping_patience"": 30, ""lr"": 0.001, ""weight_decay"": 0.0001, ""optimizer"": ""adam"", ""grad_clip"": 1.0, ""lr_scheduler"": ""cosine"", ""lr_min"": 1e-05, ""latent_dim"": 64, ""head_hidden"": 32, ""groups"": [{""name"": ""cleveland"", ""encoder"": ""mlp_tabular_ln"", ""input_dim"": 10, ""hidden_dim"": 64, ""dropout"": 0.1}, {""name"": ""hungarian"", ""encoder"": ""mlp_tabular_ln"", ""input_dim"": 8, ""hidden_dim"": 64, ""dropout"": 0.1}, {""name"": ""switzerland"", ""encoder"": ""mlp_tabular_ln"", ""input_dim"": 8, ""hidden_dim"": 64, ""dropout"": 0.1}, {""name"": ""va_long_beach"", ""encoder"": ""mlp_tabular_ln"", ""input_dim"": 9, ""hidden_dim"": 64, ""dropout"": 0.1}], ""anchor_eps"": 0.0001, ""sep_samples_per_class"": 4, ""sep_method"": ""classifier"", ""sep_margin"": 1.0, ""lambda_fit"": 0.001, ""lambda_sep"": 0.001, ""groupdro_enabled"": true, ""groupdro_eta"": 1.0, ""groupdro_gamma"": 0.9, ""groupdro_update_mode"": ""softmax"", ""groupdro_objective"": ""weighted"", ""groupdro_kl_lambda"": 0.0, ""groupdro_uniform_init"": true, ""log_interval"": 20, ""save_every"": 10, ""val_frac"": 0.2, ""impute_missing"": true, ""common_encoder"": false, ""use_regret"": true, ""optimal_losses"": [0.49934679966136675, 0.5924033531758973, 0.4240419712328326, 1.4799922526387188], ""data_split_seed"": 1001}","{""num_groups"": 4, ""num_classes"": 2, ""train_total"": 426, ""test_total"": 185, ""train_group_counts"": [193, 188, 20, 25], ""test_group_counts"": [61, 59, 25, 40], ""train_class_counts"": [233, 193], ""test_class_counts"": [83, 102], ""train_group_class_counts"": [[104, 89], [120, 68], [1, 19], [8, 17]], ""test_group_class_counts"": [[33, 28], [38, 21], [2, 23], [10, 30]], ""group_proportions"": [0.45305164319248825, 0.4413145539906103, 0.046948356807511735, 0.05868544600938967], ""val_group_counts"": [49, 47, 20, 32], ""val_total"": 148}","{""num_groups"": 4, ""eta"": 1.0, ""update_mode"": ""softmax"", ""robust_objective"": ""weighted"", ""gamma"": 0.9, ""kl_lambda"": 0.0, ""initial_pi"": [0.4530516564846039, 0.44131454825401306, 0.04694835841655731, 0.05868544429540634]}",2026-09-14T15:45:57.062995,13,0.30862239996592206,0.8515625,0.001,0.7675675675675676,0.7758738538482912,0.6,0.92,"[0.7868852459016393, 0.7966101694915254, 0.92, 0.6]","[0.4168706019943366, 0.5400638705971887, 0.47727261392399667, 0.753848994919099]","[0.7951807228915663, 0.7450980392156863]","[[0.8181818181818182, 0.75], [0.8421052631578947, 0.7142857142857143], [0.0, 1.0], [0.7, 0.5666666666666667]]","[61, 59, 25, 40]",0.7668864468864469,"[0.7848032564450476, 0.7781954887218046, 0.4791666666666667, 0.5733333333333334]",0.4791666666666667,0.753848994919099,0.75,0.7628405883630047,0.5625,0.95,"[0.8367346938775511, 0.7021276595744681, 0.95, 0.5625]","[0.4248189844799285, 0.7876734567925017, 0.28674517386825754, 0.6712073951493949]","[0.8636363636363636, 0.6585365853658537]","[[0.8148148148148148, 0.8636363636363636], [0.9, 0.35294117647058826], [0.0, 1.0], [1.0, 0.4166666666666667]]","[49, 47, 20, 32]",0.7498972368120576,"[0.8361204013377926, 0.6278280542986425, 0.48717948717948717, 0.5607843137254902]",0.48717948717948717,0.7876734567925017,"[0.25, 0.25, 0.25, 0.25]","[0.3849386970202128, 0.38117678463459015, 0.09475464544569452, 0.27887482941150665]","[0.25, 0.25, 0.25, 0.25]","[0.4530516564846039, 0.44131454825401306, 0.04694835841655731, 0.05868544429540634]",0.0
"{""run_name"": ""fedheart_exp_paper_hetagg_gdro"", ""seed"": 42, ""run_dir"": ""runs/fedheart_cv/RegretDRO_s42_f1"", ""use_fedheart"": true, ""num_classes"": 2, ""stratified_batching"": true, ""train_frac"": 0.8, ""group_max_train_samples"": [null, null, 20, 25], ""true_hetero_input_dim"": true, ""feature_mask"": [[0, 1, 2, 3, 5, 6, 7, 8, 9, 10], [0, 1, 2, 3, 5, 6, 11, 12], [0, 1, 2, 4, 5, 7, 11, 12], [0, 1, 2, 4, 5, 6, 8, 9, 10]], ""batch_size"": 64, ""num_workers"": 0, ""epochs"": 100, ""early_stopping_patience"": 30, ""lr"": 0.001, ""weight_decay"": 0.0001, ""optimizer"": ""adam"", ""grad_clip"": 1.0, ""lr_scheduler"": ""cosine"", ""lr_min"": 1e-05, ""latent_dim"": 64, ""head_hidden"": 32, ""groups"": [{""name"": ""cleveland"", ""encoder"": ""mlp_tabular_ln"", ""input_dim"": 10, ""hidden_dim"": 64, ""dropout"": 0.1}, {""name"": ""hungarian"", ""encoder"": ""mlp_tabular_ln"", ""input_dim"": 8, ""hidden_dim"": 64, ""dropout"": 0.1}, {""name"": ""switzerland"", ""encoder"": ""mlp_tabular_ln"", ""input_dim"": 8, ""hidden_dim"": 64, ""dropout"": 0.1}, {""name"": ""va_long_beach"", ""encoder"": ""mlp_tabular_ln"", ""input_dim"": 9, ""hidden_dim"": 64, ""dropout"": 0.1}], ""anchor_eps"": 0.0001, ""sep_samples_per_class"": 4, ""sep_method"": ""classifier"", ""sep_margin"": 1.0, ""lambda_fit"": 0.001, ""lambda_sep"": 0.001, ""groupdro_enabled"": true, ""groupdro_eta"": 1.0, ""groupdro_gamma"": 0.9, ""groupdro_update_mode"": ""softmax"", ""groupdro_objective"": ""weighted"", ""groupdro_kl_lambda"": 0.0, ""groupdro_uniform_init"": true, ""log_interval"": 20, ""save_every"": 10, ""val_frac"": 0.2, ""impute_missing"": true, ""common_encoder"": false, ""use_regret"": true, ""optimal_losses"": [0.49934679966136675, 0.5924033531758973, 0.4240419712328326, 1.4799922526387188], ""data_split_seed"": 1001}","{""num_groups"": 4, ""num_classes"": 2, ""train_total"": 426, ""test_total"": 185, ""train_group_counts"": [193, 188, 20, 25], ""test_group_counts"": [61, 59, 25, 40], ""train_class_counts"": [233, 193], ""test_class_counts"": [83, 102], ""train_group_class_counts"": [[104, 89], [120, 68], [1, 19], [8, 17]], ""test_group_class_counts"": [[33, 28], [38, 21], [2, 23], [10, 30]], ""group_proportions"": [0.45305164319248825, 0.4413145539906103, 0.046948356807511735, 0.05868544600938967], ""val_group_counts"": [49, 47, 20, 32], ""val_total"": 148}","{""num_groups"": 4, ""eta"": 1.0, ""update_mode"": ""softmax"", ""robust_objective"": ""weighted"", ""gamma"": 0.9, ""kl_lambda"": 0.0, ""initial_pi"": [0.4530516564846039, 0.44131454825401306, 0.04694835841655731, 0.05868544429540634]}",2026-09-14T15:45:57.062995,14,0.2929306775331497,0.8541666666666666,0.001,0.7567567567567568,0.7633738538482913,0.55,0.92,"[0.7868852459016393, 0.7966101694915254, 0.92, 0.55]","[0.41713552970866685, 0.5519566842812603, 0.4948869389621541, 0.8277144614607096]","[0.7951807228915663, 0.7254901960784313]","[[0.8181818181818182, 0.75], [0.8421052631578947, 0.7142857142857143], [0.0, 1.0], [0.7, 0.5]]","[61, 59, 25, 40]",0.7563010450513745,"[0.7848032564450476, 0.7781954887218046, 0.4791666666666667, 0.53125]",0.4791666666666667,0.8277144614607096,0.7297297297297297,0.744606898610508,0.53125,0.95,"[0.8163265306122449, 0.6808510638297872, 0.95, 0.53125]","[0.4204975105061823, 0.8006324088002773, 0.2989460616838187, 0.806490842718631]","[0.8484848484848485, 0.6341463414634146]","[[0.8148148148148148, 0.8181818181818182], [0.8666666666666667, 0.35294117647058826], [0.0, 1.0], [1.0, 0.375]]","[49, 47, 20, 32]",0.7295321637426901,"[0.8150943396226416, 0.6102819237147596, 0.48717948717948717, 0.530791788856305]",0.48717948717948717,0.806490842718631,"[0.25, 0.25, 0.25, 0.25]","[0.3869112233320872, 0.35195326805114746, 0.07384350732900202, 0.2674974352121353]","[0.25, 0.25, 0.25, 0.25]","[0.4530516564846039, 0.44131454825401306, 0.04694835841655731, 0.05868544429540634]",0.0
"{""run_name"": ""fedheart_exp_paper_hetagg_gdro"", ""seed"": 42, ""run_dir"": ""runs/fedheart_cv/RegretDRO_s42_f1"", ""use_fedheart"": true, ""num_classes"": 2, ""stratified_batching"": true, ""train_frac"": 0.8, ""group_max_train_samples"": [null, null, 20, 25], ""true_hetero_input_dim"": true, ""feature_mask"": [[0, 1, 2, 3, 5, 6, 7, 8, 9, 10], [0, 1, 2, 3, 5, 6, 11, 12], [0, 1, 2, 4, 5, 7, 11, 12], [0, 1, 2, 4, 5, 6, 8, 9, 10]], ""batch_size"": 64, ""num_workers"": 0, ""epochs"": 100, ""early_stopping_patience"": 30, ""lr"": 0.001, ""weight_decay"": 0.0001, ""optimizer"": ""adam"", ""grad_clip"": 1.0, ""lr_scheduler"": ""cosine"", ""lr_min"": 1e-05, ""latent_dim"": 64, ""head_hidden"": 32, ""groups"": [{""name"": ""cleveland"", ""encoder"": ""mlp_tabular_ln"", ""input_dim"": 10, ""hidden_dim"": 64, ""dropout"": 0.1}, {""name"": ""hungarian"", ""encoder"": ""mlp_tabular_ln"", ""input_dim"": 8, ""hidden_dim"": 64, ""dropout"": 0.1}, {""name"": ""switzerland"", ""encoder"": ""mlp_tabular_ln"", ""input_dim"": 8, ""hidden_dim"": 64, ""dropout"": 0.1}, {""name"": ""va_long_beach"", ""encoder"": ""mlp_tabular_ln"", ""input_dim"": 9, ""hidden_dim"": 64, ""dropout"": 0.1}], ""anchor_eps"": 0.0001, ""sep_samples_per_class"": 4, ""sep_method"": ""classifier"", ""sep_margin"": 1.0, ""lambda_fit"": 0.001, ""lambda_sep"": 0.001, ""groupdro_enabled"": true, ""groupdro_eta"": 1.0, ""groupdro_gamma"": 0.9, ""groupdro_update_mode"": ""softmax"", ""groupdro_objective"": ""weighted"", ""groupdro_kl_lambda"": 0.0, ""groupdro_uniform_init"": true, ""log_interval"": 20, ""save_every"": 10, ""val_frac"": 0.2, ""impute_missing"": true, ""common_encoder"": false, ""use_regret"": true, ""optimal_losses"": [0.49934679966136675, 0.5924033531758973, 0.4240419712328326, 1.4799922526387188], ""data_split_seed"": 1001}","{""num_groups"": 4, ""num_classes"": 2, ""train_total"": 426, ""test_total"": 185, ""train_group_counts"": [193, 188, 20, 25], ""test_group_counts"": [61, 59, 25, 40], ""train_class_counts"": [233, 193], ""test_class_counts"": [83, 102], ""train_group_class_counts"": [[104, 89], [120, 68], [1, 19], [8, 17]], ""test_group_class_counts"": [[33, 28], [38, 21], [2, 23], [10, 30]], ""group_proportions"": [0.45305164319248825, 0.4413145539906103, 0.046948356807511735, 0.05868544600938967], ""val_group_counts"": [49, 47, 20, 32], ""val_total"": 148}","{""num_groups"": 4, ""eta"": 1.0, ""update_mode"": ""softmax"", ""robust_objective"": ""weighted"", ""gamma"": 0.9, ""kl_lambda"": 0.0, ""initial_pi"": [0.4530516564846039, 0.44131454825401306, 0.04694835841655731, 0.05868544429540634]}",2026-09-14T15:45:57.062995,15,0.29287444551785785,0.8567708333333334,0.001,0.7567567567567568,0.7633738538482913,0.55,0.92,"[0.7868852459016393, 0.7966101694915254, 0.92, 0.55]","[0.4272563739939303, 0.5632177745702408, 0.5189085508743301, 0.8546527699683792]","[0.7951807228915663, 0.7254901960784313]","[[0.8181818181818182, 0.75], [0.8421052631578947, 0.7142857142857143], [0.0, 1.0], [0.7, 0.5]]","[61, 59, 25, 40]",0.7563010450513745,"[0.7848032564450476, 0.7781954887218046, 0.4791666666666667, 0.53125]",0.4791666666666667,0.8546527699683792,0.7364864864864865,0.7497089394268346,0.53125,0.95,"[0.8367346938775511, 0.6808510638297872, 0.95, 0.53125]","[0.4258151233804469, 0.7937219843981748, 0.31486990106641316, 0.83967553570983]","[0.8484848484848485, 0.6463414634146342]","[[0.8148148148148148, 0.8636363636363636], [0.8666666666666667, 0.35294117647058826], [0.0, 1.0], [1.0, 0.375]]","[49, 47, 20, 32]",0.7363781685316282,"[0.8361204013377926, 0.6102819237147596, 0.48717948717948717, 0.530791788856305]",0.48717948717948717,0.83967553570983,"[0.25537019968032837, 0.24820992350578308, 0.24820992350578308, 0.24820992350578308]","[0.3964542746543884, 0.364195058743159, 0.0791378147356833, 0.24467414617538452]","[0.25089503328005475, 0.24970165391763052, 0.24970165391763052, 0.24970165391763052]","[0.4530516564846039, 0.44131454825401306, 0.04694835841655731, 0.05868544429540634]",0.0
"{""run_name"": ""fedheart_exp_paper_hetagg_gdro"", ""seed"": 42, ""run_dir"": ""runs/fedheart_cv/RegretDRO_s42_f1"", ""use_fedheart"": true, ""num_classes"": 2, ""stratified_batching"": true, ""train_frac"": 0.8, ""group_max_train_samples"": [null, null, 20, 25], ""true_hetero_input_dim"": true, ""feature_mask"": [[0, 1, 2, 3, 5, 6, 7, 8, 9, 10], [0, 1, 2, 3, 5, 6, 11, 12], [0, 1, 2, 4, 5, 7, 11, 12], [0, 1, 2, 4, 5, 6, 8, 9, 10]], ""batch_size"": 64, ""num_workers"": 0, ""epochs"": 100, ""early_stopping_patience"": 30, ""lr"": 0.001, ""weight_decay"": 0.0001, ""optimizer"": ""adam"", ""grad_clip"": 1.0, ""lr_scheduler"": ""cosine"", ""lr_min"": 1e-05, ""latent_dim"": 64, ""head_hidden"": 32, ""groups"": [{""name"": ""cleveland"", ""encoder"": ""mlp_tabular_ln"", ""input_dim"": 10, ""hidden_dim"": 64, ""dropout"": 0.1}, {""name"": ""hungarian"", ""encoder"": ""mlp_tabular_ln"", ""input_dim"": 8, ""hidden_dim"": 64, ""dropout"": 0.1}, {""name"": ""switzerland"", ""encoder"": ""mlp_tabular_ln"", ""input_dim"": 8, ""hidden_dim"": 64, ""dropout"": 0.1}, {""name"": ""va_long_beach"", ""encoder"": ""mlp_tabular_ln"", ""input_dim"": 9, ""hidden_dim"": 64, ""dropout"": 0.1}], ""anchor_eps"": 0.0001, ""sep_samples_per_class"": 4, ""sep_method"": ""classifier"", ""sep_margin"": 1.0, ""lambda_fit"": 0.001, ""lambda_sep"": 0.001, ""groupdro_enabled"": true, ""groupdro_eta"": 1.0, ""groupdro_gamma"": 0.9, ""groupdro_update_mode"": ""softmax"", ""groupdro_objective"": ""weighted"", ""groupdro_kl_lambda"": 0.0, ""groupdro_uniform_init"": true, ""log_interval"": 20, ""save_every"": 10, ""val_frac"": 0.2, ""impute_missing"": true, ""common_encoder"": false, ""use_regret"": true, ""optimal_losses"": [0.49934679966136675, 0.5924033531758973, 0.4240419712328326, 1.4799922526387188], ""data_split_seed"": 1001}","{""num_groups"": 4, ""num_classes"": 2, ""train_total"": 426, ""test_total"": 185, ""train_group_counts"": [193, 188, 20, 25], ""test_group_counts"": [61, 59, 25, 40], ""train_class_counts"": [233, 193], ""test_class_counts"": [83, 102], ""train_group_class_counts"": [[104, 89], [120, 68], [1, 19], [8, 17]], ""test_group_class_counts"": [[33, 28], [38, 21], [2, 23], [10, 30]], ""group_proportions"": [0.45305164319248825, 0.4413145539906103, 0.046948356807511735, 0.05868544600938967], ""val_group_counts"": [49, 47, 20, 32], ""val_total"": 148}","{""num_groups"": 4, ""eta"": 1.0, ""update_mode"": ""softmax"", ""robust_objective"": ""weighted"", ""gamma"": 0.9, ""kl_lambda"": 0.0, ""initial_pi"": [0.4530516564846039, 0.44131454825401306, 0.04694835841655731, 0.05868544429540634]}",2026-09-14T15:45:57.062995,16,0.2578609163562457,0.8619791666666666,0.001,0.7567567567567568,0.7633738538482913,0.55,0.92,"[0.7868852459016393, 0.7966101694915254, 0.92, 0.55]","[0.4371452768195848, 0.5631577166397188, 0.5487152363290079, 0.8558710357698146]","[0.7710843373493976, 0.7450980392156863]","[[0.7878787878787878, 0.7857142857142857], [0.8421052631578947, 0.7142857142857143], [0.0, 1.0], [0.6, 0.5333333333333333]]","[61, 59, 25, 40]",0.7557289985622488,"[0.7859649122807018, 0.7781954887218046, 0.4791666666666667, 0.52]",0.4791666666666667,0.8558710357698146,0.7432432432432432,0.7600147904906643,0.59375,0.95,"[0.8367346938775511, 0.6595744680851063, 0.95, 0.59375]","[0.4286483982387854, 0.7825547696903665, 0.33374869781546296, 0.8022503567335662]","[0.8333333333333334, 0.6707317073170732]","[[0.8148148148148148, 0.8636363636363636], [0.8666666666666667, 0.29411764705882354], [0.0, 1.0], [0.875, 0.5]]","[49, 47, 20, 32]",0.7432432432432432,"[0.8361204013377926, 0.574660633484163, 0.48717948717948717, 0.5835835835835836]",0.48717948717948717,0.8022503567335662,"[0.25, 0.25, 0.25, 0.25]","[0.34144337972005206, 0.34653301537036896, 0.05804229504428804, 0.200538982792447]","[0.25, 0.25, 0.25, 0.25]","[0.4530516564846039, 0.44131454825401306, 0.04694835841655731, 0.05868544429540634]",0.0
"{""run_name"": ""fedheart_exp_paper_hetagg_gdro"", ""seed"": 42, ""run_dir"": ""runs/fedheart_cv/RegretDRO_s42_f1"", ""use_fedheart"": true, ""num_classes"": 2, ""stratified_batching"": true, ""train_frac"": 0.8, ""group_max_train_samples"": [null, null, 20, 25], ""true_hetero_input_dim"": true, ""feature_mask"": [[0, 1, 2, 3, 5, 6, 7, 8, 9, 10], [0, 1, 2, 3, 5, 6, 11, 12], [0, 1, 2, 4, 5, 7, 11, 12], [0, 1, 2, 4, 5, 6, 8, 9, 10]], ""batch_size"": 64, ""num_workers"": 0, ""epochs"": 100, ""early_stopping_patience"": 30, ""lr"": 0.001, ""weight_decay"": 0.0001, ""optimizer"": ""adam"", ""grad_clip"": 1.0, ""lr_scheduler"": ""cosine"", ""lr_min"": 1e-05, ""latent_dim"": 64, ""head_hidden"": 32, ""groups"": [{""name"": ""cleveland"", ""encoder"": ""mlp_tabular_ln"", ""input_dim"": 10, ""hidden_dim"": 64, ""dropout"": 0.1}, {""name"": ""hungarian"", ""encoder"": ""mlp_tabular_ln"", ""input_dim"": 8, ""hidden_dim"": 64, ""dropout"": 0.1}, {""name"": ""switzerland"", ""encoder"": ""mlp_tabular_ln"", ""input_dim"": 8, ""hidden_dim"": 64, ""dropout"": 0.1}, {""name"": ""va_long_beach"", ""encoder"": ""mlp_tabular_ln"", ""input_dim"": 9, ""hidden_dim"": 64, ""dropout"": 0.1}], ""anchor_eps"": 0.0001, ""sep_samples_per_class"": 4, ""sep_method"": ""classifier"", ""sep_margin"": 1.0, ""lambda_fit"": 0.001, ""lambda_sep"": 0.001, ""groupdro_enabled"": true, ""groupdro_eta"": 1.0, ""groupdro_gamma"": 0.9, ""groupdro_update_mode"": ""softmax"", ""groupdro_objective"": ""weighted"", ""groupdro_kl_lambda"": 0.0, ""groupdro_uniform_init"": true, ""log_interval"": 20, ""save_every"": 10, ""val_frac"": 0.2, ""impute_missing"": true, ""common_encoder"": false, ""use_regret"": true, ""optimal_losses"": [0.49934679966136675, 0.5924033531758973, 0.4240419712328326, 1.4799922526387188], ""data_split_seed"": 1001}","{""num_groups"": 4, ""num_classes"": 2, ""train_total"": 426, ""test_total"": 185, ""train_group_counts"": [193, 188, 20, 25], ""test_group_counts"": [61, 59, 25, 40], ""train_class_counts"": [233, 193], ""test_class_counts"": [83, 102], ""train_group_class_counts"": [[104, 89], [120, 68], [1, 19], [8, 17]], ""test_group_class_counts"": [[33, 28], [38, 21], [2, 23], [10, 30]], ""group_proportions"": [0.45305164319248825, 0.4413145539906103, 0.046948356807511735, 0.05868544600938967], ""val_group_counts"": [49, 47, 20, 32], ""val_total"": 148}","{""num_groups"": 4, ""eta"": 1.0, ""update_mode"": ""softmax"", ""robust_objective"": ""weighted"", ""gamma"": 0.9, ""kl_lambda"": 0.0, ""initial_pi"": [0.4530516564846039, 0.44131454825401306, 0.04694835841655731, 0.05868544429540634]}",2026-09-14T15:45:57.062995,17,0.26851767549912137,0.8776041666666666,0.001,0.7675675675675676,0.7780254931925534,0.625,0.92,"[0.7704918032786885, 0.7966101694915254, 0.92, 0.625]","[0.4305443453800971, 0.5682034130855385, 0.5764578461181372, 0.8583931295084767]","[0.7590361445783133, 0.7745098039215687]","[[0.7878787878787878, 0.75], [0.8421052631578947, 0.7142857142857143], [0.0, 1.0], [0.5, 0.6666666666666666]]","[61, 59, 25, 40]",0.7658158909594042,"[0.7689393939393939, 0.7781954887218046, 0.4791666666666667, 0.5636363636363636]",0.4791666666666667,0.8583931295084767,0.7432432432432432,0.7600147904906643,0.59375,0.95,"[0.8367346938775511, 0.6595744680851063, 0.95, 0.59375]","[0.4188515979948701, 0.7935933777468002, 0.35224713617062664, 0.7939855468175665]","[0.8333333333333334, 0.6707317073170732]","[[0.8148148148148148, 0.8636363636363636], [0.8666666666666667, 0.29411764705882354], [0.0, 1.0], [0.875, 0.5]]","[49, 47, 20, 32]",0.7432432432432432,"[0.8361204013377926, 0.574660633484163, 0.48717948717948717, 0.5835835835835836]",0.48717948717948717,0.7939855468175665,"[0.25, 0.25, 0.25, 0.25]","[0.34658237795035046, 0.37846611936887103, 0.04352035427776476, 0.22230744237701097]","[0.24937810997168222, 0.2518656601508458, 0.24937810997168222, 0.24937810997168222]","[0.4530516564846039, 0.44131454825401306, 0.04694835841655731, 0.05868544429540634]",0.0
"{""run_name"": ""fedheart_exp_paper_hetagg_gdro"", ""seed"": 42, ""run_dir"": ""runs/fedheart_cv/RegretDRO_s42_f1"", ""use_fedheart"": true, ""num_classes"": 2, ""stratified_batching"": true, ""train_frac"": 0.8, ""group_max_train_samples"": [null, null, 20, 25], ""true_hetero_input_dim"": true, ""feature_mask"": [[0, 1, 2, 3, 5, 6, 7, 8, 9, 10], [0, 1, 2, 3, 5, 6, 11, 12], [0, 1, 2, 4, 5, 7, 11, 12], [0, 1, 2, 4, 5, 6, 8, 9, 10]], ""batch_size"": 64, ""num_workers"": 0, ""epochs"": 100, ""early_stopping_patience"": 30, ""lr"": 0.001, ""weight_decay"": 0.0001, ""optimizer"": ""adam"", ""grad_clip"": 1.0, ""lr_scheduler"": ""cosine"", ""lr_min"": 1e-05, ""latent_dim"": 64, ""head_hidden"": 32, ""groups"": [{""name"": ""cleveland"", ""encoder"": ""mlp_tabular_ln"", ""input_dim"": 10, ""hidden_dim"": 64, ""dropout"": 0.1}, {""name"": ""hungarian"", ""encoder"": ""mlp_tabular_ln"", ""input_dim"": 8, ""hidden_dim"": 64, ""dropout"": 0.1}, {""name"": ""switzerland"", ""encoder"": ""mlp_tabular_ln"", ""input_dim"": 8, ""hidden_dim"": 64, ""dropout"": 0.1}, {""name"": ""va_long_beach"", ""encoder"": ""mlp_tabular_ln"", ""input_dim"": 9, ""hidden_dim"": 64, ""dropout"": 0.1}], ""anchor_eps"": 0.0001, ""sep_samples_per_class"": 4, ""sep_method"": ""classifier"", ""sep_margin"": 1.0, ""lambda_fit"": 0.001, ""lambda_sep"": 0.001, ""groupdro_enabled"": true, ""groupdro_eta"": 1.0, ""groupdro_gamma"": 0.9, ""groupdro_update_mode"": ""softmax"", ""groupdro_objective"": ""weighted"", ""groupdro_kl_lambda"": 0.0, ""groupdro_uniform_init"": true, ""log_interval"": 20, ""save_every"": 10, ""val_frac"": 0.2, ""impute_missing"": true, ""common_encoder"": false, ""use_regret"": true, ""optimal_losses"": [0.49934679966136675, 0.5924033531758973, 0.4240419712328326, 1.4799922526387188], ""data_split_seed"": 1001}","{""num_groups"": 4, ""num_classes"": 2, ""train_total"": 426, ""test_total"": 185, ""train_group_counts"": [193, 188, 20, 25], ""test_group_counts"": [61, 59, 25, 40], ""train_class_counts"": [233, 193], ""test_class_counts"": [83, 102], ""train_group_class_counts"": [[104, 89], [120, 68], [1, 19], [8, 17]], ""test_group_class_counts"": [[33, 28], [38, 21], [2, 23], [10, 30]], ""group_proportions"": [0.45305164319248825, 0.4413145539906103, 0.046948356807511735, 0.05868544600938967], ""val_group_counts"": [49, 47, 20, 32], ""val_total"": 148}","{""num_groups"": 4, ""eta"": 1.0, ""update_mode"": ""softmax"", ""robust_objective"": ""weighted"", ""gamma"": 0.9, ""kl_lambda"": 0.0, ""initial_pi"": [0.4530516564846039, 0.44131454825401306, 0.04694835841655731, 0.05868544429540634]}",2026-09-14T15:45:57.062995,18,0.23840287576119104,0.8932291666666666,0.001,0.7567567567567568,0.769550916921367,0.625,0.92,"[0.7704918032786885, 0.7627118644067796, 0.92, 0.625]","[0.4404667354204127, 0.5620067284710831, 0.608684322257759, 0.8771791111881612]","[0.7590361445783133, 0.7549019607843137]","[[0.7878787878787878, 0.75], [0.8421052631578947, 0.6190476190476191], [0.0, 1.0], [0.5, 0.6666666666666666]]","[61, 59, 25, 40]",0.7553557259984132,"[0.7689393939393939, 0.7352564102564103, 0.4791666666666667, 0.5636363636363636]",0.4791666666666667,0.8771791111881612,0.7364864864864865,0.7546956415544941,0.59375,0.95,"[0.8367346938775511, 0.6382978723404256, 0.95, 0.59375]","[0.4268317320479118, 0.7904673752949593, 0.3744177371452679, 0.8152358607512724]","[0.8333333333333334, 0.6585365853658537]","[[0.8148148148148148, 0.8636363636363636], [0.8666666666666667, 0.23529411764705882], [0.0, 1.0], [0.875, 0.5]]","[49, 47, 20, 32]",0.7364744555540338,"[0.8361204013377926, 0.5368115942028986, 0.48717948717948717, 0.5835835835835836]",0.48717948717948717,0.8152358607512724,"[0.25, 0.25, 0.25, 0.25]","[0.32441189885139465, 0.31915897130966187, 0.047516744739065565, 0.18246646163364252]","[0.25, 0.25, 0.25, 0.25]","[0.4530516564846039, 0.44131454825401306, 0.04694835841655731, 0.05868544429540634]",0.0
"{""run_name"": ""fedheart_exp_paper_hetagg_gdro"", ""seed"": 42, ""run_dir"": ""runs/fedheart_cv/RegretDRO_s42_f1"", ""use_fedheart"": true, ""num_classes"": 2, ""stratified_batching"": true, ""train_frac"": 0.8, ""group_max_train_samples"": [null, null, 20, 25], ""true_hetero_input_dim"": true, ""feature_mask"": [[0, 1, 2, 3, 5, 6, 7, 8, 9, 10], [0, 1, 2, 3, 5, 6, 11, 12], [0, 1, 2, 4, 5, 7, 11, 12], [0, 1, 2, 4, 5, 6, 8, 9, 10]], ""batch_size"": 64, ""num_workers"": 0, ""epochs"": 100, ""early_stopping_patience"": 30, ""lr"": 0.001, ""weight_decay"": 0.0001, ""optimizer"": ""adam"", ""grad_clip"": 1.0, ""lr_scheduler"": ""cosine"", ""lr_min"": 1e-05, ""latent_dim"": 64, ""head_hidden"": 32, ""groups"": [{""name"": ""cleveland"", ""encoder"": ""mlp_tabular_ln"", ""input_dim"": 10, ""hidden_dim"": 64, ""dropout"": 0.1}, {""name"": ""hungarian"", ""encoder"": ""mlp_tabular_ln"", ""input_dim"": 8, ""hidden_dim"": 64, ""dropout"": 0.1}, {""name"": ""switzerland"", ""encoder"": ""mlp_tabular_ln"", ""input_dim"": 8, ""hidden_dim"": 64, ""dropout"": 0.1}, {""name"": ""va_long_beach"", ""encoder"": ""mlp_tabular_ln"", ""input_dim"": 9, ""hidden_dim"": 64, ""dropout"": 0.1}], ""anchor_eps"": 0.0001, ""sep_samples_per_class"": 4, ""sep_method"": ""classifier"", ""sep_margin"": 1.0, ""lambda_fit"": 0.001, ""lambda_sep"": 0.001, ""groupdro_enabled"": true, ""groupdro_eta"": 1.0, ""groupdro_gamma"": 0.9, ""groupdro_update_mode"": ""softmax"", ""groupdro_objective"": ""weighted"", ""groupdro_kl_lambda"": 0.0, ""groupdro_uniform_init"": true, ""log_interval"": 20, ""save_every"": 10, ""val_frac"": 0.2, ""impute_missing"": true, ""common_encoder"": false, ""use_regret"": true, ""optimal_losses"": [0.49934679966136675, 0.5924033531758973, 0.4240419712328326, 1.4799922526387188], ""data_split_seed"": 1001}","{""num_groups"": 4, ""num_classes"": 2, ""train_total"": 426, ""test_total"": 185, ""train_group_counts"": [193, 188, 20, 25], ""test_group_counts"": [61, 59, 25, 40], ""train_class_counts"": [233, 193], ""test_class_counts"": [83, 102], ""train_group_class_counts"": [[104, 89], [120, 68], [1, 19], [8, 17]], ""test_group_class_counts"": [[33, 28], [38, 21], [2, 23], [10, 30]], ""group_proportions"": [0.45305164319248825, 0.4413145539906103, 0.046948356807511735, 0.05868544600938967], ""val_group_counts"": [49, 47, 20, 32], ""val_total"": 148}","{""num_groups"": 4, ""eta"": 1.0, ""update_mode"": ""softmax"", ""robust_objective"": ""weighted"", ""gamma"": 0.9, ""kl_lambda"": 0.0, ""initial_pi"": [0.4530516564846039, 0.44131454825401306, 0.04694835841655731, 0.05868544429540634]}",2026-09-14T15:45:57.062995,19,0.260428046186765,0.8776041666666666,0.001,0.7621621621621621,0.7736492775771048,0.625,0.92,"[0.7868852459016393, 0.7627118644067796, 0.92, 0.625]","[0.45610713686977256, 0.5655276379942641, 0.6253740021470002, 0.923294037708547]","[0.7710843373493976, 0.7549019607843137]","[[0.7878787878787878, 0.7857142857142857], [0.868421052631579, 0.5714285714285714], [0.0, 1.0], [0.5, 0.6666666666666666]]","[61, 59, 25, 40]",0.7609819121447028,"[0.7859649122807018, 0.7282894736842105, 0.4791666666666667, 0.5636363636363636]",0.4791666666666667,0.923294037708547,0.7297297297297297,0.749376492618324,0.59375,0.95,"[0.8367346938775511, 0.6170212765957447, 0.95, 0.59375]","[0.4381660095853161, 0.7972213465007062, 0.385233186862024, 0.882158780037571]","[0.8333333333333334, 0.6463414634146342]","[[0.8148148148148148, 0.8636363636363636], [0.8666666666666667, 0.17647058823529413], [0.0, 1.0], [0.875, 0.5]]","[49, 47, 20, 32]",0.7296803652968037,"[0.8361204013377926, 0.49642857142857144, 0.48717948717948717, 0.5835835835835836]",0.48717948717948717,0.882158780037571,"[0.25, 0.25, 0.25, 0.25]","[0.33293674141168594, 0.3460905080040296, 0.07444126246749268, 0.209050623079141]","[0.25, 0.25, 0.25, 0.25]","[0.4530516564846039, 0.44131454825401306, 0.04694835841655731, 0.05868544429540634]",0.0
"{""run_name"": ""fedheart_exp_paper_hetagg_gdro"", ""seed"": 42, ""run_dir"": ""runs/fedheart_cv/RegretDRO_s42_f1"", ""use_fedheart"": true, ""num_classes"": 2, ""stratified_batching"": true, ""train_frac"": 0.8, ""group_max_train_samples"": [null, null, 20, 25], ""true_hetero_input_dim"": true, ""feature_mask"": [[0, 1, 2, 3, 5, 6, 7, 8, 9, 10], [0, 1, 2, 3, 5, 6, 11, 12], [0, 1, 2, 4, 5, 7, 11, 12], [0, 1, 2, 4, 5, 6, 8, 9, 10]], ""batch_size"": 64, ""num_workers"": 0, ""epochs"": 100, ""early_stopping_patience"": 30, ""lr"": 0.001, ""weight_decay"": 0.0001, ""optimizer"": ""adam"", ""grad_clip"": 1.0, ""lr_scheduler"": ""cosine"", ""lr_min"": 1e-05, ""latent_dim"": 64, ""head_hidden"": 32, ""groups"": [{""name"": ""cleveland"", ""encoder"": ""mlp_tabular_ln"", ""input_dim"": 10, ""hidden_dim"": 64, ""dropout"": 0.1}, {""name"": ""hungarian"", ""encoder"": ""mlp_tabular_ln"", ""input_dim"": 8, ""hidden_dim"": 64, ""dropout"": 0.1}, {""name"": ""switzerland"", ""encoder"": ""mlp_tabular_ln"", ""input_dim"": 8, ""hidden_dim"": 64, ""dropout"": 0.1}, {""name"": ""va_long_beach"", ""encoder"": ""mlp_tabular_ln"", ""input_dim"": 9, ""hidden_dim"": 64, ""dropout"": 0.1}], ""anchor_eps"": 0.0001, ""sep_samples_per_class"": 4, ""sep_method"": ""classifier"", ""sep_margin"": 1.0, ""lambda_fit"": 0.001, ""lambda_sep"": 0.001, ""groupdro_enabled"": true, ""groupdro_eta"": 1.0, ""groupdro_gamma"": 0.9, ""groupdro_update_mode"": ""softmax"", ""groupdro_objective"": ""weighted"", ""groupdro_kl_lambda"": 0.0, ""groupdro_uniform_init"": true, ""log_interval"": 20, ""save_every"": 10, ""val_frac"": 0.2, ""impute_missing"": true, ""common_encoder"": false, ""use_regret"": true, ""optimal_losses"": [0.49934679966136675, 0.5924033531758973, 0.4240419712328326, 1.4799922526387188], ""data_split_seed"": 1001}","{""num_groups"": 4, ""num_classes"": 2, ""train_total"": 426, ""test_total"": 185, ""train_group_counts"": [193, 188, 20, 25], ""test_group_counts"": [61, 59, 25, 40], ""train_class_counts"": [233, 193], ""test_class_counts"": [83, 102], ""train_group_class_counts"": [[104, 89], [120, 68], [1, 19], [8, 17]], ""test_group_class_counts"": [[33, 28], [38, 21], [2, 23], [10, 30]], ""group_proportions"": [0.45305164319248825, 0.4413145539906103, 0.046948356807511735, 0.05868544600938967], ""val_group_counts"": [49, 47, 20, 32], ""val_total"": 148}","{""num_groups"": 4, ""eta"": 1.0, ""update_mode"": ""softmax"", ""robust_objective"": ""weighted"", ""gamma"": 0.9, ""kl_lambda"": 0.0, ""initial_pi"": [0.4530516564846039, 0.44131454825401306, 0.04694835841655731, 0.05868544429540634]}",2026-09-14T15:45:57.062995,20,0.24164843807617822,0.8697916666666666,0.001,0.7783783783783784,0.7905254931925535,0.675,0.92,"[0.7704918032786885, 0.7966101694915254, 0.92, 0.675]","[0.45821198459226087, 0.5868356597088908, 0.6439524622971657, 0.9419130764814326]","[0.7469879518072289, 0.803921568627451]","[[0.7575757575757576, 0.7857142857142857], [0.8421052631578947, 0.7142857142857143], [0.0, 1.0], [0.5, 0.7333333333333333]]","[61, 59, 25, 40]",0.7757575757575758,"[0.7699353448275861, 0.7781954887218046, 0.4791666666666667, 0.6033562166285278]",0.4791666666666667,0.9419130764814326,0.7364864864864865,0.7549127496743377,0.59375,0.95,"[0.8163265306122449, 0.6595744680851063, 0.95, 0.59375]","[0.434635070618242, 0.8046985685508302, 0.3980163615946367, 0.8981009605486179]","[0.8333333333333334, 0.6585365853658537]","[[0.8148148148148148, 0.8181818181818182], [0.8666666666666667, 0.29411764705882354], [0.0, 1.0], [0.875, 0.5]]","[49, 47, 20, 32]",0.7364744555540338,"[0.8150943396226416, 0.574660633484163, 0.48717948717948717, 0.5835835835835836]",0.48717948717948717,0.8981009605486179,"[0.25, 0.25, 0.25, 0.25]","[0.3317206601301829, 0.33365953465302783, 0.03386616938708661, 0.18946976214647293]","[0.2505781799554825, 0.24980727583169937, 0.24980727583169937, 0.24980727583169937]","[0.4530516564846039, 0.44131454825401306, 0.04694835841655731, 0.05868544429540634]",0.0
"{""run_name"": ""fedheart_exp_paper_hetagg_gdro"", ""seed"": 42, ""run_dir"": ""runs/fedheart_cv/RegretDRO_s42_f1"", ""use_fedheart"": true, ""num_classes"": 2, ""stratified_batching"": true, ""train_frac"": 0.8, ""group_max_train_samples"": [null, null, 20, 25], ""true_hetero_input_dim"": true, ""feature_mask"": [[0, 1, 2, 3, 5, 6, 7, 8, 9, 10], [0, 1, 2, 3, 5, 6, 11, 12], [0, 1, 2, 4, 5, 7, 11, 12], [0, 1, 2, 4, 5, 6, 8, 9, 10]], ""batch_size"": 64, ""num_workers"": 0, ""epochs"": 100, ""early_stopping_patience"": 30, ""lr"": 0.001, ""weight_decay"": 0.0001, ""optimizer"": ""adam"", ""grad_clip"": 1.0, ""lr_scheduler"": ""cosine"", ""lr_min"": 1e-05, ""latent_dim"": 64, ""head_hidden"": 32, ""groups"": [{""name"": ""cleveland"", ""encoder"": ""mlp_tabular_ln"", ""input_dim"": 10, ""hidden_dim"": 64, ""dropout"": 0.1}, {""name"": ""hungarian"", ""encoder"": ""mlp_tabular_ln"", ""input_dim"": 8, ""hidden_dim"": 64, ""dropout"": 0.1}, {""name"": ""switzerland"", ""encoder"": ""mlp_tabular_ln"", ""input_dim"": 8, ""hidden_dim"": 64, ""dropout"": 0.1}, {""name"": ""va_long_beach"", ""encoder"": ""mlp_tabular_ln"", ""input_dim"": 9, ""hidden_dim"": 64, ""dropout"": 0.1}], ""anchor_eps"": 0.0001, ""sep_samples_per_class"": 4, ""sep_method"": ""classifier"", ""sep_margin"": 1.0, ""lambda_fit"": 0.001, ""lambda_sep"": 0.001, ""groupdro_enabled"": true, ""groupdro_eta"": 1.0, ""groupdro_gamma"": 0.9, ""groupdro_update_mode"": ""softmax"", ""groupdro_objective"": ""weighted"", ""groupdro_kl_lambda"": 0.0, ""groupdro_uniform_init"": true, ""log_interval"": 20, ""save_every"": 10, ""val_frac"": 0.2, ""impute_missing"": true, ""common_encoder"": false, ""use_regret"": true, ""optimal_losses"": [0.49934679966136675, 0.5924033531758973, 0.4240419712328326, 1.4799922526387188], ""data_split_seed"": 1001}","{""num_groups"": 4, ""num_classes"": 2, ""train_total"": 426, ""test_total"": 185, ""train_group_counts"": [193, 188, 20, 25], ""test_group_counts"": [61, 59, 25, 40], ""train_class_counts"": [233, 193], ""test_class_counts"": [83, 102], ""train_group_class_counts"": [[104, 89], [120, 68], [1, 19], [8, 17]], ""test_group_class_counts"": [[33, 28], [38, 21], [2, 23], [10, 30]], ""group_proportions"": [0.45305164319248825, 0.4413145539906103, 0.046948356807511735, 0.05868544600938967], ""val_group_counts"": [49, 47, 20, 32], ""val_total"": 148}","{""num_groups"": 4, ""eta"": 1.0, ""update_mode"": ""softmax"", ""robust_objective"": ""weighted"", ""gamma"": 0.9, ""kl_lambda"": 0.0, ""initial_pi"": [0.4530516564846039, 0.44131454825401306, 0.04694835841655731, 0.05868544429540634]}",2026-09-14T15:45:57.062995,21,0.22887872407833734,0.875,0.001,0.7621621621621621,0.7737882050569602,0.625,0.92,"[0.7704918032786885, 0.7796610169491526, 0.92, 0.625]","[0.4513430146836355, 0.6057048704696156, 0.6521561358839972, 1.0060659766735625]","[0.7469879518072289, 0.7745098039215687]","[[0.7575757575757576, 0.7857142857142857], [0.8421052631578947, 0.6666666666666666], [0.0, 1.0], [0.5, 0.6666666666666666]]","[61, 59, 25, 40]",0.7601367279585101,"[0.7699353448275861, 0.7570478302185619, 0.4791666666666667, 0.5636363636363636]",0.4791666666666667,1.0060659766735625,0.7432432432432432,0.7600147904906643,0.59375,0.95,"[0.8367346938775511, 0.6595744680851063, 0.95, 0.59375]","[0.431987880767152, 0.82551800229765, 0.40426273699849846, 1.0199068677247851]","[0.8333333333333334, 0.6707317073170732]","[[0.8148148148148148, 0.8636363636363636], [0.8666666666666667, 0.29411764705882354], [0.0, 1.0], [0.875, 0.5]]","[49, 47, 20, 32]",0.7432432432432432,"[0.8361204013377926, 0.574660633484163, 0.48717948717948717, 0.5835835835835836]",0.48717948717948717,1.0199068677247851,"[0.25, 0.25, 0.25, 0.25]","[0.35140491525332135, 0.31157472481330234, 0.01659867326573779, 0.15884506578246751]","[0.25, 0.25, 0.25, 0.25]","[0.4530516564846039, 0.44131454825401306, 0.04694835841655731, 0.05868544429540634]",0.0
"{""run_name"": ""fedheart_exp_paper_hetagg_gdro"", ""seed"": 42, ""run_dir"": ""runs/fedheart_cv/RegretDRO_s42_f1"", ""use_fedheart"": true, ""num_classes"": 2, ""stratified_batching"": true, ""train_frac"": 0.8, ""group_max_train_samples"": [null, null, 20, 25], ""true_hetero_input_dim"": true, ""feature_mask"": [[0, 1, 2, 3, 5, 6, 7, 8, 9, 10], [0, 1, 2, 3, 5, 6, 11, 12], [0, 1, 2, 4, 5, 7, 11, 12], [0, 1, 2, 4, 5, 6, 8, 9, 10]], ""batch_size"": 64, ""num_workers"": 0, ""epochs"": 100, ""early_stopping_patience"": 30, ""lr"": 0.001, ""weight_decay"": 0.0001, ""optimizer"": ""adam"", ""grad_clip"": 1.0, ""lr_scheduler"": ""cosine"", ""lr_min"": 1e-05, ""latent_dim"": 64, ""head_hidden"": 32, ""groups"": [{""name"": ""cleveland"", ""encoder"": ""mlp_tabular_ln"", ""input_dim"": 10, ""hidden_dim"": 64, ""dropout"": 0.1}, {""name"": ""hungarian"", ""encoder"": ""mlp_tabular_ln"", ""input_dim"": 8, ""hidden_dim"": 64, ""dropout"": 0.1}, {""name"": ""switzerland"", ""encoder"": ""mlp_tabular_ln"", ""input_dim"": 8, ""hidden_dim"": 64, ""dropout"": 0.1}, {""name"": ""va_long_beach"", ""encoder"": ""mlp_tabular_ln"", ""input_dim"": 9, ""hidden_dim"": 64, ""dropout"": 0.1}], ""anchor_eps"": 0.0001, ""sep_samples_per_class"": 4, ""sep_method"": ""classifier"", ""sep_margin"": 1.0, ""lambda_fit"": 0.001, ""lambda_sep"": 0.001, ""groupdro_enabled"": true, ""groupdro_eta"": 1.0, ""groupdro_gamma"": 0.9, ""groupdro_update_mode"": ""softmax"", ""groupdro_objective"": ""weighted"", ""groupdro_kl_lambda"": 0.0, ""groupdro_uniform_init"": true, ""log_interval"": 20, ""save_every"": 10, ""val_frac"": 0.2, ""impute_missing"": true, ""common_encoder"": false, ""use_regret"": true, ""optimal_losses"": [0.49934679966136675, 0.5924033531758973, 0.4240419712328326, 1.4799922526387188], ""data_split_seed"": 1001}","{""num_groups"": 4, ""num_classes"": 2, ""train_total"": 426, ""test_total"": 185, ""train_group_counts"": [193, 188, 20, 25], ""test_group_counts"": [61, 59, 25, 40], ""train_class_counts"": [233, 193], ""test_class_counts"": [83, 102], ""train_group_class_counts"": [[104, 89], [120, 68], [1, 19], [8, 17]], ""test_group_class_counts"": [[33, 28], [38, 21], [2, 23], [10, 30]], ""group_proportions"": [0.45305164319248825, 0.4413145539906103, 0.046948356807511735, 0.05868544600938967], ""val_group_counts"": [49, 47, 20, 32], ""val_total"": 148}","{""num_groups"": 4, ""eta"": 1.0, ""update_mode"": ""softmax"", ""robust_objective"": ""weighted"", ""gamma"": 0.9, ""kl_lambda"": 0.0, ""initial_pi"": [0.4530516564846039, 0.44131454825401306, 0.04694835841655731, 0.05868544429540634]}",2026-09-14T15:45:57.062995,22,0.22490895042816797,0.8828125,0.001,0.7567567567567568,0.7653865657126979,0.575,0.92,"[0.7868852459016393, 0.7796610169491526, 0.92, 0.575]","[0.43948717436707413, 0.6174943292103077, 0.6606882487609983, 1.110672751776292]","[0.7590361445783133, 0.7549019607843137]","[[0.7878787878787878, 0.7857142857142857], [0.8421052631578947, 0.6666666666666666], [0.0, 1.0], [0.5, 0.6]]","[61, 59, 25, 40]",0.7553557259984132,"[0.7859649122807018, 0.7570478302185619, 0.4791666666666667, 0.5248078266946191]",0.4791666666666667,1.110672751776292,0.7432432432432432,0.7600147904906643,0.59375,0.95,"[0.8367346938775511, 0.6595744680851063, 0.95, 0.59375]","[0.42641780947392083, 0.8508884647583708, 0.41058479859784713, 1.2017133225799626]","[0.8333333333333334, 0.6707317073170732]","[[0.8148148148148148, 0.8636363636363636], [0.8666666666666667, 0.29411764705882354], [0.0, 1.0], [0.875, 0.5]]","[49, 47, 20, 32]",0.7432432432432432,"[0.8361204013377926, 0.574660633484163, 0.48717948717948717, 0.5835835835835836]",0.48717948717948717,1.2017133225799626,"[0.25, 0.25, 0.25, 0.25]","[0.3228495468695958, 0.30551950881878537, 0.021207388786327403, 0.17361872425923744]","[0.25, 0.25, 0.25, 0.25]","[0.4530516564846039, 0.44131454825401306, 0.04694835841655731, 0.05868544429540634]",0.0
"{""run_name"": ""fedheart_exp_paper_hetagg_gdro"", ""seed"": 42, ""run_dir"": ""runs/fedheart_cv/RegretDRO_s42_f1"", ""use_fedheart"": true, ""num_classes"": 2, ""stratified_batching"": true, ""train_frac"": 0.8, ""group_max_train_samples"": [null, null, 20, 25], ""true_hetero_input_dim"": true, ""feature_mask"": [[0, 1, 2, 3, 5, 6, 7, 8, 9, 10], [0, 1, 2, 3, 5, 6, 11, 12], [0, 1, 2, 4, 5, 7, 11, 12], [0, 1, 2, 4, 5, 6, 8, 9, 10]], ""batch_size"": 64, ""num_workers"": 0, ""epochs"": 100, ""early_stopping_patience"": 30, ""lr"": 0.001, ""weight_decay"": 0.0001, ""optimizer"": ""adam"", ""grad_clip"": 1.0, ""lr_scheduler"": ""cosine"", ""lr_min"": 1e-05, ""latent_dim"": 64, ""head_hidden"": 32, ""groups"": [{""name"": ""cleveland"", ""encoder"": ""mlp_tabular_ln"", ""input_dim"": 10, ""hidden_dim"": 64, ""dropout"": 0.1}, {""name"": ""hungarian"", ""encoder"": ""mlp_tabular_ln"", ""input_dim"": 8, ""hidden_dim"": 64, ""dropout"": 0.1}, {""name"": ""switzerland"", ""encoder"": ""mlp_tabular_ln"", ""input_dim"": 8, ""hidden_dim"": 64, ""dropout"": 0.1}, {""name"": ""va_long_beach"", ""encoder"": ""mlp_tabular_ln"", ""input_dim"": 9, ""hidden_dim"": 64, ""dropout"": 0.1}], ""anchor_eps"": 0.0001, ""sep_samples_per_class"": 4, ""sep_method"": ""classifier"", ""sep_margin"": 1.0, ""lambda_fit"": 0.001, ""lambda_sep"": 0.001, ""groupdro_enabled"": true, ""groupdro_eta"": 1.0, ""groupdro_gamma"": 0.9, ""groupdro_update_mode"": ""softmax"", ""groupdro_objective"": ""weighted"", ""groupdro_kl_lambda"": 0.0, ""groupdro_uniform_init"": true, ""log_interval"": 20, ""save_every"": 10, ""val_frac"": 0.2, ""impute_missing"": true, ""common_encoder"": false, ""use_regret"": true, ""optimal_losses"": [0.49934679966136675, 0.5924033531758973, 0.4240419712328326, 1.4799922526387188], ""data_split_seed"": 1001}","{""num_groups"": 4, ""num_classes"": 2, ""train_total"": 426, ""test_total"": 185, ""train_group_counts"": [193, 188, 20, 25], ""test_group_counts"": [61, 59, 25, 40], ""train_class_counts"": [233, 193], ""test_class_counts"": [83, 102], ""train_group_class_counts"": [[104, 89], [120, 68], [1, 19], [8, 17]], ""test_group_class_counts"": [[33, 28], [38, 21], [2, 23], [10, 30]], ""group_proportions"": [0.45305164319248825, 0.4413145539906103, 0.046948356807511735, 0.05868544600938967], ""val_group_counts"": [49, 47, 20, 32], ""val_total"": 148}","{""num_groups"": 4, ""eta"": 1.0, ""update_mode"": ""softmax"", ""robust_objective"": ""weighted"", ""gamma"": 0.9, ""kl_lambda"": 0.0, ""initial_pi"": [0.4530516564846039, 0.44131454825401306, 0.04694835841655731, 0.05868544429540634]}",2026-09-14T15:45:57.062995,23,0.23493937154610953,0.8802083333333334,0.001,0.7513513513513513,0.7612882050569603,0.575,0.92,"[0.7704918032786885, 0.7796610169491526, 0.92, 0.575]","[0.4364382165529933, 0.6185876724262864, 0.6748741755183437, 1.2126883347766124]","[0.7590361445783133, 0.7450980392156863]","[[0.7878787878787878, 0.75], [0.8421052631578947, 0.6666666666666666], [0.0, 1.0], [0.5, 0.6]]","[61, 59, 25, 40]",0.7501174536058257,"[0.7689393939393939, 0.7570478302185619, 0.4791666666666667, 0.5248078266946191]",0.4791666666666667,1.2126883347766124,0.7432432432432432,0.7600147904906643,0.59375,0.95,"[0.8367346938775511, 0.6595744680851063, 0.95, 0.59375]","[0.42833207935398937, 0.8324207185391099, 0.4214950614536065, 1.3750417697847297]","[0.8333333333333334, 0.6707317073170732]","[[0.8148148148148148, 0.8636363636363636], [0.8666666666666667, 0.29411764705882354], [0.0, 1.0], [0.875, 0.5]]","[49, 47, 20, 32]",0.7432432432432432,"[0.8361204013377926, 0.574660633484163, 0.48717948717948717, 0.5835835835835836]",0.48717948717948717,1.3750417697847297,"[0.25, 0.25, 0.25, 0.25]","[0.3415173962712288, 0.3577018479506175, 0.004314296054265772, 0.16382030863314867]","[0.2528735299905141, 0.24904215584198633, 0.24904215584198633, 0.24904215584198633]","[0.4530516564846039, 0.44131454825401306, 0.04694835841655731, 0.05868544429540634]",0.0
"{""run_name"": ""fedheart_exp_paper_hetagg_gdro"", ""seed"": 42, ""run_dir"": ""runs/fedheart_cv/RegretDRO_s42_f1"", ""use_fedheart"": true, ""num_classes"": 2, ""stratified_batching"": true, ""train_frac"": 0.8, ""group_max_train_samples"": [null, null, 20, 25], ""true_hetero_input_dim"": true, ""feature_mask"": [[0, 1, 2, 3, 5, 6, 7, 8, 9, 10], [0, 1, 2, 3, 5, 6, 11, 12], [0, 1, 2, 4, 5, 7, 11, 12], [0, 1, 2, 4, 5, 6, 8, 9, 10]], ""batch_size"": 64, ""num_workers"": 0, ""epochs"": 100, ""early_stopping_patience"": 30, ""lr"": 0.001, ""weight_decay"": 0.0001, ""optimizer"": ""adam"", ""grad_clip"": 1.0, ""lr_scheduler"": ""cosine"", ""lr_min"": 1e-05, ""latent_dim"": 64, ""head_hidden"": 32, ""groups"": [{""name"": ""cleveland"", ""encoder"": ""mlp_tabular_ln"", ""input_dim"": 10, ""hidden_dim"": 64, ""dropout"": 0.1}, {""name"": ""hungarian"", ""encoder"": ""mlp_tabular_ln"", ""input_dim"": 8, ""hidden_dim"": 64, ""dropout"": 0.1}, {""name"": ""switzerland"", ""encoder"": ""mlp_tabular_ln"", ""input_dim"": 8, ""hidden_dim"": 64, ""dropout"": 0.1}, {""name"": ""va_long_beach"", ""encoder"": ""mlp_tabular_ln"", ""input_dim"": 9, ""hidden_dim"": 64, ""dropout"": 0.1}], ""anchor_eps"": 0.0001, ""sep_samples_per_class"": 4, ""sep_method"": ""classifier"", ""sep_margin"": 1.0, ""lambda_fit"": 0.001, ""lambda_sep"": 0.001, ""groupdro_enabled"": true, ""groupdro_eta"": 1.0, ""groupdro_gamma"": 0.9, ""groupdro_update_mode"": ""softmax"", ""groupdro_objective"": ""weighted"", ""groupdro_kl_lambda"": 0.0, ""groupdro_uniform_init"": true, ""log_interval"": 20, ""save_every"": 10, ""val_frac"": 0.2, ""impute_missing"": true, ""common_encoder"": false, ""use_regret"": true, ""optimal_losses"": [0.49934679966136675, 0.5924033531758973, 0.4240419712328326, 1.4799922526387188], ""data_split_seed"": 1001}","{""num_groups"": 4, ""num_classes"": 2, ""train_total"": 426, ""test_total"": 185, ""train_group_counts"": [193, 188, 20, 25], ""test_group_counts"": [61, 59, 25, 40], ""train_class_counts"": [233, 193], ""test_class_counts"": [83, 102], ""train_group_class_counts"": [[104, 89], [120, 68], [1, 19], [8, 17]], ""test_group_class_counts"": [[33, 28], [38, 21], [2, 23], [10, 30]], ""group_proportions"": [0.45305164319248825, 0.4413145539906103, 0.046948356807511735, 0.05868544600938967], ""val_group_counts"": [49, 47, 20, 32], ""val_total"": 148}","{""num_groups"": 4, ""eta"": 1.0, ""update_mode"": ""softmax"", ""robust_objective"": ""weighted"", ""gamma"": 0.9, ""kl_lambda"": 0.0, ""initial_pi"": [0.4530516564846039, 0.44131454825401306, 0.04694835841655731, 0.05868544429540634]}",2026-09-14T15:45:57.062995,24,0.21158127983411154,0.8932291666666666,0.001,0.7567567567567568,0.7676771325368158,0.6,0.92,"[0.7540983606557377, 0.7966101694915254, 0.92, 0.6]","[0.43472599148078533, 0.615200577903602, 0.6973510968507617, 1.2571698086117977]","[0.7710843373493976, 0.7450980392156863]","[[0.7575757575757576, 0.75], [0.868421052631579, 0.6666666666666666], [0.0, 1.0], [0.6, 0.6]]","[61, 59, 25, 40]",0.7557289985622488,"[0.7530364372469636, 0.773076923076923, 0.4791666666666667, 0.5604395604395604]",0.4791666666666667,1.2571698086117977,0.722972972972973,0.7417811007381676,0.5625,0.95,"[0.8163265306122449, 0.6382978723404256, 0.95, 0.5625]","[0.4331928469924902, 0.8121818478635334, 0.4395770959712536, 1.45206556955236]","[0.8181818181818182, 0.6463414634146342]","[[0.7777777777777778, 0.8636363636363636], [0.8666666666666667, 0.23529411764705882], [0.0, 1.0], [0.875, 0.4583333333333333]]","[49, 47, 20, 32]",0.7229603250696252,"[0.8160200250312892, 0.5368115942028986, 0.48717948717948717, 0.5555555555555555]",0.48717948717948717,1.45206556955236,"[0.25, 0.25, 0.25, 0.25]","[0.34154189626375836, 0.28647567083438236, 0.025433646417999018, 0.12208844969669978]","[0.25216155250867206, 0.24927947918574014, 0.24927947918574014, 0.24927947918574014]","[0.4530516564846039, 0.44131454825401306, 0.04694835841655731, 0.05868544429540634]",0.0
"{""run_name"": ""fedheart_exp_paper_hetagg_gdro"", ""seed"": 42, ""run_dir"": ""runs/fedheart_cv/RegretDRO_s42_f1"", ""use_fedheart"": true, ""num_classes"": 2, ""stratified_batching"": true, ""train_frac"": 0.8, ""group_max_train_samples"": [null, null, 20, 25], ""true_hetero_input_dim"": true, ""feature_mask"": [[0, 1, 2, 3, 5, 6, 7, 8, 9, 10], [0, 1, 2, 3, 5, 6, 11, 12], [0, 1, 2, 4, 5, 7, 11, 12], [0, 1, 2, 4, 5, 6, 8, 9, 10]], ""batch_size"": 64, ""num_workers"": 0, ""epochs"": 100, ""early_stopping_patience"": 30, ""lr"": 0.001, ""weight_decay"": 0.0001, ""optimizer"": ""adam"", ""grad_clip"": 1.0, ""lr_scheduler"": ""cosine"", ""lr_min"": 1e-05, ""latent_dim"": 64, ""head_hidden"": 32, ""groups"": [{""name"": ""cleveland"", ""encoder"": ""mlp_tabular_ln"", ""input_dim"": 10, ""hidden_dim"": 64, ""dropout"": 0.1}, {""name"": ""hungarian"", ""encoder"": ""mlp_tabular_ln"", ""input_dim"": 8, ""hidden_dim"": 64, ""dropout"": 0.1}, {""name"": ""switzerland"", ""encoder"": ""mlp_tabular_ln"", ""input_dim"": 8, ""hidden_dim"": 64, ""dropout"": 0.1}, {""name"": ""va_long_beach"", ""encoder"": ""mlp_tabular_ln"", ""input_dim"": 9, ""hidden_dim"": 64, ""dropout"": 0.1}], ""anchor_eps"": 0.0001, ""sep_samples_per_class"": 4, ""sep_method"": ""classifier"", ""sep_margin"": 1.0, ""lambda_fit"": 0.001, ""lambda_sep"": 0.001, ""groupdro_enabled"": true, ""groupdro_eta"": 1.0, ""groupdro_gamma"": 0.9, ""groupdro_update_mode"": ""softmax"", ""groupdro_objective"": ""weighted"", ""groupdro_kl_lambda"": 0.0, ""groupdro_uniform_init"": true, ""log_interval"": 20, ""save_every"": 10, ""val_frac"": 0.2, ""impute_missing"": true, ""common_encoder"": false, ""use_regret"": true, ""optimal_losses"": [0.49934679966136675, 0.5924033531758973, 0.4240419712328326, 1.4799922526387188], ""data_split_seed"": 1001}","{""num_groups"": 4, ""num_classes"": 2, ""train_total"": 426, ""test_total"": 185, ""train_group_counts"": [193, 188, 20, 25], ""test_group_counts"": [61, 59, 25, 40], ""train_class_counts"": [233, 193], ""test_class_counts"": [83, 102], ""train_group_class_counts"": [[104, 89], [120, 68], [1, 19], [8, 17]], ""test_group_class_counts"": [[33, 28], [38, 21], [2, 23], [10, 30]], ""group_proportions"": [0.45305164319248825, 0.4413145539906103, 0.046948356807511735, 0.05868544600938967], ""val_group_counts"": [49, 47, 20, 32], ""val_total"": 148}","{""num_groups"": 4, ""eta"": 1.0, ""update_mode"": ""softmax"", ""robust_objective"": ""weighted"", ""gamma"": 0.9, ""kl_lambda"": 0.0, ""initial_pi"": [0.4530516564846039, 0.44131454825401306, 0.04694835841655731, 0.05868544429540634]}",2026-09-14T15:45:57.062995,25,0.2052355892956257,0.8958333333333334,0.001,0.7621621621621621,0.771636565712698,0.6,0.92,"[0.7868852459016393, 0.7796610169491526, 0.92, 0.6]","[0.4443157618621089, 0.6278139718224184, 0.7210494726715843, 1.2395388144883328]","[0.7349397590361446, 0.7843137254901961]","[[0.7272727272727273, 0.8571428571428571], [0.8421052631578947, 0.6666666666666666], [0.0, 1.0], [0.5, 0.6333333333333333]]","[61, 59, 25, 40]",0.7596267422631703,"[0.7868852459016394, 0.7570478302185619, 0.4791666666666667, 0.5441595441595443]",0.4791666666666667,1.2395388144883328,0.722972972972973,0.7444915599218411,0.59375,0.95,"[0.7959183673469388, 0.6382978723404256, 0.95, 0.59375]","[0.45126149661800996, 0.8187623497772407, 0.45773621489133803, 1.4097647985381627]","[0.803030303030303, 0.6585365853658537]","[[0.7407407407407407, 0.8636363636363636], [0.8666666666666667, 0.23529411764705882], [0.0, 1.0], [0.875, 0.5]]","[49, 47, 20, 32]",0.7229603250696252,"[0.7958333333333333, 0.5368115942028986, 0.48717948717948717, 0.5835835835835836]",0.48717948717948717,1.4097647985381627,"[0.25, 0.25, 0.25, 0.25]","[0.30912818511327106, 0.2897937297821045, 0.002591612462614042, 0.15053382174422344]","[0.25, 0.25, 0.25, 0.25]","[0.4530516564846039, 0.44131454825401306, 0.04694835841655731, 0.05868544429540634]",0.0
"{""run_name"": ""fedheart_exp_paper_hetagg_gdro"", ""seed"": 42, ""run_dir"": ""runs/fedheart_cv/RegretDRO_s42_f1"", ""use_fedheart"": true, ""num_classes"": 2, ""stratified_batching"": true, ""train_frac"": 0.8, ""group_max_train_samples"": [null, null, 20, 25], ""true_hetero_input_dim"": true, ""feature_mask"": [[0, 1, 2, 3, 5, 6, 7, 8, 9, 10], [0, 1, 2, 3, 5, 6, 11, 12], [0, 1, 2, 4, 5, 7, 11, 12], [0, 1, 2, 4, 5, 6, 8, 9, 10]], ""batch_size"": 64, ""num_workers"": 0, ""epochs"": 100, ""early_stopping_patience"": 30, ""lr"": 0.001, ""weight_decay"": 0.0001, ""optimizer"": ""adam"", ""grad_clip"": 1.0, ""lr_scheduler"": ""cosine"", ""lr_min"": 1e-05, ""latent_dim"": 64, ""head_hidden"": 32, ""groups"": [{""name"": ""cleveland"", ""encoder"": ""mlp_tabular_ln"", ""input_dim"": 10, ""hidden_dim"": 64, ""dropout"": 0.1}, {""name"": ""hungarian"", ""encoder"": ""mlp_tabular_ln"", ""input_dim"": 8, ""hidden_dim"": 64, ""dropout"": 0.1}, {""name"": ""switzerland"", ""encoder"": ""mlp_tabular_ln"", ""input_dim"": 8, ""hidden_dim"": 64, ""dropout"": 0.1}, {""name"": ""va_long_beach"", ""encoder"": ""mlp_tabular_ln"", ""input_dim"": 9, ""hidden_dim"": 64, ""dropout"": 0.1}], ""anchor_eps"": 0.0001, ""sep_samples_per_class"": 4, ""sep_method"": ""classifier"", ""sep_margin"": 1.0, ""lambda_fit"": 0.001, ""lambda_sep"": 0.001, ""groupdro_enabled"": true, ""groupdro_eta"": 1.0, ""groupdro_gamma"": 0.9, ""groupdro_update_mode"": ""softmax"", ""groupdro_objective"": ""weighted"", ""groupdro_kl_lambda"": 0.0, ""groupdro_uniform_init"": true, ""log_interval"": 20, ""save_every"": 10, ""val_frac"": 0.2, ""impute_missing"": true, ""common_encoder"": false, ""use_regret"": true, ""optimal_losses"": [0.49934679966136675, 0.5924033531758973, 0.4240419712328326, 1.4799922526387188], ""data_split_seed"": 1001}","{""num_groups"": 4, ""num_classes"": 2, ""train_total"": 426, ""test_total"": 185, ""train_group_counts"": [193, 188, 20, 25], ""test_group_counts"": [61, 59, 25, 40], ""train_class_counts"": [233, 193], ""test_class_counts"": [83, 102], ""train_group_class_counts"": [[104, 89], [120, 68], [1, 19], [8, 17]], ""test_group_class_counts"": [[33, 28], [38, 21], [2, 23], [10, 30]], ""group_proportions"": [0.45305164319248825, 0.4413145539906103, 0.046948356807511735, 0.05868544600938967], ""val_group_counts"": [49, 47, 20, 32], ""val_total"": 148}","{""num_groups"": 4, ""eta"": 1.0, ""update_mode"": ""softmax"", ""robust_objective"": ""weighted"", ""gamma"": 0.9, ""kl_lambda"": 0.0, ""initial_pi"": [0.4530516564846039, 0.44131454825401306, 0.04694835841655731, 0.05868544429540634]}",2026-09-14T15:45:57.062995,26,0.1965145766735077,0.8958333333333334,0.001,0.7621621621621621,0.7737882050569602,0.625,0.92,"[0.7704918032786885, 0.7796610169491526, 0.92, 0.625]","[0.4525895568343704, 0.6439528698338417, 0.7391859666927485, 1.2517387664578563]","[0.7349397590361446, 0.7843137254901961]","[[0.7272727272727273, 0.8214285714285714], [0.8421052631578947, 0.6666666666666666], [0.0, 1.0], [0.5, 0.6666666666666666]]","[61, 59, 25, 40]",0.7596267422631703,"[0.7704301075268817, 0.7570478302185619, 0.4791666666666667, 0.5636363636363636]",0.4791666666666667,1.2517387664578563,0.722972972972973,0.7472020191055145,0.625,0.95,"[0.7755102040816326, 0.6382978723404256, 0.95, 0.625]","[0.4558370662853122, 0.8529280994008196, 0.471528150415179, 1.4188251504174332]","[0.803030303030303, 0.6585365853658537]","[[0.7407407407407407, 0.8181818181818182], [0.8666666666666667, 0.23529411764705882], [0.0, 1.0], [0.875, 0.5416666666666666]]","[49, 47, 20, 32]",0.7229603250696252,"[0.7751355861493534, 0.5368115942028986, 0.48717948717948717, 0.611336032388664]",0.48717948717948717,1.4188251504174332,"[0.25, 0.25, 0.25, 0.25]","[0.2827089602748553, 0.2967366377512614, 0.007724846887867898, 0.13306530735765895]","[0.25, 0.25, 0.25, 0.25]","[0.4530516564846039, 0.44131454825401306, 0.04694835841655731, 0.05868544429540634]",0.0
"{""run_name"": ""fedheart_exp_paper_hetagg_gdro"", ""seed"": 42, ""run_dir"": ""runs/fedheart_cv/RegretDRO_s42_f1"", ""use_fedheart"": true, ""num_classes"": 2, ""stratified_batching"": true, ""train_frac"": 0.8, ""group_max_train_samples"": [null, null, 20, 25], ""true_hetero_input_dim"": true, ""feature_mask"": [[0, 1, 2, 3, 5, 6, 7, 8, 9, 10], [0, 1, 2, 3, 5, 6, 11, 12], [0, 1, 2, 4, 5, 7, 11, 12], [0, 1, 2, 4, 5, 6, 8, 9, 10]], ""batch_size"": 64, ""num_workers"": 0, ""epochs"": 100, ""early_stopping_patience"": 30, ""lr"": 0.001, ""weight_decay"": 0.0001, ""optimizer"": ""adam"", ""grad_clip"": 1.0, ""lr_scheduler"": ""cosine"", ""lr_min"": 1e-05, ""latent_dim"": 64, ""head_hidden"": 32, ""groups"": [{""name"": ""cleveland"", ""encoder"": ""mlp_tabular_ln"", ""input_dim"": 10, ""hidden_dim"": 64, ""dropout"": 0.1}, {""name"": ""hungarian"", ""encoder"": ""mlp_tabular_ln"", ""input_dim"": 8, ""hidden_dim"": 64, ""dropout"": 0.1}, {""name"": ""switzerland"", ""encoder"": ""mlp_tabular_ln"", ""input_dim"": 8, ""hidden_dim"": 64, ""dropout"": 0.1}, {""name"": ""va_long_beach"", ""encoder"": ""mlp_tabular_ln"", ""input_dim"": 9, ""hidden_dim"": 64, ""dropout"": 0.1}], ""anchor_eps"": 0.0001, ""sep_samples_per_class"": 4, ""sep_method"": ""classifier"", ""sep_margin"": 1.0, ""lambda_fit"": 0.001, ""lambda_sep"": 0.001, ""groupdro_enabled"": true, ""groupdro_eta"": 1.0, ""groupdro_gamma"": 0.9, ""groupdro_update_mode"": ""softmax"", ""groupdro_objective"": ""weighted"", ""groupdro_kl_lambda"": 0.0, ""groupdro_uniform_init"": true, ""log_interval"": 20, ""save_every"": 10, ""val_frac"": 0.2, ""impute_missing"": true, ""common_encoder"": false, ""use_regret"": true, ""optimal_losses"": [0.49934679966136675, 0.5924033531758973, 0.4240419712328326, 1.4799922526387188], ""data_split_seed"": 1001}","{""num_groups"": 4, ""num_classes"": 2, ""train_total"": 426, ""test_total"": 185, ""train_group_counts"": [193, 188, 20, 25], ""test_group_counts"": [61, 59, 25, 40], ""train_class_counts"": [233, 193], ""test_class_counts"": [83, 102], ""train_group_class_counts"": [[104, 89], [120, 68], [1, 19], [8, 17]], ""test_group_class_counts"": [[33, 28], [38, 21], [2, 23], [10, 30]], ""group_proportions"": [0.45305164319248825, 0.4413145539906103, 0.046948356807511735, 0.05868544600938967], ""val_group_counts"": [49, 47, 20, 32], ""val_total"": 148}","{""num_groups"": 4, ""eta"": 1.0, ""update_mode"": ""softmax"", ""robust_objective"": ""weighted"", ""gamma"": 0.9, ""kl_lambda"": 0.0, ""initial_pi"": [0.4530516564846039, 0.44131454825401306, 0.04694835841655731, 0.05868544429540634]}",2026-09-14T15:45:57.062995,27,0.20565784722566605,0.890625,0.001,0.7567567567567568,0.7718414837454849,0.65,0.92,"[0.7377049180327869, 0.7796610169491526, 0.92, 0.65]","[0.46475537506802406, 0.6631923266804888, 0.754217013073212, 1.2675495758176112]","[0.7349397590361446, 0.7745098039215687]","[[0.7272727272727273, 0.75], [0.8421052631578947, 0.6666666666666666], [0.0, 1.0], [0.5, 0.7]]","[61, 59, 25, 40]",0.754432022654199,"[0.7370689655172413, 0.7570478302185619, 0.4791666666666667, 0.5833333333333333]",0.4791666666666667,1.2675495758176112,0.7297297297297297,0.7525211680416848,0.625,0.95,"[0.7755102040816326, 0.6595744680851063, 0.95, 0.625]","[0.4657642284541258, 0.8481760633752701, 0.4823499010437445, 1.4308332604741736]","[0.803030303030303, 0.6707317073170732]","[[0.7407407407407407, 0.8181818181818182], [0.8666666666666667, 0.29411764705882354], [0.0, 1.0], [0.875, 0.5416666666666666]]","[49, 47, 20, 32]",0.7296803652968038,"[0.7751355861493534, 0.574660633484163, 0.48717948717948717, 0.611336032388664]",0.48717948717948717,1.4308332604741736,"[0.25, 0.25, 0.25, 0.25]","[0.31477464487155277, 0.31633083273967105, 0.035011068928270106, 0.09086526619891326]","[0.25, 0.25, 0.25, 0.25]","[0.4530516564846039, 0.44131454825401306, 0.04694835841655731, 0.05868544429540634]",0.0
"{""run_name"": ""fedheart_exp_paper_hetagg_gdro"", ""seed"": 42, ""run_dir"": ""runs/fedheart_cv/RegretDRO_s42_f1"", ""use_fedheart"": true, ""num_classes"": 2, ""stratified_batching"": true, ""train_frac"": 0.8, ""group_max_train_samples"": [null, null, 20, 25], ""true_hetero_input_dim"": true, ""feature_mask"": [[0, 1, 2, 3, 5, 6, 7, 8, 9, 10], [0, 1, 2, 3, 5, 6, 11, 12], [0, 1, 2, 4, 5, 7, 11, 12], [0, 1, 2, 4, 5, 6, 8, 9, 10]], ""batch_size"": 64, ""num_workers"": 0, ""epochs"": 100, ""early_stopping_patience"": 30, ""lr"": 0.001, ""weight_decay"": 0.0001, ""optimizer"": ""adam"", ""grad_clip"": 1.0, ""lr_scheduler"": ""cosine"", ""lr_min"": 1e-05, ""latent_dim"": 64, ""head_hidden"": 32, ""groups"": [{""name"": ""cleveland"", ""encoder"": ""mlp_tabular_ln"", ""input_dim"": 10, ""hidden_dim"": 64, ""dropout"": 0.1}, {""name"": ""hungarian"", ""encoder"": ""mlp_tabular_ln"", ""input_dim"": 8, ""hidden_dim"": 64, ""dropout"": 0.1}, {""name"": ""switzerland"", ""encoder"": ""mlp_tabular_ln"", ""input_dim"": 8, ""hidden_dim"": 64, ""dropout"": 0.1}, {""name"": ""va_long_beach"", ""encoder"": ""mlp_tabular_ln"", ""input_dim"": 9, ""hidden_dim"": 64, ""dropout"": 0.1}], ""anchor_eps"": 0.0001, ""sep_samples_per_class"": 4, ""sep_method"": ""classifier"", ""sep_margin"": 1.0, ""lambda_fit"": 0.001, ""lambda_sep"": 0.001, ""groupdro_enabled"": true, ""groupdro_eta"": 1.0, ""groupdro_gamma"": 0.9, ""groupdro_update_mode"": ""softmax"", ""groupdro_objective"": ""weighted"", ""groupdro_kl_lambda"": 0.0, ""groupdro_uniform_init"": true, ""log_interval"": 20, ""save_every"": 10, ""val_frac"": 0.2, ""impute_missing"": true, ""common_encoder"": false, ""use_regret"": true, ""optimal_losses"": [0.49934679966136675, 0.5924033531758973, 0.4240419712328326, 1.4799922526387188], ""data_split_seed"": 1001}","{""num_groups"": 4, ""num_classes"": 2, ""train_total"": 426, ""test_total"": 185, ""train_group_counts"": [193, 188, 20, 25], ""test_group_counts"": [61, 59, 25, 40], ""train_class_counts"": [233, 193], ""test_class_counts"": [83, 102], ""train_group_class_counts"": [[104, 89], [120, 68], [1, 19], [8, 17]], ""test_group_class_counts"": [[33, 28], [38, 21], [2, 23], [10, 30]], ""group_proportions"": [0.45305164319248825, 0.4413145539906103, 0.046948356807511735, 0.05868544600938967], ""val_group_counts"": [49, 47, 20, 32], ""val_total"": 148}","{""num_groups"": 4, ""eta"": 1.0, ""update_mode"": ""softmax"", ""robust_objective"": ""weighted"", ""gamma"": 0.9, ""kl_lambda"": 0.0, ""initial_pi"": [0.4530516564846039, 0.44131454825401306, 0.04694835841655731, 0.05868544429540634]}",2026-09-14T15:45:57.062995,28,0.17558335761229196,0.8984375,0.001,0.7621621621621621,0.7759398444012225,0.65,0.92,"[0.7540983606557377, 0.7796610169491526, 0.92, 0.65]","[0.47298503186950674, 0.68414535687968, 0.7732243577536428, 1.2997201510563172]","[0.7349397590361446, 0.7843137254901961]","[[0.7272727272727273, 0.7857142857142857], [0.8421052631578947, 0.6666666666666666], [0.0, 1.0], [0.5, 0.7]]","[61, 59, 25, 40]",0.7596267422631703,"[0.7538337368845844, 0.7570478302185619, 0.4791666666666667, 0.5833333333333333]",0.4791666666666667,1.2997201510563172,0.722972972972973,0.7474191272253582,0.625,0.95,"[0.7551020408163265, 0.6595744680851063, 0.95, 0.625]","[0.4968587563905333, 0.8646249300899341, 0.4966788079806065, 1.4649565125682784]","[0.7878787878787878, 0.6707317073170732]","[[0.7037037037037037, 0.8181818181818182], [0.8666666666666667, 0.29411764705882354], [0.0, 1.0], [0.875, 0.5416666666666666]]","[49, 47, 20, 32]",0.7228591002511989,"[0.7550000000000001, 0.574660633484163, 0.48717948717948717, 0.611336032388664]",0.48717948717948717,1.4649565125682784,"[0.25, 0.25, 0.25, 0.25]","[0.2714880406856537, 0.2916168024142583, 0.008699783924384974, 0.06376152912465234]","[0.2503901918729146, 0.24986993273099264, 0.24986993273099264, 0.24986993273099264]","[0.4530516564846039, 0.44131454825401306, 0.04694835841655731, 0.05868544429540634]",0.0
"{""run_name"": ""fedheart_exp_paper_hetagg_gdro"", ""seed"": 42, ""run_dir"": ""runs/fedheart_cv/RegretDRO_s42_f1"", ""use_fedheart"": true, ""num_classes"": 2, ""stratified_batching"": true, ""train_frac"": 0.8, ""group_max_train_samples"": [null, null, 20, 25], ""true_hetero_input_dim"": true, ""feature_mask"": [[0, 1, 2, 3, 5, 6, 7, 8, 9, 10], [0, 1, 2, 3, 5, 6, 11, 12], [0, 1, 2, 4, 5, 7, 11, 12], [0, 1, 2, 4, 5, 6, 8, 9, 10]], ""batch_size"": 64, ""num_workers"": 0, ""epochs"": 100, ""early_stopping_patience"": 30, ""lr"": 0.001, ""weight_decay"": 0.0001, ""optimizer"": ""adam"", ""grad_clip"": 1.0, ""lr_scheduler"": ""cosine"", ""lr_min"": 1e-05, ""latent_dim"": 64, ""head_hidden"": 32, ""groups"": [{""name"": ""cleveland"", ""encoder"": ""mlp_tabular_ln"", ""input_dim"": 10, ""hidden_dim"": 64, ""dropout"": 0.1}, {""name"": ""hungarian"", ""encoder"": ""mlp_tabular_ln"", ""input_dim"": 8, ""hidden_dim"": 64, ""dropout"": 0.1}, {""name"": ""switzerland"", ""encoder"": ""mlp_tabular_ln"", ""input_dim"": 8, ""hidden_dim"": 64, ""dropout"": 0.1}, {""name"": ""va_long_beach"", ""encoder"": ""mlp_tabular_ln"", ""input_dim"": 9, ""hidden_dim"": 64, ""dropout"": 0.1}], ""anchor_eps"": 0.0001, ""sep_samples_per_class"": 4, ""sep_method"": ""classifier"", ""sep_margin"": 1.0, ""lambda_fit"": 0.001, ""lambda_sep"": 0.001, ""groupdro_enabled"": true, ""groupdro_eta"": 1.0, ""groupdro_gamma"": 0.9, ""groupdro_update_mode"": ""softmax"", ""groupdro_objective"": ""weighted"", ""groupdro_kl_lambda"": 0.0, ""groupdro_uniform_init"": true, ""log_interval"": 20, ""save_every"": 10, ""val_frac"": 0.2, ""impute_missing"": true, ""common_encoder"": false, ""use_regret"": true, ""optimal_losses"": [0.49934679966136675, 0.5924033531758973, 0.4240419712328326, 1.4799922526387188], ""data_split_seed"": 1001}","{""num_groups"": 4, ""num_classes"": 2, ""train_total"": 426, ""test_total"": 185, ""train_group_counts"": [193, 188, 20, 25], ""test_group_counts"": [61, 59, 25, 40], ""train_class_counts"": [233, 193], ""test_class_counts"": [83, 102], ""train_group_class_counts"": [[104, 89], [120, 68], [1, 19], [8, 17]], ""test_group_class_counts"": [[33, 28], [38, 21], [2, 23], [10, 30]], ""group_proportions"": [0.45305164319248825, 0.4413145539906103, 0.046948356807511735, 0.05868544600938967], ""val_group_counts"": [49, 47, 20, 32], ""val_total"": 148}","{""num_groups"": 4, ""eta"": 1.0, ""update_mode"": ""softmax"", ""robust_objective"": ""weighted"", ""gamma"": 0.9, ""kl_lambda"": 0.0, ""initial_pi"": [0.4530516564846039, 0.44131454825401306, 0.04694835841655731, 0.05868544429540634]}",2026-09-14T15:45:57.062995,29,0.16897607098023096,0.8854166666666666,0.001,0.7783783783783784,0.7882349263684357,0.65,0.92,"[0.8032786885245902, 0.7796610169491526, 0.92, 0.65]","[0.49017579814602363, 0.6843779475578122, 0.7863431944473995, 1.376274098239628]","[0.7349397590361446, 0.8137254901960784]","[[0.7272727272727273, 0.8928571428571429], [0.8421052631578947, 0.6666666666666666], [0.0, 1.0], [0.5, 0.7]]","[61, 59, 25, 40]",0.775199312409235,"[0.8032258064516129, 0.7570478302185619, 0.4791666666666667, 0.5833333333333333]",0.4791666666666667,1.376274098239628,0.7162162162162162,0.742099978289188,0.625,0.95,"[0.7551020408163265, 0.6382978723404256, 0.95, 0.625]","[0.5295404774108331, 0.8920744062064493, 0.5063260643723879, 1.5742973971584888]","[0.7878787878787878, 0.6585365853658537]","[[0.7037037037037037, 0.8181818181818182], [0.8666666666666667, 0.23529411764705882], [0.0, 1.0], [0.875, 0.5416666666666666]]","[49, 47, 20, 32]",0.7161643835616438,"[0.7550000000000001, 0.5368115942028986, 0.48717948717948717, 0.611336032388664]",0.48717948717948717,1.5742973971584888,"[0.25, 0.25, 0.25, 0.25]","[0.2519756456216176, 0.260856735209624, 0.001307592737854672, 0.09498367260675877]","[0.25, 0.25, 0.25, 0.25]","[0.4530516564846039, 0.44131454825401306, 0.04694835841655731, 0.05868544429540634]",0.0
"{""run_name"": ""fedheart_exp_paper_hetagg_gdro"", ""seed"": 42, ""run_dir"": ""runs/fedheart_cv/RegretDRO_s42_f1"", ""use_fedheart"": true, ""num_classes"": 2, ""stratified_batching"": true, ""train_frac"": 0.8, ""group_max_train_samples"": [null, null, 20, 25], ""true_hetero_input_dim"": true, ""feature_mask"": [[0, 1, 2, 3, 5, 6, 7, 8, 9, 10], [0, 1, 2, 3, 5, 6, 11, 12], [0, 1, 2, 4, 5, 7, 11, 12], [0, 1, 2, 4, 5, 6, 8, 9, 10]], ""batch_size"": 64, ""num_workers"": 0, ""epochs"": 100, ""early_stopping_patience"": 30, ""lr"": 0.001, ""weight_decay"": 0.0001, ""optimizer"": ""adam"", ""grad_clip"": 1.0, ""lr_scheduler"": ""cosine"", ""lr_min"": 1e-05, ""latent_dim"": 64, ""head_hidden"": 32, ""groups"": [{""name"": ""cleveland"", ""encoder"": ""mlp_tabular_ln"", ""input_dim"": 10, ""hidden_dim"": 64, ""dropout"": 0.1}, {""name"": ""hungarian"", ""encoder"": ""mlp_tabular_ln"", ""input_dim"": 8, ""hidden_dim"": 64, ""dropout"": 0.1}, {""name"": ""switzerland"", ""encoder"": ""mlp_tabular_ln"", ""input_dim"": 8, ""hidden_dim"": 64, ""dropout"": 0.1}, {""name"": ""va_long_beach"", ""encoder"": ""mlp_tabular_ln"", ""input_dim"": 9, ""hidden_dim"": 64, ""dropout"": 0.1}], ""anchor_eps"": 0.0001, ""sep_samples_per_class"": 4, ""sep_method"": ""classifier"", ""sep_margin"": 1.0, ""lambda_fit"": 0.001, ""lambda_sep"": 0.001, ""groupdro_enabled"": true, ""groupdro_eta"": 1.0, ""groupdro_gamma"": 0.9, ""groupdro_update_mode"": ""softmax"", ""groupdro_objective"": ""weighted"", ""groupdro_kl_lambda"": 0.0, ""groupdro_uniform_init"": true, ""log_interval"": 20, ""save_every"": 10, ""val_frac"": 0.2, ""impute_missing"": true, ""common_encoder"": false, ""use_regret"": true, ""optimal_losses"": [0.49934679966136675, 0.5924033531758973, 0.4240419712328326, 1.4799922526387188], ""data_split_seed"": 1001}","{""num_groups"": 4, ""num_classes"": 2, ""train_total"": 426, ""test_total"": 185, ""train_group_counts"": [193, 188, 20, 25], ""test_group_counts"": [61, 59, 25, 40], ""train_class_counts"": [233, 193], ""test_class_counts"": [83, 102], ""train_group_class_counts"": [[104, 89], [120, 68], [1, 19], [8, 17]], ""test_group_class_counts"": [[33, 28], [38, 21], [2, 23], [10, 30]], ""group_proportions"": [0.45305164319248825, 0.4413145539906103, 0.046948356807511735, 0.05868544600938967], ""val_group_counts"": [49, 47, 20, 32], ""val_total"": 148}","{""num_groups"": 4, ""eta"": 1.0, ""update_mode"": ""softmax"", ""robust_objective"": ""weighted"", ""gamma"": 0.9, ""kl_lambda"": 0.0, ""initial_pi"": [0.4530516564846039, 0.44131454825401306, 0.04694835841655731, 0.05868544429540634]}",2026-09-14T15:45:57.062995,30,0.15804575135310492,0.9010416666666666,0.001,0.7621621621621621,0.7739271325368158,0.625,0.92,"[0.7540983606557377, 0.7966101694915254, 0.92, 0.625]","[0.4892288252375409, 0.6916918462473836, 0.7967473500595952, 1.4454170485292708]","[0.7469879518072289, 0.7745098039215687]","[[0.7272727272727273, 0.7857142857142857], [0.868421052631579, 0.6666666666666666], [0.0, 1.0], [0.5, 0.6666666666666666]]","[61, 59, 25, 40]",0.7601367279585101,"[0.7538337368845844, 0.773076923076923, 0.4791666666666667, 0.5636363636363636]",0.4791666666666667,1.4454170485292708,0.7162162162162162,0.7418828701693443,0.6170212765957447,0.95,"[0.7755102040816326, 0.6170212765957447, 0.95, 0.625]","[0.5270094898605377, 0.9264063761232698, 0.5138756383546934, 1.6684112956659192]","[0.7878787878787878, 0.6585365853658537]","[[0.7037037037037037, 0.8636363636363636], [0.8666666666666667, 0.17647058823529413], [0.0, 1.0], [0.875, 0.5416666666666666]]","[49, 47, 20, 32]",0.7161643835616438,"[0.7755102040816326, 0.49642857142857144, 0.48717948717948717, 0.611336032388664]",0.48717948717948717,1.6684112956659192,"[0.25, 0.25, 0.25, 0.25]","[0.24259540190299353, 0.2780936136841774, 0.000657835230716349, 0.04609708456943432]","[0.25, 0.25, 0.25, 0.25]","[0.4530516564846039, 0.44131454825401306, 0.04694835841655731, 0.05868544429540634]",0.0
"{""run_name"": ""fedheart_exp_paper_hetagg_gdro"", ""seed"": 42, ""run_dir"": ""runs/fedheart_cv/RegretDRO_s42_f1"", ""use_fedheart"": true, ""num_classes"": 2, ""stratified_batching"": true, ""train_frac"": 0.8, ""group_max_train_samples"": [null, null, 20, 25], ""true_hetero_input_dim"": true, ""feature_mask"": [[0, 1, 2, 3, 5, 6, 7, 8, 9, 10], [0, 1, 2, 3, 5, 6, 11, 12], [0, 1, 2, 4, 5, 7, 11, 12], [0, 1, 2, 4, 5, 6, 8, 9, 10]], ""batch_size"": 64, ""num_workers"": 0, ""epochs"": 100, ""early_stopping_patience"": 30, ""lr"": 0.001, ""weight_decay"": 0.0001, ""optimizer"": ""adam"", ""grad_clip"": 1.0, ""lr_scheduler"": ""cosine"", ""lr_min"": 1e-05, ""latent_dim"": 64, ""head_hidden"": 32, ""groups"": [{""name"": ""cleveland"", ""encoder"": ""mlp_tabular_ln"", ""input_dim"": 10, ""hidden_dim"": 64, ""dropout"": 0.1}, {""name"": ""hungarian"", ""encoder"": ""mlp_tabular_ln"", ""input_dim"": 8, ""hidden_dim"": 64, ""dropout"": 0.1}, {""name"": ""switzerland"", ""encoder"": ""mlp_tabular_ln"", ""input_dim"": 8, ""hidden_dim"": 64, ""dropout"": 0.1}, {""name"": ""va_long_beach"", ""encoder"": ""mlp_tabular_ln"", ""input_dim"": 9, ""hidden_dim"": 64, ""dropout"": 0.1}], ""anchor_eps"": 0.0001, ""sep_samples_per_class"": 4, ""sep_method"": ""classifier"", ""sep_margin"": 1.0, ""lambda_fit"": 0.001, ""lambda_sep"": 0.001, ""groupdro_enabled"": true, ""groupdro_eta"": 1.0, ""groupdro_gamma"": 0.9, ""groupdro_update_mode"": ""softmax"", ""groupdro_objective"": ""weighted"", ""groupdro_kl_lambda"": 0.0, ""groupdro_uniform_init"": true, ""log_interval"": 20, ""save_every"": 10, ""val_frac"": 0.2, ""impute_missing"": true, ""common_encoder"": false, ""use_regret"": true, ""optimal_losses"": [0.49934679966136675, 0.5924033531758973, 0.4240419712328326, 1.4799922526387188], ""data_split_seed"": 1001}","{""num_groups"": 4, ""num_classes"": 2, ""train_total"": 426, ""test_total"": 185, ""train_group_counts"": [193, 188, 20, 25], ""test_group_counts"": [61, 59, 25, 40], ""train_class_counts"": [233, 193], ""test_class_counts"": [83, 102], ""train_group_class_counts"": [[104, 89], [120, 68], [1, 19], [8, 17]], ""test_group_class_counts"": [[33, 28], [38, 21], [2, 23], [10, 30]], ""group_proportions"": [0.45305164319248825, 0.4413145539906103, 0.046948356807511735, 0.05868544600938967], ""val_group_counts"": [49, 47, 20, 32], ""val_total"": 148}","{""num_groups"": 4, ""eta"": 1.0, ""update_mode"": ""softmax"", ""robust_objective"": ""weighted"", ""gamma"": 0.9, ""kl_lambda"": 0.0, ""initial_pi"": [0.4530516564846039, 0.44131454825401306, 0.04694835841655731, 0.05868544429540634]}",2026-09-14T15:45:57.062995,31,0.16041766355435053,0.8984375,0.001,0.7675675675675676,0.7780254931925534,0.625,0.92,"[0.7704918032786885, 0.7966101694915254, 0.92, 0.625]","[0.492920101066807, 0.6922435891652733, 0.8048982613412227, 1.5183822110349865]","[0.7590361445783133, 0.7745098039215687]","[[0.7575757575757576, 0.7857142857142857], [0.868421052631579, 0.6666666666666666], [0.0, 1.0], [0.5, 0.6666666666666666]]","[61, 59, 25, 40]",0.7658158909594042,"[0.7699353448275861, 0.773076923076923, 0.4791666666666667, 0.5636363636363636]",0.4791666666666667,1.5183822110349865,0.7094594594594594,0.7367808293530178,0.6170212765957447,0.95,"[0.7551020408163265, 0.6170212765957447, 0.95, 0.625]","[0.5304609594286933, 0.9324431454544847, 0.5197798442906787, 1.7675922694413657]","[0.7878787878787878, 0.6463414634146342]","[[0.7037037037037037, 0.8181818181818182], [0.8666666666666667, 0.17647058823529413], [0.0, 1.0], [0.875, 0.5416666666666666]]","[49, 47, 20, 32]",0.7094461945852166,"[0.7550000000000001, 0.49642857142857144, 0.48717948717948717, 0.611336032388664]",0.48717948717948717,1.7675922694413657,"[0.25, 0.25, 0.25, 0.25]","[0.25517798215150833, 0.2836553528904915, 0.0005914116923122492, 0.039498285468046866]","[0.25, 0.25, 0.25, 0.25]","[0.4530516564846039, 0.44131454825401306, 0.04694835841655731, 0.05868544429540634]",0.0
"{""run_name"": ""fedheart_exp_paper_hetagg_gdro"", ""seed"": 42, ""run_dir"": ""runs/fedheart_cv/RegretDRO_s42_f1"", ""use_fedheart"": true, ""num_classes"": 2, ""stratified_batching"": true, ""train_frac"": 0.8, ""group_max_train_samples"": [null, null, 20, 25], ""true_hetero_input_dim"": true, ""feature_mask"": [[0, 1, 2, 3, 5, 6, 7, 8, 9, 10], [0, 1, 2, 3, 5, 6, 11, 12], [0, 1, 2, 4, 5, 7, 11, 12], [0, 1, 2, 4, 5, 6, 8, 9, 10]], ""batch_size"": 64, ""num_workers"": 0, ""epochs"": 100, ""early_stopping_patience"": 30, ""lr"": 0.001, ""weight_decay"": 0.0001, ""optimizer"": ""adam"", ""grad_clip"": 1.0, ""lr_scheduler"": ""cosine"", ""lr_min"": 1e-05, ""latent_dim"": 64, ""head_hidden"": 32, ""groups"": [{""name"": ""cleveland"", ""encoder"": ""mlp_tabular_ln"", ""input_dim"": 10, ""hidden_dim"": 64, ""dropout"": 0.1}, {""name"": ""hungarian"", ""encoder"": ""mlp_tabular_ln"", ""input_dim"": 8, ""hidden_dim"": 64, ""dropout"": 0.1}, {""name"": ""switzerland"", ""encoder"": ""mlp_tabular_ln"", ""input_dim"": 8, ""hidden_dim"": 64, ""dropout"": 0.1}, {""name"": ""va_long_beach"", ""encoder"": ""mlp_tabular_ln"", ""input_dim"": 9, ""hidden_dim"": 64, ""dropout"": 0.1}], ""anchor_eps"": 0.0001, ""sep_samples_per_class"": 4, ""sep_method"": ""classifier"", ""sep_margin"": 1.0, ""lambda_fit"": 0.001, ""lambda_sep"": 0.001, ""groupdro_enabled"": true, ""groupdro_eta"": 1.0, ""groupdro_gamma"": 0.9, ""groupdro_update_mode"": ""softmax"", ""groupdro_objective"": ""weighted"", ""groupdro_kl_lambda"": 0.0, ""groupdro_uniform_init"": true, ""log_interval"": 20, ""save_every"": 10, ""val_frac"": 0.2, ""impute_missing"": true, ""common_encoder"": false, ""use_regret"": true, ""optimal_losses"": [0.49934679966136675, 0.5924033531758973, 0.4240419712328326, 1.4799922526387188], ""data_split_seed"": 1001}","{""num_groups"": 4, ""num_classes"": 2, ""train_total"": 426, ""test_total"": 185, ""train_group_counts"": [193, 188, 20, 25], ""test_group_counts"": [61, 59, 25, 40], ""train_class_counts"": [233, 193], ""test_class_counts"": [83, 102], ""train_group_class_counts"": [[104, 89], [120, 68], [1, 19], [8, 17]], ""test_group_class_counts"": [[33, 28], [38, 21], [2, 23], [10, 30]], ""group_proportions"": [0.45305164319248825, 0.4413145539906103, 0.046948356807511735, 0.05868544600938967], ""val_group_counts"": [49, 47, 20, 32], ""val_total"": 148}","{""num_groups"": 4, ""eta"": 1.0, ""update_mode"": ""softmax"", ""robust_objective"": ""weighted"", ""gamma"": 0.9, ""kl_lambda"": 0.0, ""initial_pi"": [0.4530516564846039, 0.44131454825401306, 0.04694835841655731, 0.05868544429540634]}",2026-09-14T15:45:57.062995,32,0.1714699206252893,0.8958333333333334,0.001,0.7621621621621621,0.7739271325368158,0.625,0.92,"[0.7540983606557377, 0.7966101694915254, 0.92, 0.625]","[0.4959726628416111, 0.7086315404414594, 0.8122052368972436, 1.5477587151022818]","[0.7469879518072289, 0.7745098039215687]","[[0.7272727272727273, 0.7857142857142857], [0.868421052631579, 0.6666666666666666], [0.0, 1.0], [0.5, 0.6666666666666666]]","[61, 59, 25, 40]",0.7601367279585101,"[0.7538337368845844, 0.773076923076923, 0.4791666666666667, 0.5636363636363636]",0.4791666666666667,1.5477587151022818,0.7094594594594594,0.7367808293530178,0.6170212765957447,0.95,"[0.7551020408163265, 0.6170212765957447, 0.95, 0.625]","[0.5478594553875452, 0.9440371064578202, 0.5253942424034903, 1.8050443689915028]","[0.7878787878787878, 0.6463414634146342]","[[0.7037037037037037, 0.8181818181818182], [0.8666666666666667, 0.17647058823529413], [0.0, 1.0], [0.875, 0.5416666666666666]]","[49, 47, 20, 32]",0.7094461945852166,"[0.7550000000000001, 0.49642857142857144, 0.48717948717948717, 0.611336032388664]",0.48717948717948717,1.8050443689915028,"[0.25, 0.25, 0.25, 0.25]","[0.24700598667065302, 0.2796775897343953, 0.0065029822580982, 0.09020556168009837]","[0.25, 0.25, 0.25, 0.25]","[0.4530516564846039, 0.44131454825401306, 0.04694835841655731, 0.05868544429540634]",0.0
"{""run_name"": ""fedheart_exp_paper_hetagg_gdro"", ""seed"": 42, ""run_dir"": ""runs/fedheart_cv/RegretDRO_s42_f1"", ""use_fedheart"": true, ""num_classes"": 2, ""stratified_batching"": true, ""train_frac"": 0.8, ""group_max_train_samples"": [null, null, 20, 25], ""true_hetero_input_dim"": true, ""feature_mask"": [[0, 1, 2, 3, 5, 6, 7, 8, 9, 10], [0, 1, 2, 3, 5, 6, 11, 12], [0, 1, 2, 4, 5, 7, 11, 12], [0, 1, 2, 4, 5, 6, 8, 9, 10]], ""batch_size"": 64, ""num_workers"": 0, ""epochs"": 100, ""early_stopping_patience"": 30, ""lr"": 0.001, ""weight_decay"": 0.0001, ""optimizer"": ""adam"", ""grad_clip"": 1.0, ""lr_scheduler"": ""cosine"", ""lr_min"": 1e-05, ""latent_dim"": 64, ""head_hidden"": 32, ""groups"": [{""name"": ""cleveland"", ""encoder"": ""mlp_tabular_ln"", ""input_dim"": 10, ""hidden_dim"": 64, ""dropout"": 0.1}, {""name"": ""hungarian"", ""encoder"": ""mlp_tabular_ln"", ""input_dim"": 8, ""hidden_dim"": 64, ""dropout"": 0.1}, {""name"": ""switzerland"", ""encoder"": ""mlp_tabular_ln"", ""input_dim"": 8, ""hidden_dim"": 64, ""dropout"": 0.1}, {""name"": ""va_long_beach"", ""encoder"": ""mlp_tabular_ln"", ""input_dim"": 9, ""hidden_dim"": 64, ""dropout"": 0.1}], ""anchor_eps"": 0.0001, ""sep_samples_per_class"": 4, ""sep_method"": ""classifier"", ""sep_margin"": 1.0, ""lambda_fit"": 0.001, ""lambda_sep"": 0.001, ""groupdro_enabled"": true, ""groupdro_eta"": 1.0, ""groupdro_gamma"": 0.9, ""groupdro_update_mode"": ""softmax"", ""groupdro_objective"": ""weighted"", ""groupdro_kl_lambda"": 0.0, ""groupdro_uniform_init"": true, ""log_interval"": 20, ""save_every"": 10, ""val_frac"": 0.2, ""impute_missing"": true, ""common_encoder"": false, ""use_regret"": true, ""optimal_losses"": [0.49934679966136675, 0.5924033531758973, 0.4240419712328326, 1.4799922526387188], ""data_split_seed"": 1001}","{""num_groups"": 4, ""num_classes"": 2, ""train_total"": 426, ""test_total"": 185, ""train_group_counts"": [193, 188, 20, 25], ""test_group_counts"": [61, 59, 25, 40], ""train_class_counts"": [233, 193], ""test_class_counts"": [83, 102], ""train_group_class_counts"": [[104, 89], [120, 68], [1, 19], [8, 17]], ""test_group_class_counts"": [[33, 28], [38, 21], [2, 23], [10, 30]], ""group_proportions"": [0.45305164319248825, 0.4413145539906103, 0.046948356807511735, 0.05868544600938967], ""val_group_counts"": [49, 47, 20, 32], ""val_total"": 148}","{""num_groups"": 4, ""eta"": 1.0, ""update_mode"": ""softmax"", ""robust_objective"": ""weighted"", ""gamma"": 0.9, ""kl_lambda"": 0.0, ""initial_pi"": [0.4530516564846039, 0.44131454825401306, 0.04694835841655731, 0.05868544429540634]}",2026-09-14T15:45:57.062995,33,0.16931035369634628,0.9010416666666666,0.001,0.7621621621621621,0.7739271325368158,0.625,0.92,"[0.7540983606557377, 0.7966101694915254, 0.92, 0.625]","[0.49927093134047923, 0.7225566935356533, 0.815795616796022, 1.5644912593854314]","[0.7469879518072289, 0.7745098039215687]","[[0.7272727272727273, 0.7857142857142857], [0.868421052631579, 0.6666666666666666], [0.0, 1.0], [0.5, 0.6666666666666666]]","[61, 59, 25, 40]",0.7601367279585101,"[0.7538337368845844, 0.773076923076923, 0.4791666666666667, 0.5636363636363636]",0.4791666666666667,1.5644912593854314,0.7094594594594594,0.7367808293530178,0.6170212765957447,0.95,"[0.7551020408163265, 0.6170212765957447, 0.95, 0.625]","[0.5500159503212578, 0.9575201494203127, 0.5285479767047037, 1.8424881959407458]","[0.7878787878787878, 0.6463414634146342]","[[0.7037037037037037, 0.8181818181818182], [0.8666666666666667, 0.17647058823529413], [0.0, 1.0], [0.875, 0.5416666666666666]]","[49, 47, 20, 32]",0.7094461945852166,"[0.7550000000000001, 0.49642857142857144, 0.48717948717948717, 0.611336032388664]",0.48717948717948717,1.8424881959407458,"[0.25, 0.25, 0.25, 0.25]","[0.27481787900129956, 0.2845722958445549, 0.005203541728254398, 0.052262480525920786]","[0.25, 0.25, 0.25, 0.25]","[0.4530516564846039, 0.44131454825401306, 0.04694835841655731, 0.05868544429540634]",0.0
"{""run_name"": ""fedheart_exp_paper_hetagg_gdro"", ""seed"": 42, ""run_dir"": ""runs/fedheart_cv/RegretDRO_s42_f1"", ""use_fedheart"": true, ""num_classes"": 2, ""stratified_batching"": true, ""train_frac"": 0.8, ""group_max_train_samples"": [null, null, 20, 25], ""true_hetero_input_dim"": true, ""feature_mask"": [[0, 1, 2, 3, 5, 6, 7, 8, 9, 10], [0, 1, 2, 3, 5, 6, 11, 12], [0, 1, 2, 4, 5, 7, 11, 12], [0, 1, 2, 4, 5, 6, 8, 9, 10]], ""batch_size"": 64, ""num_workers"": 0, ""epochs"": 100, ""early_stopping_patience"": 30, ""lr"": 0.001, ""weight_decay"": 0.0001, ""optimizer"": ""adam"", ""grad_clip"": 1.0, ""lr_scheduler"": ""cosine"", ""lr_min"": 1e-05, ""latent_dim"": 64, ""head_hidden"": 32, ""groups"": [{""name"": ""cleveland"", ""encoder"": ""mlp_tabular_ln"", ""input_dim"": 10, ""hidden_dim"": 64, ""dropout"": 0.1}, {""name"": ""hungarian"", ""encoder"": ""mlp_tabular_ln"", ""input_dim"": 8, ""hidden_dim"": 64, ""dropout"": 0.1}, {""name"": ""switzerland"", ""encoder"": ""mlp_tabular_ln"", ""input_dim"": 8, ""hidden_dim"": 64, ""dropout"": 0.1}, {""name"": ""va_long_beach"", ""encoder"": ""mlp_tabular_ln"", ""input_dim"": 9, ""hidden_dim"": 64, ""dropout"": 0.1}], ""anchor_eps"": 0.0001, ""sep_samples_per_class"": 4, ""sep_method"": ""classifier"", ""sep_margin"": 1.0, ""lambda_fit"": 0.001, ""lambda_sep"": 0.001, ""groupdro_enabled"": true, ""groupdro_eta"": 1.0, ""groupdro_gamma"": 0.9, ""groupdro_update_mode"": ""softmax"", ""groupdro_objective"": ""weighted"", ""groupdro_kl_lambda"": 0.0, ""groupdro_uniform_init"": true, ""log_interval"": 20, ""save_every"": 10, ""val_frac"": 0.2, ""impute_missing"": true, ""common_encoder"": false, ""use_regret"": true, ""optimal_losses"": [0.49934679966136675, 0.5924033531758973, 0.4240419712328326, 1.4799922526387188], ""data_split_seed"": 1001}","{""num_groups"": 4, ""num_classes"": 2, ""train_total"": 426, ""test_total"": 185, ""train_group_counts"": [193, 188, 20, 25], ""test_group_counts"": [61, 59, 25, 40], ""train_class_counts"": [233, 193], ""test_class_counts"": [83, 102], ""train_group_class_counts"": [[104, 89], [120, 68], [1, 19], [8, 17]], ""test_group_class_counts"": [[33, 28], [38, 21], [2, 23], [10, 30]], ""group_proportions"": [0.45305164319248825, 0.4413145539906103, 0.046948356807511735, 0.05868544600938967], ""val_group_counts"": [49, 47, 20, 32], ""val_total"": 148}","{""num_groups"": 4, ""eta"": 1.0, ""update_mode"": ""softmax"", ""robust_objective"": ""weighted"", ""gamma"": 0.9, ""kl_lambda"": 0.0, ""initial_pi"": [0.4530516564846039, 0.44131454825401306, 0.04694835841655731, 0.05868544429540634]}",2026-09-14T15:45:57.062995,34,0.14077932884295782,0.9375,0.001,0.7621621621621621,0.7739271325368158,0.625,0.92,"[0.7540983606557377, 0.7966101694915254, 0.92, 0.625]","[0.5151981260554988, 0.7354881349641246, 0.8184740917839736, 1.5862407052386516]","[0.7469879518072289, 0.7745098039215687]","[[0.7272727272727273, 0.7857142857142857], [0.868421052631579, 0.6666666666666666], [0.0, 1.0], [0.5, 0.6666666666666666]]","[61, 59, 25, 40]",0.7601367279585101,"[0.7538337368845844, 0.773076923076923, 0.4791666666666667, 0.5636363636363636]",0.4791666666666667,1.5862407052386516,0.7162162162162162,0.7418828701693443,0.6170212765957447,0.95,"[0.7755102040816326, 0.6170212765957447, 0.95, 0.625]","[0.5667732028808559, 0.9765537164639682, 0.5308529502716738, 1.8692718818034564]","[0.803030303030303, 0.6463414634146342]","[[0.7407407407407407, 0.8181818181818182], [0.8666666666666667, 0.17647058823529413], [0.0, 1.0], [0.875, 0.5416666666666666]]","[49, 47, 20, 32]",0.7162162162162163,"[0.7751355861493534, 0.49642857142857144, 0.48717948717948717, 0.611336032388664]",0.48717948717948717,1.8692718818034564,"[0.25, 0.25, 0.25, 0.25]","[0.19261109828948975, 0.23692797496914864, 0.014350777543162016, 0.058367932525773845]","[0.25, 0.25, 0.25, 0.25]","[0.4530516564846039, 0.44131454825401306, 0.04694835841655731, 0.05868544429540634]",0.0
"{""run_name"": ""fedheart_exp_paper_hetagg_gdro"", ""seed"": 42, ""run_dir"": ""runs/fedheart_cv/RegretDRO_s42_f1"", ""use_fedheart"": true, ""num_classes"": 2, ""stratified_batching"": true, ""train_frac"": 0.8, ""group_max_train_samples"": [null, null, 20, 25], ""true_hetero_input_dim"": true, ""feature_mask"": [[0, 1, 2, 3, 5, 6, 7, 8, 9, 10], [0, 1, 2, 3, 5, 6, 11, 12], [0, 1, 2, 4, 5, 7, 11, 12], [0, 1, 2, 4, 5, 6, 8, 9, 10]], ""batch_size"": 64, ""num_workers"": 0, ""epochs"": 100, ""early_stopping_patience"": 30, ""lr"": 0.001, ""weight_decay"": 0.0001, ""optimizer"": ""adam"", ""grad_clip"": 1.0, ""lr_scheduler"": ""cosine"", ""lr_min"": 1e-05, ""latent_dim"": 64, ""head_hidden"": 32, ""groups"": [{""name"": ""cleveland"", ""encoder"": ""mlp_tabular_ln"", ""input_dim"": 10, ""hidden_dim"": 64, ""dropout"": 0.1}, {""name"": ""hungarian"", ""encoder"": ""mlp_tabular_ln"", ""input_dim"": 8, ""hidden_dim"": 64, ""dropout"": 0.1}, {""name"": ""switzerland"", ""encoder"": ""mlp_tabular_ln"", ""input_dim"": 8, ""hidden_dim"": 64, ""dropout"": 0.1}, {""name"": ""va_long_beach"", ""encoder"": ""mlp_tabular_ln"", ""input_dim"": 9, ""hidden_dim"": 64, ""dropout"": 0.1}], ""anchor_eps"": 0.0001, ""sep_samples_per_class"": 4, ""sep_method"": ""classifier"", ""sep_margin"": 1.0, ""lambda_fit"": 0.001, ""lambda_sep"": 0.001, ""groupdro_enabled"": true, ""groupdro_eta"": 1.0, ""groupdro_gamma"": 0.9, ""groupdro_update_mode"": ""softmax"", ""groupdro_objective"": ""weighted"", ""groupdro_kl_lambda"": 0.0, ""groupdro_uniform_init"": true, ""log_interval"": 20, ""save_every"": 10, ""val_frac"": 0.2, ""impute_missing"": true, ""common_encoder"": false, ""use_regret"": true, ""optimal_losses"": [0.49934679966136675, 0.5924033531758973, 0.4240419712328326, 1.4799922526387188], ""data_split_seed"": 1001}","{""num_groups"": 4, ""num_classes"": 2, ""train_total"": 426, ""test_total"": 185, ""train_group_counts"": [193, 188, 20, 25], ""test_group_counts"": [61, 59, 25, 40], ""train_class_counts"": [233, 193], ""test_class_counts"": [83, 102], ""train_group_class_counts"": [[104, 89], [120, 68], [1, 19], [8, 17]], ""test_group_class_counts"": [[33, 28], [38, 21], [2, 23], [10, 30]], ""group_proportions"": [0.45305164319248825, 0.4413145539906103, 0.046948356807511735, 0.05868544600938967], ""val_group_counts"": [49, 47, 20, 32], ""val_total"": 148}","{""num_groups"": 4, ""eta"": 1.0, ""update_mode"": ""softmax"", ""robust_objective"": ""weighted"", ""gamma"": 0.9, ""kl_lambda"": 0.0, ""initial_pi"": [0.4530516564846039, 0.44131454825401306, 0.04694835841655731, 0.05868544429540634]}",2026-09-14T15:45:57.062995,35,0.14260630185405412,0.9140625,0.001,0.7621621621621621,0.7739271325368158,0.625,0.92,"[0.7540983606557377, 0.7966101694915254, 0.92, 0.625]","[0.5190677925530195, 0.7560687080248638, 0.8212484447158931, 1.663971239823968]","[0.7469879518072289, 0.7745098039215687]","[[0.7272727272727273, 0.7857142857142857], [0.868421052631579, 0.6666666666666666], [0.0, 1.0], [0.5, 0.6666666666666666]]","[61, 59, 25, 40]",0.7601367279585101,"[0.7538337368845844, 0.773076923076923, 0.4791666666666667, 0.5636363636363636]",0.4791666666666667,1.663971239823968,0.7162162162162162,0.7418828701693443,0.6170212765957447,0.95,"[0.7755102040816326, 0.6170212765957447, 0.95, 0.625]","[0.5785531147730023, 1.0231589322359835, 0.5327767240332377, 1.972324751237693]","[0.803030303030303, 0.6463414634146342]","[[0.7407407407407407, 0.8181818181818182], [0.8666666666666667, 0.17647058823529413], [0.0, 1.0], [0.875, 0.5416666666666666]]","[49, 47, 20, 32]",0.7162162162162163,"[0.7751355861493534, 0.49642857142857144, 0.48717948717948717, 0.611336032388664]",0.48717948717948717,1.972324751237693,"[0.25, 0.25, 0.25, 0.25]","[0.24221028884251913, 0.23143132403492928, 0.0027573000891910246, 0.03385472534379611]","[0.25177644193172455, 0.24940785765647888, 0.24940785765647888, 0.24940785765647888]","[0.4530516564846039, 0.44131454825401306, 0.04694835841655731, 0.05868544429540634]",0.0
