config,dataset_info,groupdro_config,start_time,epoch,train_loss,train_acc,learning_rate,test_overall_acc,test_balanced_acc,test_worst_group_acc,test_best_group_acc,test_per_group_acc,test_per_group_loss,test_per_class_acc,test_per_group_per_class_acc,test_per_group_counts,test_overall_macro_f1,test_per_group_f1,test_worst_group_f1,test_worst_group_loss,groupdro_weights,groupdro_pi,groupdro_kl_penalty
"{""run_name"": ""fedheart_exp_paper_hetagg_gdro"", ""seed"": 7, ""run_dir"": ""runs/matrix_fedheart/PerGroupOnly_s7"", ""use_fedheart"": true, ""num_classes"": 2, ""stratified_batching"": true, ""train_frac"": 0.8, ""group_max_train_samples"": [null, null, 20, 25], ""true_hetero_input_dim"": true, ""feature_mask"": [[0, 1, 2, 3, 5, 6, 7, 8, 9, 10], [0, 1, 2, 3, 5, 6, 11, 12], [0, 1, 2, 4, 5, 7, 11, 12], [0, 1, 2, 4, 5, 6, 8, 9, 10]], ""batch_size"": 64, ""num_workers"": 0, ""epochs"": 100, ""early_stopping_patience"": 30, ""lr"": 0.001, ""weight_decay"": 0.0001, ""optimizer"": ""adam"", ""grad_clip"": 1.0, ""lr_scheduler"": ""cosine"", ""lr_min"": 1e-05, ""latent_dim"": 64, ""head_hidden"": 32, ""groups"": [{""name"": ""cleveland"", ""encoder"": ""mlp_tabular_ln"", ""input_dim"": 10, ""hidden_dim"": 64, ""dropout"": 0.1}, {""name"": ""hungarian"", ""encoder"": ""mlp_tabular_ln"", ""input_dim"": 8, ""hidden_dim"": 64, ""dropout"": 0.1}, {""name"": ""switzerland"", ""encoder"": ""mlp_tabular_ln"", ""input_dim"": 8, ""hidden_dim"": 64, ""dropout"": 0.1}, {""name"": ""va_long_beach"", ""encoder"": ""mlp_tabular_ln"", ""input_dim"": 9, ""hidden_dim"": 64, ""dropout"": 0.1}], ""anchor_eps"": 0.0001, ""sep_samples_per_class"": 4, ""sep_method"": ""classifier"", ""sep_margin"": 1.0, ""lambda_fit"": 0.001, ""lambda_sep"": 0.001, ""groupdro_enabled"": false, ""groupdro_eta"": 1.0, ""groupdro_gamma"": 0.9, ""groupdro_update_mode"": ""softmax"", ""groupdro_objective"": ""weighted"", ""groupdro_kl_lambda"": 0.0, ""groupdro_uniform_init"": true, ""log_interval"": 20, ""save_every"": 10, ""common_encoder"": false, ""use_regret"": false}","{""num_groups"": 4, ""num_classes"": 2, ""train_total"": 495, ""test_total"": 150, ""train_group_counts"": [242, 208, 20, 25], ""test_group_counts"": [61, 53, 10, 26], ""train_class_counts"": [267, 228], ""test_class_counts"": [73, 77], ""train_group_class_counts"": [[131, 111], [130, 78], [0, 20], [6, 19]], ""test_group_class_counts"": [[33, 28], [33, 20], [1, 9], [6, 20]], ""group_proportions"": [0.4888888888888889, 0.4202020202020202, 0.04040404040404041, 0.050505050505050504]}",,2026-09-10T04:19:36.358109,1,0.700802042203791,0.6199095014533306,0.001,0.7266666666666667,0.6870042113778582,0.6,0.8113207547169812,"[0.7213114754098361, 0.8113207547169812, 0.6, 0.6153846153846154]","[0.6091099195793027, 0.5709805005001571, 0.670247596502304, 0.6510977378258338]","[0.8356164383561644, 0.6233766233766234]","[[0.8484848484848485, 0.5714285714285714], [1.0, 0.5], [0.0, 0.6666666666666666], [0.0, 0.8]]","[61, 53, 10, 26]",0.7245980923380055,"[0.7100922560805143, 0.7675438596491229, 0.375, 0.380952380952381]",0.375,0.670247596502304,,,
"{""run_name"": ""fedheart_exp_paper_hetagg_gdro"", ""seed"": 7, ""run_dir"": ""runs/matrix_fedheart/PerGroupOnly_s7"", ""use_fedheart"": true, ""num_classes"": 2, ""stratified_batching"": true, ""train_frac"": 0.8, ""group_max_train_samples"": [null, null, 20, 25], ""true_hetero_input_dim"": true, ""feature_mask"": [[0, 1, 2, 3, 5, 6, 7, 8, 9, 10], [0, 1, 2, 3, 5, 6, 11, 12], [0, 1, 2, 4, 5, 7, 11, 12], [0, 1, 2, 4, 5, 6, 8, 9, 10]], ""batch_size"": 64, ""num_workers"": 0, ""epochs"": 100, ""early_stopping_patience"": 30, ""lr"": 0.001, ""weight_decay"": 0.0001, ""optimizer"": ""adam"", ""grad_clip"": 1.0, ""lr_scheduler"": ""cosine"", ""lr_min"": 1e-05, ""latent_dim"": 64, ""head_hidden"": 32, ""groups"": [{""name"": ""cleveland"", ""encoder"": ""mlp_tabular_ln"", ""input_dim"": 10, ""hidden_dim"": 64, ""dropout"": 0.1}, {""name"": ""hungarian"", ""encoder"": ""mlp_tabular_ln"", ""input_dim"": 8, ""hidden_dim"": 64, ""dropout"": 0.1}, {""name"": ""switzerland"", ""encoder"": ""mlp_tabular_ln"", ""input_dim"": 8, ""hidden_dim"": 64, ""dropout"": 0.1}, {""name"": ""va_long_beach"", ""encoder"": ""mlp_tabular_ln"", ""input_dim"": 9, ""hidden_dim"": 64, ""dropout"": 0.1}], ""anchor_eps"": 0.0001, ""sep_samples_per_class"": 4, ""sep_method"": ""classifier"", ""sep_margin"": 1.0, ""lambda_fit"": 0.001, ""lambda_sep"": 0.001, ""groupdro_enabled"": false, ""groupdro_eta"": 1.0, ""groupdro_gamma"": 0.9, ""groupdro_update_mode"": ""softmax"", ""groupdro_objective"": ""weighted"", ""groupdro_kl_lambda"": 0.0, ""groupdro_uniform_init"": true, ""log_interval"": 20, ""save_every"": 10, ""common_encoder"": false, ""use_regret"": false}","{""num_groups"": 4, ""num_classes"": 2, ""train_total"": 495, ""test_total"": 150, ""train_group_counts"": [242, 208, 20, 25], ""test_group_counts"": [61, 53, 10, 26], ""train_class_counts"": [267, 228], ""test_class_counts"": [73, 77], ""train_group_class_counts"": [[131, 111], [130, 78], [0, 20], [6, 19]], ""test_group_class_counts"": [[33, 28], [33, 20], [1, 9], [6, 20]], ""group_proportions"": [0.4888888888888889, 0.4202020202020202, 0.04040404040404041, 0.050505050505050504]}",,2026-09-10T04:19:36.358109,2,0.6207683668956497,0.7330316728596235,0.001,0.7933333333333333,0.8139980727592853,0.7377049180327869,0.9,"[0.7377049180327869, 0.8490566037735849, 0.9, 0.7692307692307693]","[0.5555926800751295, 0.4877949851863789, 0.5263698399066925, 0.6026790761030637]","[0.7808219178082192, 0.8051948051948052]","[[0.7272727272727273, 0.75], [1.0, 0.6], [0.0, 1.0], [0.0, 1.0]]","[61, 53, 10, 26]",0.7931034482758621,"[0.7370689655172413, 0.8209459459459458, 0.4736842105263158, 0.4347826086956522]",0.4347826086956522,0.6026790761030637,,,
"{""run_name"": ""fedheart_exp_paper_hetagg_gdro"", ""seed"": 7, ""run_dir"": ""runs/matrix_fedheart/PerGroupOnly_s7"", ""use_fedheart"": true, ""num_classes"": 2, ""stratified_batching"": true, ""train_frac"": 0.8, ""group_max_train_samples"": [null, null, 20, 25], ""true_hetero_input_dim"": true, ""feature_mask"": [[0, 1, 2, 3, 5, 6, 7, 8, 9, 10], [0, 1, 2, 3, 5, 6, 11, 12], [0, 1, 2, 4, 5, 7, 11, 12], [0, 1, 2, 4, 5, 6, 8, 9, 10]], ""batch_size"": 64, ""num_workers"": 0, ""epochs"": 100, ""early_stopping_patience"": 30, ""lr"": 0.001, ""weight_decay"": 0.0001, ""optimizer"": ""adam"", ""grad_clip"": 1.0, ""lr_scheduler"": ""cosine"", ""lr_min"": 1e-05, ""latent_dim"": 64, ""head_hidden"": 32, ""groups"": [{""name"": ""cleveland"", ""encoder"": ""mlp_tabular_ln"", ""input_dim"": 10, ""hidden_dim"": 64, ""dropout"": 0.1}, {""name"": ""hungarian"", ""encoder"": ""mlp_tabular_ln"", ""input_dim"": 8, ""hidden_dim"": 64, ""dropout"": 0.1}, {""name"": ""switzerland"", ""encoder"": ""mlp_tabular_ln"", ""input_dim"": 8, ""hidden_dim"": 64, ""dropout"": 0.1}, {""name"": ""va_long_beach"", ""encoder"": ""mlp_tabular_ln"", ""input_dim"": 9, ""hidden_dim"": 64, ""dropout"": 0.1}], ""anchor_eps"": 0.0001, ""sep_samples_per_class"": 4, ""sep_method"": ""classifier"", ""sep_margin"": 1.0, ""lambda_fit"": 0.001, ""lambda_sep"": 0.001, ""groupdro_enabled"": false, ""groupdro_eta"": 1.0, ""groupdro_gamma"": 0.9, ""groupdro_update_mode"": ""softmax"", ""groupdro_objective"": ""weighted"", ""groupdro_kl_lambda"": 0.0, ""groupdro_uniform_init"": true, ""log_interval"": 20, ""save_every"": 10, ""common_encoder"": false, ""use_regret"": false}","{""num_groups"": 4, ""num_classes"": 2, ""train_total"": 495, ""test_total"": 150, ""train_group_counts"": [242, 208, 20, 25], ""test_group_counts"": [61, 53, 10, 26], ""train_class_counts"": [267, 228], ""test_class_counts"": [73, 77], ""train_group_class_counts"": [[131, 111], [130, 78], [0, 20], [6, 19]], ""test_group_class_counts"": [[33, 28], [33, 20], [1, 9], [6, 20]], ""group_proportions"": [0.4888888888888889, 0.4202020202020202, 0.04040404040404041, 0.050505050505050504]}",,2026-09-10T04:19:36.358109,3,0.5823938050960523,0.7511312254953169,0.001,0.82,0.8316287563349116,0.7692307692307693,0.9,"[0.7704918032786885, 0.8867924528301887, 0.9, 0.7692307692307693]","[0.5049934123383194, 0.4105664297657193, 0.41528747975826263, 0.5745237446748294]","[0.7945205479452054, 0.8441558441558441]","[[0.7575757575757576, 0.7857142857142857], [1.0, 0.7], [0.0, 1.0], [0.0, 1.0]]","[61, 53, 10, 26]",0.8196071444479087,"[0.7699353448275861, 0.8700980392156863, 0.4736842105263158, 0.4347826086956522]",0.4347826086956522,0.5745237446748294,,,
"{""run_name"": ""fedheart_exp_paper_hetagg_gdro"", ""seed"": 7, ""run_dir"": ""runs/matrix_fedheart/PerGroupOnly_s7"", ""use_fedheart"": true, ""num_classes"": 2, ""stratified_batching"": true, ""train_frac"": 0.8, ""group_max_train_samples"": [null, null, 20, 25], ""true_hetero_input_dim"": true, ""feature_mask"": [[0, 1, 2, 3, 5, 6, 7, 8, 9, 10], [0, 1, 2, 3, 5, 6, 11, 12], [0, 1, 2, 4, 5, 7, 11, 12], [0, 1, 2, 4, 5, 6, 8, 9, 10]], ""batch_size"": 64, ""num_workers"": 0, ""epochs"": 100, ""early_stopping_patience"": 30, ""lr"": 0.001, ""weight_decay"": 0.0001, ""optimizer"": ""adam"", ""grad_clip"": 1.0, ""lr_scheduler"": ""cosine"", ""lr_min"": 1e-05, ""latent_dim"": 64, ""head_hidden"": 32, ""groups"": [{""name"": ""cleveland"", ""encoder"": ""mlp_tabular_ln"", ""input_dim"": 10, ""hidden_dim"": 64, ""dropout"": 0.1}, {""name"": ""hungarian"", ""encoder"": ""mlp_tabular_ln"", ""input_dim"": 8, ""hidden_dim"": 64, ""dropout"": 0.1}, {""name"": ""switzerland"", ""encoder"": ""mlp_tabular_ln"", ""input_dim"": 8, ""hidden_dim"": 64, ""dropout"": 0.1}, {""name"": ""va_long_beach"", ""encoder"": ""mlp_tabular_ln"", ""input_dim"": 9, ""hidden_dim"": 64, ""dropout"": 0.1}], ""anchor_eps"": 0.0001, ""sep_samples_per_class"": 4, ""sep_method"": ""classifier"", ""sep_margin"": 1.0, ""lambda_fit"": 0.001, ""lambda_sep"": 0.001, ""groupdro_enabled"": false, ""groupdro_eta"": 1.0, ""groupdro_gamma"": 0.9, ""groupdro_update_mode"": ""softmax"", ""groupdro_objective"": ""weighted"", ""groupdro_kl_lambda"": 0.0, ""groupdro_uniform_init"": true, ""log_interval"": 20, ""save_every"": 10, ""common_encoder"": false, ""use_regret"": false}","{""num_groups"": 4, ""num_classes"": 2, ""train_total"": 495, ""test_total"": 150, ""train_group_counts"": [242, 208, 20, 25], ""test_group_counts"": [61, 53, 10, 26], ""train_class_counts"": [267, 228], ""test_class_counts"": [73, 77], ""train_group_class_counts"": [[131, 111], [130, 78], [0, 20], [6, 19]], ""test_group_class_counts"": [[33, 28], [33, 20], [1, 9], [6, 20]], ""group_proportions"": [0.4888888888888889, 0.4202020202020202, 0.04040404040404041, 0.050505050505050504]}",,2026-09-10T04:19:36.358109,4,0.5523416666962981,0.7714932140182046,0.001,0.82,0.8316287563349116,0.7692307692307693,0.9,"[0.7704918032786885, 0.8867924528301887, 0.9, 0.7692307692307693]","[0.475811058991268, 0.37494610221880786, 0.3532060518860817, 0.560152275631061]","[0.7945205479452054, 0.8441558441558441]","[[0.7575757575757576, 0.7857142857142857], [1.0, 0.7], [0.0, 1.0], [0.0, 1.0]]","[61, 53, 10, 26]",0.8196071444479087,"[0.7699353448275861, 0.8700980392156863, 0.4736842105263158, 0.4347826086956522]",0.4347826086956522,0.560152275631061,,,
"{""run_name"": ""fedheart_exp_paper_hetagg_gdro"", ""seed"": 7, ""run_dir"": ""runs/matrix_fedheart/PerGroupOnly_s7"", ""use_fedheart"": true, ""num_classes"": 2, ""stratified_batching"": true, ""train_frac"": 0.8, ""group_max_train_samples"": [null, null, 20, 25], ""true_hetero_input_dim"": true, ""feature_mask"": [[0, 1, 2, 3, 5, 6, 7, 8, 9, 10], [0, 1, 2, 3, 5, 6, 11, 12], [0, 1, 2, 4, 5, 7, 11, 12], [0, 1, 2, 4, 5, 6, 8, 9, 10]], ""batch_size"": 64, ""num_workers"": 0, ""epochs"": 100, ""early_stopping_patience"": 30, ""lr"": 0.001, ""weight_decay"": 0.0001, ""optimizer"": ""adam"", ""grad_clip"": 1.0, ""lr_scheduler"": ""cosine"", ""lr_min"": 1e-05, ""latent_dim"": 64, ""head_hidden"": 32, ""groups"": [{""name"": ""cleveland"", ""encoder"": ""mlp_tabular_ln"", ""input_dim"": 10, ""hidden_dim"": 64, ""dropout"": 0.1}, {""name"": ""hungarian"", ""encoder"": ""mlp_tabular_ln"", ""input_dim"": 8, ""hidden_dim"": 64, ""dropout"": 0.1}, {""name"": ""switzerland"", ""encoder"": ""mlp_tabular_ln"", ""input_dim"": 8, ""hidden_dim"": 64, ""dropout"": 0.1}, {""name"": ""va_long_beach"", ""encoder"": ""mlp_tabular_ln"", ""input_dim"": 9, ""hidden_dim"": 64, ""dropout"": 0.1}], ""anchor_eps"": 0.0001, ""sep_samples_per_class"": 4, ""sep_method"": ""classifier"", ""sep_margin"": 1.0, ""lambda_fit"": 0.001, ""lambda_sep"": 0.001, ""groupdro_enabled"": false, ""groupdro_eta"": 1.0, ""groupdro_gamma"": 0.9, ""groupdro_update_mode"": ""softmax"", ""groupdro_objective"": ""weighted"", ""groupdro_kl_lambda"": 0.0, ""groupdro_uniform_init"": true, ""log_interval"": 20, ""save_every"": 10, ""common_encoder"": false, ""use_regret"": false}","{""num_groups"": 4, ""num_classes"": 2, ""train_total"": 495, ""test_total"": 150, ""train_group_counts"": [242, 208, 20, 25], ""test_group_counts"": [61, 53, 10, 26], ""train_class_counts"": [267, 228], ""test_class_counts"": [73, 77], ""train_group_class_counts"": [[131, 111], [130, 78], [0, 20], [6, 19]], ""test_group_class_counts"": [[33, 28], [33, 20], [1, 9], [6, 20]], ""group_proportions"": [0.4888888888888889, 0.4202020202020202, 0.04040404040404041, 0.050505050505050504]}",,2026-09-10T04:19:36.358109,5,0.5113472614892468,0.7986425325881302,0.001,0.8133333333333334,0.827530395679174,0.7540983606557377,0.9,"[0.7540983606557377, 0.8867924528301887, 0.9, 0.7692307692307693]","[0.4576635792485026, 0.3620990459930222, 0.3486122127622366, 0.5696344123436854]","[0.7671232876712328, 0.8571428571428571]","[[0.7575757575757576, 0.75], [0.9393939393939394, 0.8], [0.0, 1.0], [0.0, 1.0]]","[61, 53, 10, 26]",0.8125,"[0.7530364372469636, 0.8769349845201239, 0.4736842105263158, 0.4347826086956522]",0.4347826086956522,0.5696344123436854,,,
"{""run_name"": ""fedheart_exp_paper_hetagg_gdro"", ""seed"": 7, ""run_dir"": ""runs/matrix_fedheart/PerGroupOnly_s7"", ""use_fedheart"": true, ""num_classes"": 2, ""stratified_batching"": true, ""train_frac"": 0.8, ""group_max_train_samples"": [null, null, 20, 25], ""true_hetero_input_dim"": true, ""feature_mask"": [[0, 1, 2, 3, 5, 6, 7, 8, 9, 10], [0, 1, 2, 3, 5, 6, 11, 12], [0, 1, 2, 4, 5, 7, 11, 12], [0, 1, 2, 4, 5, 6, 8, 9, 10]], ""batch_size"": 64, ""num_workers"": 0, ""epochs"": 100, ""early_stopping_patience"": 30, ""lr"": 0.001, ""weight_decay"": 0.0001, ""optimizer"": ""adam"", ""grad_clip"": 1.0, ""lr_scheduler"": ""cosine"", ""lr_min"": 1e-05, ""latent_dim"": 64, ""head_hidden"": 32, ""groups"": [{""name"": ""cleveland"", ""encoder"": ""mlp_tabular_ln"", ""input_dim"": 10, ""hidden_dim"": 64, ""dropout"": 0.1}, {""name"": ""hungarian"", ""encoder"": ""mlp_tabular_ln"", ""input_dim"": 8, ""hidden_dim"": 64, ""dropout"": 0.1}, {""name"": ""switzerland"", ""encoder"": ""mlp_tabular_ln"", ""input_dim"": 8, ""hidden_dim"": 64, ""dropout"": 0.1}, {""name"": ""va_long_beach"", ""encoder"": ""mlp_tabular_ln"", ""input_dim"": 9, ""hidden_dim"": 64, ""dropout"": 0.1}], ""anchor_eps"": 0.0001, ""sep_samples_per_class"": 4, ""sep_method"": ""classifier"", ""sep_margin"": 1.0, ""lambda_fit"": 0.001, ""lambda_sep"": 0.001, ""groupdro_enabled"": false, ""groupdro_eta"": 1.0, ""groupdro_gamma"": 0.9, ""groupdro_update_mode"": ""softmax"", ""groupdro_objective"": ""weighted"", ""groupdro_kl_lambda"": 0.0, ""groupdro_uniform_init"": true, ""log_interval"": 20, ""save_every"": 10, ""common_encoder"": false, ""use_regret"": false}","{""num_groups"": 4, ""num_classes"": 2, ""train_total"": 495, ""test_total"": 150, ""train_group_counts"": [242, 208, 20, 25], ""test_group_counts"": [61, 53, 10, 26], ""train_class_counts"": [267, 228], ""test_class_counts"": [73, 77], ""train_group_class_counts"": [[131, 111], [130, 78], [0, 20], [6, 19]], ""test_group_class_counts"": [[33, 28], [33, 20], [1, 9], [6, 20]], ""group_proportions"": [0.4888888888888889, 0.4202020202020202, 0.04040404040404041, 0.050505050505050504]}",,2026-09-10T04:19:36.358109,6,0.501721297453971,0.7918552025410924,0.001,0.8266666666666667,0.8363457374669871,0.7692307692307693,0.9056603773584906,"[0.7704918032786885, 0.9056603773584906, 0.9, 0.7692307692307693]","[0.4496705996208504, 0.36269979938021246, 0.37365880198776724, 0.5857366283352559]","[0.7945205479452054, 0.8571428571428571]","[[0.7878787878787878, 0.75], [0.9696969696969697, 0.8], [0.0, 1.0], [0.0, 1.0]]","[61, 53, 10, 26]",0.8261722232126939,"[0.7689393939393939, 0.8962005483744614, 0.4736842105263158, 0.4347826086956522]",0.4347826086956522,0.5857366283352559,,,
"{""run_name"": ""fedheart_exp_paper_hetagg_gdro"", ""seed"": 7, ""run_dir"": ""runs/matrix_fedheart/PerGroupOnly_s7"", ""use_fedheart"": true, ""num_classes"": 2, ""stratified_batching"": true, ""train_frac"": 0.8, ""group_max_train_samples"": [null, null, 20, 25], ""true_hetero_input_dim"": true, ""feature_mask"": [[0, 1, 2, 3, 5, 6, 7, 8, 9, 10], [0, 1, 2, 3, 5, 6, 11, 12], [0, 1, 2, 4, 5, 7, 11, 12], [0, 1, 2, 4, 5, 6, 8, 9, 10]], ""batch_size"": 64, ""num_workers"": 0, ""epochs"": 100, ""early_stopping_patience"": 30, ""lr"": 0.001, ""weight_decay"": 0.0001, ""optimizer"": ""adam"", ""grad_clip"": 1.0, ""lr_scheduler"": ""cosine"", ""lr_min"": 1e-05, ""latent_dim"": 64, ""head_hidden"": 32, ""groups"": [{""name"": ""cleveland"", ""encoder"": ""mlp_tabular_ln"", ""input_dim"": 10, ""hidden_dim"": 64, ""dropout"": 0.1}, {""name"": ""hungarian"", ""encoder"": ""mlp_tabular_ln"", ""input_dim"": 8, ""hidden_dim"": 64, ""dropout"": 0.1}, {""name"": ""switzerland"", ""encoder"": ""mlp_tabular_ln"", ""input_dim"": 8, ""hidden_dim"": 64, ""dropout"": 0.1}, {""name"": ""va_long_beach"", ""encoder"": ""mlp_tabular_ln"", ""input_dim"": 9, ""hidden_dim"": 64, ""dropout"": 0.1}], ""anchor_eps"": 0.0001, ""sep_samples_per_class"": 4, ""sep_method"": ""classifier"", ""sep_margin"": 1.0, ""lambda_fit"": 0.001, ""lambda_sep"": 0.001, ""groupdro_enabled"": false, ""groupdro_eta"": 1.0, ""groupdro_gamma"": 0.9, ""groupdro_update_mode"": ""softmax"", ""groupdro_objective"": ""weighted"", ""groupdro_kl_lambda"": 0.0, ""groupdro_uniform_init"": true, ""log_interval"": 20, ""save_every"": 10, ""common_encoder"": false, ""use_regret"": false}","{""num_groups"": 4, ""num_classes"": 2, ""train_total"": 495, ""test_total"": 150, ""train_group_counts"": [242, 208, 20, 25], ""test_group_counts"": [61, 53, 10, 26], ""train_class_counts"": [267, 228], ""test_class_counts"": [73, 77], ""train_group_class_counts"": [[131, 111], [130, 78], [0, 20], [6, 19]], ""test_group_class_counts"": [[33, 28], [33, 20], [1, 9], [6, 20]], ""group_proportions"": [0.4888888888888889, 0.4202020202020202, 0.04040404040404041, 0.050505050505050504]}",,2026-09-10T04:19:36.358109,7,0.4405932697505433,0.8212669667075662,0.001,0.8266666666666667,0.8302100930310023,0.7307692307692307,0.9,"[0.8032786885245902, 0.8867924528301887, 0.9, 0.7307692307692307]","[0.4446911278684608, 0.35005606556276103, 0.4003661772236228, 0.611087463509578]","[0.821917808219178, 0.8311688311688312]","[[0.8484848484848485, 0.75], [0.9696969696969697, 0.75], [0.0, 1.0], [0.0, 0.95]]","[61, 53, 10, 26]",0.8265433196940046,"[0.8006535947712419, 0.8738095238095238, 0.4736842105263158, 0.4222222222222222]",0.4222222222222222,0.611087463509578,,,
"{""run_name"": ""fedheart_exp_paper_hetagg_gdro"", ""seed"": 7, ""run_dir"": ""runs/matrix_fedheart/PerGroupOnly_s7"", ""use_fedheart"": true, ""num_classes"": 2, ""stratified_batching"": true, ""train_frac"": 0.8, ""group_max_train_samples"": [null, null, 20, 25], ""true_hetero_input_dim"": true, ""feature_mask"": [[0, 1, 2, 3, 5, 6, 7, 8, 9, 10], [0, 1, 2, 3, 5, 6, 11, 12], [0, 1, 2, 4, 5, 7, 11, 12], [0, 1, 2, 4, 5, 6, 8, 9, 10]], ""batch_size"": 64, ""num_workers"": 0, ""epochs"": 100, ""early_stopping_patience"": 30, ""lr"": 0.001, ""weight_decay"": 0.0001, ""optimizer"": ""adam"", ""grad_clip"": 1.0, ""lr_scheduler"": ""cosine"", ""lr_min"": 1e-05, ""latent_dim"": 64, ""head_hidden"": 32, ""groups"": [{""name"": ""cleveland"", ""encoder"": ""mlp_tabular_ln"", ""input_dim"": 10, ""hidden_dim"": 64, ""dropout"": 0.1}, {""name"": ""hungarian"", ""encoder"": ""mlp_tabular_ln"", ""input_dim"": 8, ""hidden_dim"": 64, ""dropout"": 0.1}, {""name"": ""switzerland"", ""encoder"": ""mlp_tabular_ln"", ""input_dim"": 8, ""hidden_dim"": 64, ""dropout"": 0.1}, {""name"": ""va_long_beach"", ""encoder"": ""mlp_tabular_ln"", ""input_dim"": 9, ""hidden_dim"": 64, ""dropout"": 0.1}], ""anchor_eps"": 0.0001, ""sep_samples_per_class"": 4, ""sep_method"": ""classifier"", ""sep_margin"": 1.0, ""lambda_fit"": 0.001, ""lambda_sep"": 0.001, ""groupdro_enabled"": false, ""groupdro_eta"": 1.0, ""groupdro_gamma"": 0.9, ""groupdro_update_mode"": ""softmax"", ""groupdro_objective"": ""weighted"", ""groupdro_kl_lambda"": 0.0, ""groupdro_uniform_init"": true, ""log_interval"": 20, ""save_every"": 10, ""common_encoder"": false, ""use_regret"": false}","{""num_groups"": 4, ""num_classes"": 2, ""train_total"": 495, ""test_total"": 150, ""train_group_counts"": [242, 208, 20, 25], ""test_group_counts"": [61, 53, 10, 26], ""train_class_counts"": [267, 228], ""test_class_counts"": [73, 77], ""train_group_class_counts"": [[131, 111], [130, 78], [0, 20], [6, 19]], ""test_group_class_counts"": [[33, 28], [33, 20], [1, 9], [6, 20]], ""group_proportions"": [0.4888888888888889, 0.4202020202020202, 0.04040404040404041, 0.050505050505050504]}",,2026-09-10T04:19:36.358109,8,0.47430056171719304,0.8122171980762913,0.001,0.82,0.8205947084156178,0.6923076923076923,0.9,"[0.8032786885245902, 0.8867924528301887, 0.9, 0.6923076923076923]","[0.4408843099582391, 0.34230454519109904, 0.42910811258479953, 0.6448434582696512]","[0.8082191780821918, 0.8311688311688312]","[[0.8181818181818182, 0.7857142857142857], [0.9696969696969697, 0.75], [0.0, 1.0], [0.0, 0.9]]","[61, 53, 10, 26]",0.8197997775305896,"[0.801948051948052, 0.8738095238095238, 0.4736842105263158, 0.4090909090909091]",0.4090909090909091,0.6448434582696512,,,
"{""run_name"": ""fedheart_exp_paper_hetagg_gdro"", ""seed"": 7, ""run_dir"": ""runs/matrix_fedheart/PerGroupOnly_s7"", ""use_fedheart"": true, ""num_classes"": 2, ""stratified_batching"": true, ""train_frac"": 0.8, ""group_max_train_samples"": [null, null, 20, 25], ""true_hetero_input_dim"": true, ""feature_mask"": [[0, 1, 2, 3, 5, 6, 7, 8, 9, 10], [0, 1, 2, 3, 5, 6, 11, 12], [0, 1, 2, 4, 5, 7, 11, 12], [0, 1, 2, 4, 5, 6, 8, 9, 10]], ""batch_size"": 64, ""num_workers"": 0, ""epochs"": 100, ""early_stopping_patience"": 30, ""lr"": 0.001, ""weight_decay"": 0.0001, ""optimizer"": ""adam"", ""grad_clip"": 1.0, ""lr_scheduler"": ""cosine"", ""lr_min"": 1e-05, ""latent_dim"": 64, ""head_hidden"": 32, ""groups"": [{""name"": ""cleveland"", ""encoder"": ""mlp_tabular_ln"", ""input_dim"": 10, ""hidden_dim"": 64, ""dropout"": 0.1}, {""name"": ""hungarian"", ""encoder"": ""mlp_tabular_ln"", ""input_dim"": 8, ""hidden_dim"": 64, ""dropout"": 0.1}, {""name"": ""switzerland"", ""encoder"": ""mlp_tabular_ln"", ""input_dim"": 8, ""hidden_dim"": 64, ""dropout"": 0.1}, {""name"": ""va_long_beach"", ""encoder"": ""mlp_tabular_ln"", ""input_dim"": 9, ""hidden_dim"": 64, ""dropout"": 0.1}], ""anchor_eps"": 0.0001, ""sep_samples_per_class"": 4, ""sep_method"": ""classifier"", ""sep_margin"": 1.0, ""lambda_fit"": 0.001, ""lambda_sep"": 0.001, ""groupdro_enabled"": false, ""groupdro_eta"": 1.0, ""groupdro_gamma"": 0.9, ""groupdro_update_mode"": ""softmax"", ""groupdro_objective"": ""weighted"", ""groupdro_kl_lambda"": 0.0, ""groupdro_uniform_init"": true, ""log_interval"": 20, ""save_every"": 10, ""common_encoder"": false, ""use_regret"": false}","{""num_groups"": 4, ""num_classes"": 2, ""train_total"": 495, ""test_total"": 150, ""train_group_counts"": [242, 208, 20, 25], ""test_group_counts"": [61, 53, 10, 26], ""train_class_counts"": [267, 228], ""test_class_counts"": [73, 77], ""train_group_class_counts"": [[131, 111], [130, 78], [0, 20], [6, 19]], ""test_group_class_counts"": [[33, 28], [33, 20], [1, 9], [6, 20]], ""group_proportions"": [0.4888888888888889, 0.4202020202020202, 0.04040404040404041, 0.050505050505050504]}",,2026-09-10T04:19:36.358109,9,0.4681284033874581,0.8257918533156899,0.001,0.82,0.8212133288919555,0.6923076923076923,0.9056603773584906,"[0.7868852459016393, 0.9056603773584906, 0.9, 0.6923076923076923]","[0.43168642848241523, 0.34176090415918603, 0.449381622299552, 0.6751130992689958]","[0.8082191780821918, 0.8311688311688312]","[[0.8181818181818182, 0.75], [0.9696969696969697, 0.8], [0.0, 1.0], [0.0, 0.9]]","[61, 53, 10, 26]",0.8197997775305896,"[0.7848032564450476, 0.8962005483744614, 0.4736842105263158, 0.4090909090909091]",0.4090909090909091,0.6751130992689958,,,
"{""run_name"": ""fedheart_exp_paper_hetagg_gdro"", ""seed"": 7, ""run_dir"": ""runs/matrix_fedheart/PerGroupOnly_s7"", ""use_fedheart"": true, ""num_classes"": 2, ""stratified_batching"": true, ""train_frac"": 0.8, ""group_max_train_samples"": [null, null, 20, 25], ""true_hetero_input_dim"": true, ""feature_mask"": [[0, 1, 2, 3, 5, 6, 7, 8, 9, 10], [0, 1, 2, 3, 5, 6, 11, 12], [0, 1, 2, 4, 5, 7, 11, 12], [0, 1, 2, 4, 5, 6, 8, 9, 10]], ""batch_size"": 64, ""num_workers"": 0, ""epochs"": 100, ""early_stopping_patience"": 30, ""lr"": 0.001, ""weight_decay"": 0.0001, ""optimizer"": ""adam"", ""grad_clip"": 1.0, ""lr_scheduler"": ""cosine"", ""lr_min"": 1e-05, ""latent_dim"": 64, ""head_hidden"": 32, ""groups"": [{""name"": ""cleveland"", ""encoder"": ""mlp_tabular_ln"", ""input_dim"": 10, ""hidden_dim"": 64, ""dropout"": 0.1}, {""name"": ""hungarian"", ""encoder"": ""mlp_tabular_ln"", ""input_dim"": 8, ""hidden_dim"": 64, ""dropout"": 0.1}, {""name"": ""switzerland"", ""encoder"": ""mlp_tabular_ln"", ""input_dim"": 8, ""hidden_dim"": 64, ""dropout"": 0.1}, {""name"": ""va_long_beach"", ""encoder"": ""mlp_tabular_ln"", ""input_dim"": 9, ""hidden_dim"": 64, ""dropout"": 0.1}], ""anchor_eps"": 0.0001, ""sep_samples_per_class"": 4, ""sep_method"": ""classifier"", ""sep_margin"": 1.0, ""lambda_fit"": 0.001, ""lambda_sep"": 0.001, ""groupdro_enabled"": false, ""groupdro_eta"": 1.0, ""groupdro_gamma"": 0.9, ""groupdro_update_mode"": ""softmax"", ""groupdro_objective"": ""weighted"", ""groupdro_kl_lambda"": 0.0, ""groupdro_uniform_init"": true, ""log_interval"": 20, ""save_every"": 10, ""common_encoder"": false, ""use_regret"": false}","{""num_groups"": 4, ""num_classes"": 2, ""train_total"": 495, ""test_total"": 150, ""train_group_counts"": [242, 208, 20, 25], ""test_group_counts"": [61, 53, 10, 26], ""train_class_counts"": [267, 228], ""test_class_counts"": [73, 77], ""train_group_class_counts"": [[131, 111], [130, 78], [0, 20], [6, 19]], ""test_group_class_counts"": [[33, 28], [33, 20], [1, 9], [6, 20]], ""group_proportions"": [0.4888888888888889, 0.4202020202020202, 0.04040404040404041, 0.050505050505050504]}",,2026-09-10T04:19:36.358109,10,0.4502352581304662,0.8235294098767759,0.001,0.8333333333333334,0.8300286706797687,0.6923076923076923,0.9245283018867925,"[0.8032786885245902, 0.9245283018867925, 0.9, 0.6923076923076923]","[0.42141402628822405, 0.3399456739425659, 0.4713024781085551, 0.692117105023219]","[0.8082191780821918, 0.8571428571428571]","[[0.7878787878787878, 0.8214285714285714], [1.0, 0.8], [0.0, 1.0], [0.0, 0.9]]","[61, 53, 10, 26]",0.8329695781925082,"[0.802801724137931, 0.915873015873016, 0.4736842105263158, 0.4090909090909091]",0.4090909090909091,0.692117105023219,,,
"{""run_name"": ""fedheart_exp_paper_hetagg_gdro"", ""seed"": 7, ""run_dir"": ""runs/matrix_fedheart/PerGroupOnly_s7"", ""use_fedheart"": true, ""num_classes"": 2, ""stratified_batching"": true, ""train_frac"": 0.8, ""group_max_train_samples"": [null, null, 20, 25], ""true_hetero_input_dim"": true, ""feature_mask"": [[0, 1, 2, 3, 5, 6, 7, 8, 9, 10], [0, 1, 2, 3, 5, 6, 11, 12], [0, 1, 2, 4, 5, 7, 11, 12], [0, 1, 2, 4, 5, 6, 8, 9, 10]], ""batch_size"": 64, ""num_workers"": 0, ""epochs"": 100, ""early_stopping_patience"": 30, ""lr"": 0.001, ""weight_decay"": 0.0001, ""optimizer"": ""adam"", ""grad_clip"": 1.0, ""lr_scheduler"": ""cosine"", ""lr_min"": 1e-05, ""latent_dim"": 64, ""head_hidden"": 32, ""groups"": [{""name"": ""cleveland"", ""encoder"": ""mlp_tabular_ln"", ""input_dim"": 10, ""hidden_dim"": 64, ""dropout"": 0.1}, {""name"": ""hungarian"", ""encoder"": ""mlp_tabular_ln"", ""input_dim"": 8, ""hidden_dim"": 64, ""dropout"": 0.1}, {""name"": ""switzerland"", ""encoder"": ""mlp_tabular_ln"", ""input_dim"": 8, ""hidden_dim"": 64, ""dropout"": 0.1}, {""name"": ""va_long_beach"", ""encoder"": ""mlp_tabular_ln"", ""input_dim"": 9, ""hidden_dim"": 64, ""dropout"": 0.1}], ""anchor_eps"": 0.0001, ""sep_samples_per_class"": 4, ""sep_method"": ""classifier"", ""sep_margin"": 1.0, ""lambda_fit"": 0.001, ""lambda_sep"": 0.001, ""groupdro_enabled"": false, ""groupdro_eta"": 1.0, ""groupdro_gamma"": 0.9, ""groupdro_update_mode"": ""softmax"", ""groupdro_objective"": ""weighted"", ""groupdro_kl_lambda"": 0.0, ""groupdro_uniform_init"": true, ""log_interval"": 20, ""save_every"": 10, ""common_encoder"": false, ""use_regret"": false}","{""num_groups"": 4, ""num_classes"": 2, ""train_total"": 495, ""test_total"": 150, ""train_group_counts"": [242, 208, 20, 25], ""test_group_counts"": [61, 53, 10, 26], ""train_class_counts"": [267, 228], ""test_class_counts"": [73, 77], ""train_group_class_counts"": [[131, 111], [130, 78], [0, 20], [6, 19]], ""test_group_class_counts"": [[33, 28], [33, 20], [1, 9], [6, 20]], ""group_proportions"": [0.4888888888888889, 0.4202020202020202, 0.04040404040404041, 0.050505050505050504]}",,2026-09-10T04:19:36.358109,11,0.4408772076686583,0.8144796363908241,0.001,0.8333333333333334,0.8300286706797687,0.6923076923076923,0.9245283018867925,"[0.8032786885245902, 0.9245283018867925, 0.9, 0.6923076923076923]","[0.4180408170843711, 0.33680008042533444, 0.4801753039471805, 0.703198626350898]","[0.8082191780821918, 0.8571428571428571]","[[0.7878787878787878, 0.8214285714285714], [1.0, 0.8], [0.0, 1.0], [0.0, 0.9]]","[61, 53, 10, 26]",0.8329695781925082,"[0.802801724137931, 0.915873015873016, 0.4736842105263158, 0.4090909090909091]",0.4090909090909091,0.703198626350898,,,
"{""run_name"": ""fedheart_exp_paper_hetagg_gdro"", ""seed"": 7, ""run_dir"": ""runs/matrix_fedheart/PerGroupOnly_s7"", ""use_fedheart"": true, ""num_classes"": 2, ""stratified_batching"": true, ""train_frac"": 0.8, ""group_max_train_samples"": [null, null, 20, 25], ""true_hetero_input_dim"": true, ""feature_mask"": [[0, 1, 2, 3, 5, 6, 7, 8, 9, 10], [0, 1, 2, 3, 5, 6, 11, 12], [0, 1, 2, 4, 5, 7, 11, 12], [0, 1, 2, 4, 5, 6, 8, 9, 10]], ""batch_size"": 64, ""num_workers"": 0, ""epochs"": 100, ""early_stopping_patience"": 30, ""lr"": 0.001, ""weight_decay"": 0.0001, ""optimizer"": ""adam"", ""grad_clip"": 1.0, ""lr_scheduler"": ""cosine"", ""lr_min"": 1e-05, ""latent_dim"": 64, ""head_hidden"": 32, ""groups"": [{""name"": ""cleveland"", ""encoder"": ""mlp_tabular_ln"", ""input_dim"": 10, ""hidden_dim"": 64, ""dropout"": 0.1}, {""name"": ""hungarian"", ""encoder"": ""mlp_tabular_ln"", ""input_dim"": 8, ""hidden_dim"": 64, ""dropout"": 0.1}, {""name"": ""switzerland"", ""encoder"": ""mlp_tabular_ln"", ""input_dim"": 8, ""hidden_dim"": 64, ""dropout"": 0.1}, {""name"": ""va_long_beach"", ""encoder"": ""mlp_tabular_ln"", ""input_dim"": 9, ""hidden_dim"": 64, ""dropout"": 0.1}], ""anchor_eps"": 0.0001, ""sep_samples_per_class"": 4, ""sep_method"": ""classifier"", ""sep_margin"": 1.0, ""lambda_fit"": 0.001, ""lambda_sep"": 0.001, ""groupdro_enabled"": false, ""groupdro_eta"": 1.0, ""groupdro_gamma"": 0.9, ""groupdro_update_mode"": ""softmax"", ""groupdro_objective"": ""weighted"", ""groupdro_kl_lambda"": 0.0, ""groupdro_uniform_init"": true, ""log_interval"": 20, ""save_every"": 10, ""common_encoder"": false, ""use_regret"": false}","{""num_groups"": 4, ""num_classes"": 2, ""train_total"": 495, ""test_total"": 150, ""train_group_counts"": [242, 208, 20, 25], ""test_group_counts"": [61, 53, 10, 26], ""train_class_counts"": [267, 228], ""test_class_counts"": [73, 77], ""train_group_class_counts"": [[131, 111], [130, 78], [0, 20], [6, 19]], ""test_group_class_counts"": [[33, 28], [33, 20], [1, 9], [6, 20]], ""group_proportions"": [0.4888888888888889, 0.4202020202020202, 0.04040404040404041, 0.050505050505050504]}",,2026-09-10T04:19:36.358109,12,0.4164815530248357,0.8393665166462169,0.001,0.8333333333333334,0.829410050203431,0.6923076923076923,0.9056603773584906,"[0.819672131147541, 0.9056603773584906, 0.9, 0.6923076923076923]","[0.4203082319104769, 0.3381770091517916, 0.4884808524977416, 0.7300923289014742]","[0.7945205479452054, 0.8701298701298701]","[[0.7878787878787878, 0.8571428571428571], [0.9696969696969697, 0.8], [0.0, 1.0], [0.0, 0.9]]","[61, 53, 10, 26]",0.8327311655292385,"[0.8194780737153617, 0.8962005483744614, 0.4736842105263158, 0.4090909090909091]",0.4090909090909091,0.7300923289014742,,,
"{""run_name"": ""fedheart_exp_paper_hetagg_gdro"", ""seed"": 7, ""run_dir"": ""runs/matrix_fedheart/PerGroupOnly_s7"", ""use_fedheart"": true, ""num_classes"": 2, ""stratified_batching"": true, ""train_frac"": 0.8, ""group_max_train_samples"": [null, null, 20, 25], ""true_hetero_input_dim"": true, ""feature_mask"": [[0, 1, 2, 3, 5, 6, 7, 8, 9, 10], [0, 1, 2, 3, 5, 6, 11, 12], [0, 1, 2, 4, 5, 7, 11, 12], [0, 1, 2, 4, 5, 6, 8, 9, 10]], ""batch_size"": 64, ""num_workers"": 0, ""epochs"": 100, ""early_stopping_patience"": 30, ""lr"": 0.001, ""weight_decay"": 0.0001, ""optimizer"": ""adam"", ""grad_clip"": 1.0, ""lr_scheduler"": ""cosine"", ""lr_min"": 1e-05, ""latent_dim"": 64, ""head_hidden"": 32, ""groups"": [{""name"": ""cleveland"", ""encoder"": ""mlp_tabular_ln"", ""input_dim"": 10, ""hidden_dim"": 64, ""dropout"": 0.1}, {""name"": ""hungarian"", ""encoder"": ""mlp_tabular_ln"", ""input_dim"": 8, ""hidden_dim"": 64, ""dropout"": 0.1}, {""name"": ""switzerland"", ""encoder"": ""mlp_tabular_ln"", ""input_dim"": 8, ""hidden_dim"": 64, ""dropout"": 0.1}, {""name"": ""va_long_beach"", ""encoder"": ""mlp_tabular_ln"", ""input_dim"": 9, ""hidden_dim"": 64, ""dropout"": 0.1}], ""anchor_eps"": 0.0001, ""sep_samples_per_class"": 4, ""sep_method"": ""classifier"", ""sep_margin"": 1.0, ""lambda_fit"": 0.001, ""lambda_sep"": 0.001, ""groupdro_enabled"": false, ""groupdro_eta"": 1.0, ""groupdro_gamma"": 0.9, ""groupdro_update_mode"": ""softmax"", ""groupdro_objective"": ""weighted"", ""groupdro_kl_lambda"": 0.0, ""groupdro_uniform_init"": true, ""log_interval"": 20, ""save_every"": 10, ""common_encoder"": false, ""use_regret"": false}","{""num_groups"": 4, ""num_classes"": 2, ""train_total"": 495, ""test_total"": 150, ""train_group_counts"": [242, 208, 20, 25], ""test_group_counts"": [61, 53, 10, 26], ""train_class_counts"": [267, 228], ""test_class_counts"": [73, 77], ""train_group_class_counts"": [[131, 111], [130, 78], [0, 20], [6, 19]], ""test_group_class_counts"": [[33, 28], [33, 20], [1, 9], [6, 20]], ""group_proportions"": [0.4888888888888889, 0.4202020202020202, 0.04040404040404041, 0.050505050505050504]}",,2026-09-10T04:19:36.358109,13,0.40763045004590065,0.8484162871654217,0.001,0.8333333333333334,0.829410050203431,0.6923076923076923,0.9056603773584906,"[0.819672131147541, 0.9056603773584906, 0.9, 0.6923076923076923]","[0.41691593294505214, 0.33859925267269025, 0.4982421370688826, 0.7675098261724298]","[0.7945205479452054, 0.8701298701298701]","[[0.7878787878787878, 0.8571428571428571], [0.9696969696969697, 0.8], [0.0, 1.0], [0.0, 0.9]]","[61, 53, 10, 26]",0.8327311655292385,"[0.8194780737153617, 0.8962005483744614, 0.4736842105263158, 0.4090909090909091]",0.4090909090909091,0.7675098261724298,,,
"{""run_name"": ""fedheart_exp_paper_hetagg_gdro"", ""seed"": 7, ""run_dir"": ""runs/matrix_fedheart/PerGroupOnly_s7"", ""use_fedheart"": true, ""num_classes"": 2, ""stratified_batching"": true, ""train_frac"": 0.8, ""group_max_train_samples"": [null, null, 20, 25], ""true_hetero_input_dim"": true, ""feature_mask"": [[0, 1, 2, 3, 5, 6, 7, 8, 9, 10], [0, 1, 2, 3, 5, 6, 11, 12], [0, 1, 2, 4, 5, 7, 11, 12], [0, 1, 2, 4, 5, 6, 8, 9, 10]], ""batch_size"": 64, ""num_workers"": 0, ""epochs"": 100, ""early_stopping_patience"": 30, ""lr"": 0.001, ""weight_decay"": 0.0001, ""optimizer"": ""adam"", ""grad_clip"": 1.0, ""lr_scheduler"": ""cosine"", ""lr_min"": 1e-05, ""latent_dim"": 64, ""head_hidden"": 32, ""groups"": [{""name"": ""cleveland"", ""encoder"": ""mlp_tabular_ln"", ""input_dim"": 10, ""hidden_dim"": 64, ""dropout"": 0.1}, {""name"": ""hungarian"", ""encoder"": ""mlp_tabular_ln"", ""input_dim"": 8, ""hidden_dim"": 64, ""dropout"": 0.1}, {""name"": ""switzerland"", ""encoder"": ""mlp_tabular_ln"", ""input_dim"": 8, ""hidden_dim"": 64, ""dropout"": 0.1}, {""name"": ""va_long_beach"", ""encoder"": ""mlp_tabular_ln"", ""input_dim"": 9, ""hidden_dim"": 64, ""dropout"": 0.1}], ""anchor_eps"": 0.0001, ""sep_samples_per_class"": 4, ""sep_method"": ""classifier"", ""sep_margin"": 1.0, ""lambda_fit"": 0.001, ""lambda_sep"": 0.001, ""groupdro_enabled"": false, ""groupdro_eta"": 1.0, ""groupdro_gamma"": 0.9, ""groupdro_update_mode"": ""softmax"", ""groupdro_objective"": ""weighted"", ""groupdro_kl_lambda"": 0.0, ""groupdro_uniform_init"": true, ""log_interval"": 20, ""save_every"": 10, ""common_encoder"": false, ""use_regret"": false}","{""num_groups"": 4, ""num_classes"": 2, ""train_total"": 495, ""test_total"": 150, ""train_group_counts"": [242, 208, 20, 25], ""test_group_counts"": [61, 53, 10, 26], ""train_class_counts"": [267, 228], ""test_class_counts"": [73, 77], ""train_group_class_counts"": [[131, 111], [130, 78], [0, 20], [6, 19]], ""test_group_class_counts"": [[33, 28], [33, 20], [1, 9], [6, 20]], ""group_proportions"": [0.4888888888888889, 0.4202020202020202, 0.04040404040404041, 0.050505050505050504]}",,2026-09-10T04:19:36.358109,14,0.41621671866507554,0.8348416270713461,0.001,0.84,0.8335084108591687,0.6923076923076923,0.9056603773584906,"[0.8360655737704918, 0.9056603773584906, 0.9, 0.6923076923076923]","[0.43246930700222974, 0.3240140163392391, 0.5119808276183904, 0.7982289893552661]","[0.7945205479452054, 0.8831168831168831]","[[0.7878787878787878, 0.8928571428571429], [0.9696969696969697, 0.8], [0.0, 1.0], [0.0, 0.9]]","[61, 53, 10, 26]",0.8392857142857143,"[0.8360215053763441, 0.8962005483744614, 0.4736842105263158, 0.4090909090909091]",0.4090909090909091,0.7982289893552661,,,
"{""run_name"": ""fedheart_exp_paper_hetagg_gdro"", ""seed"": 7, ""run_dir"": ""runs/matrix_fedheart/PerGroupOnly_s7"", ""use_fedheart"": true, ""num_classes"": 2, ""stratified_batching"": true, ""train_frac"": 0.8, ""group_max_train_samples"": [null, null, 20, 25], ""true_hetero_input_dim"": true, ""feature_mask"": [[0, 1, 2, 3, 5, 6, 7, 8, 9, 10], [0, 1, 2, 3, 5, 6, 11, 12], [0, 1, 2, 4, 5, 7, 11, 12], [0, 1, 2, 4, 5, 6, 8, 9, 10]], ""batch_size"": 64, ""num_workers"": 0, ""epochs"": 100, ""early_stopping_patience"": 30, ""lr"": 0.001, ""weight_decay"": 0.0001, ""optimizer"": ""adam"", ""grad_clip"": 1.0, ""lr_scheduler"": ""cosine"", ""lr_min"": 1e-05, ""latent_dim"": 64, ""head_hidden"": 32, ""groups"": [{""name"": ""cleveland"", ""encoder"": ""mlp_tabular_ln"", ""input_dim"": 10, ""hidden_dim"": 64, ""dropout"": 0.1}, {""name"": ""hungarian"", ""encoder"": ""mlp_tabular_ln"", ""input_dim"": 8, ""hidden_dim"": 64, ""dropout"": 0.1}, {""name"": ""switzerland"", ""encoder"": ""mlp_tabular_ln"", ""input_dim"": 8, ""hidden_dim"": 64, ""dropout"": 0.1}, {""name"": ""va_long_beach"", ""encoder"": ""mlp_tabular_ln"", ""input_dim"": 9, ""hidden_dim"": 64, ""dropout"": 0.1}], ""anchor_eps"": 0.0001, ""sep_samples_per_class"": 4, ""sep_method"": ""classifier"", ""sep_margin"": 1.0, ""lambda_fit"": 0.001, ""lambda_sep"": 0.001, ""groupdro_enabled"": false, ""groupdro_eta"": 1.0, ""groupdro_gamma"": 0.9, ""groupdro_update_mode"": ""softmax"", ""groupdro_objective"": ""weighted"", ""groupdro_kl_lambda"": 0.0, ""groupdro_uniform_init"": true, ""log_interval"": 20, ""save_every"": 10, ""common_encoder"": false, ""use_regret"": false}","{""num_groups"": 4, ""num_classes"": 2, ""train_total"": 495, ""test_total"": 150, ""train_group_counts"": [242, 208, 20, 25], ""test_group_counts"": [61, 53, 10, 26], ""train_class_counts"": [267, 228], ""test_class_counts"": [73, 77], ""train_group_class_counts"": [[131, 111], [130, 78], [0, 20], [6, 19]], ""test_group_class_counts"": [[33, 28], [33, 20], [1, 9], [6, 20]], ""group_proportions"": [0.4888888888888889, 0.4202020202020202, 0.04040404040404041, 0.050505050505050504]}",,2026-09-10T04:19:36.358109,15,0.41581261643457196,0.8393665193432597,0.001,0.84,0.8384068143424779,0.7307692307692307,0.9,"[0.8360655737704918, 0.8867924528301887, 0.9, 0.7307692307692307]","[0.42148646289391106, 0.31514175088619284, 0.514051805390045, 0.8267919490686976]","[0.7808219178082192, 0.8961038961038961]","[[0.7878787878787878, 0.8928571428571429], [0.9393939393939394, 0.8], [0.0, 1.0], [0.0, 0.95]]","[61, 53, 10, 26]",0.8389694041867954,"[0.8360215053763441, 0.8769349845201239, 0.4736842105263158, 0.4222222222222222]",0.4222222222222222,0.8267919490686976,,,
"{""run_name"": ""fedheart_exp_paper_hetagg_gdro"", ""seed"": 7, ""run_dir"": ""runs/matrix_fedheart/PerGroupOnly_s7"", ""use_fedheart"": true, ""num_classes"": 2, ""stratified_batching"": true, ""train_frac"": 0.8, ""group_max_train_samples"": [null, null, 20, 25], ""true_hetero_input_dim"": true, ""feature_mask"": [[0, 1, 2, 3, 5, 6, 7, 8, 9, 10], [0, 1, 2, 3, 5, 6, 11, 12], [0, 1, 2, 4, 5, 7, 11, 12], [0, 1, 2, 4, 5, 6, 8, 9, 10]], ""batch_size"": 64, ""num_workers"": 0, ""epochs"": 100, ""early_stopping_patience"": 30, ""lr"": 0.001, ""weight_decay"": 0.0001, ""optimizer"": ""adam"", ""grad_clip"": 1.0, ""lr_scheduler"": ""cosine"", ""lr_min"": 1e-05, ""latent_dim"": 64, ""head_hidden"": 32, ""groups"": [{""name"": ""cleveland"", ""encoder"": ""mlp_tabular_ln"", ""input_dim"": 10, ""hidden_dim"": 64, ""dropout"": 0.1}, {""name"": ""hungarian"", ""encoder"": ""mlp_tabular_ln"", ""input_dim"": 8, ""hidden_dim"": 64, ""dropout"": 0.1}, {""name"": ""switzerland"", ""encoder"": ""mlp_tabular_ln"", ""input_dim"": 8, ""hidden_dim"": 64, ""dropout"": 0.1}, {""name"": ""va_long_beach"", ""encoder"": ""mlp_tabular_ln"", ""input_dim"": 9, ""hidden_dim"": 64, ""dropout"": 0.1}], ""anchor_eps"": 0.0001, ""sep_samples_per_class"": 4, ""sep_method"": ""classifier"", ""sep_margin"": 1.0, ""lambda_fit"": 0.001, ""lambda_sep"": 0.001, ""groupdro_enabled"": false, ""groupdro_eta"": 1.0, ""groupdro_gamma"": 0.9, ""groupdro_update_mode"": ""softmax"", ""groupdro_objective"": ""weighted"", ""groupdro_kl_lambda"": 0.0, ""groupdro_uniform_init"": true, ""log_interval"": 20, ""save_every"": 10, ""common_encoder"": false, ""use_regret"": false}","{""num_groups"": 4, ""num_classes"": 2, ""train_total"": 495, ""test_total"": 150, ""train_group_counts"": [242, 208, 20, 25], ""test_group_counts"": [61, 53, 10, 26], ""train_class_counts"": [267, 228], ""test_class_counts"": [73, 77], ""train_group_class_counts"": [[131, 111], [130, 78], [0, 20], [6, 19]], ""test_group_class_counts"": [[33, 28], [33, 20], [1, 9], [6, 20]], ""group_proportions"": [0.4888888888888889, 0.4202020202020202, 0.04040404040404041, 0.050505050505050504]}",,2026-09-10T04:19:36.358109,16,0.39587654840892256,0.8393665193432597,0.001,0.8133333333333334,0.8171149682362179,0.6923076923076923,0.9056603773584906,"[0.7704918032786885, 0.9056603773584906, 0.9, 0.6923076923076923]","[0.42103734070465704, 0.3058568015694618, 0.5121470659505576, 0.8480141365972276]","[0.7945205479452054, 0.8311688311688312]","[[0.7878787878787878, 0.75], [0.9696969696969697, 0.8], [0.0, 1.0], [0.0, 0.9]]","[61, 53, 10, 26]",0.813034188034188,"[0.7689393939393939, 0.8962005483744614, 0.4736842105263158, 0.4090909090909091]",0.4090909090909091,0.8480141365972276,,,
"{""run_name"": ""fedheart_exp_paper_hetagg_gdro"", ""seed"": 7, ""run_dir"": ""runs/matrix_fedheart/PerGroupOnly_s7"", ""use_fedheart"": true, ""num_classes"": 2, ""stratified_batching"": true, ""train_frac"": 0.8, ""group_max_train_samples"": [null, null, 20, 25], ""true_hetero_input_dim"": true, ""feature_mask"": [[0, 1, 2, 3, 5, 6, 7, 8, 9, 10], [0, 1, 2, 3, 5, 6, 11, 12], [0, 1, 2, 4, 5, 7, 11, 12], [0, 1, 2, 4, 5, 6, 8, 9, 10]], ""batch_size"": 64, ""num_workers"": 0, ""epochs"": 100, ""early_stopping_patience"": 30, ""lr"": 0.001, ""weight_decay"": 0.0001, ""optimizer"": ""adam"", ""grad_clip"": 1.0, ""lr_scheduler"": ""cosine"", ""lr_min"": 1e-05, ""latent_dim"": 64, ""head_hidden"": 32, ""groups"": [{""name"": ""cleveland"", ""encoder"": ""mlp_tabular_ln"", ""input_dim"": 10, ""hidden_dim"": 64, ""dropout"": 0.1}, {""name"": ""hungarian"", ""encoder"": ""mlp_tabular_ln"", ""input_dim"": 8, ""hidden_dim"": 64, ""dropout"": 0.1}, {""name"": ""switzerland"", ""encoder"": ""mlp_tabular_ln"", ""input_dim"": 8, ""hidden_dim"": 64, ""dropout"": 0.1}, {""name"": ""va_long_beach"", ""encoder"": ""mlp_tabular_ln"", ""input_dim"": 9, ""hidden_dim"": 64, ""dropout"": 0.1}], ""anchor_eps"": 0.0001, ""sep_samples_per_class"": 4, ""sep_method"": ""classifier"", ""sep_margin"": 1.0, ""lambda_fit"": 0.001, ""lambda_sep"": 0.001, ""groupdro_enabled"": false, ""groupdro_eta"": 1.0, ""groupdro_gamma"": 0.9, ""groupdro_update_mode"": ""softmax"", ""groupdro_objective"": ""weighted"", ""groupdro_kl_lambda"": 0.0, ""groupdro_uniform_init"": true, ""log_interval"": 20, ""save_every"": 10, ""common_encoder"": false, ""use_regret"": false}","{""num_groups"": 4, ""num_classes"": 2, ""train_total"": 495, ""test_total"": 150, ""train_group_counts"": [242, 208, 20, 25], ""test_group_counts"": [61, 53, 10, 26], ""train_class_counts"": [267, 228], ""test_class_counts"": [73, 77], ""train_group_class_counts"": [[131, 111], [130, 78], [0, 20], [6, 19]], ""test_group_class_counts"": [[33, 28], [33, 20], [1, 9], [6, 20]], ""group_proportions"": [0.4888888888888889, 0.4202020202020202, 0.04040404040404041, 0.050505050505050504]}",,2026-09-10T04:19:36.358109,17,0.3864670693874359,0.8597285100237816,0.001,0.8133333333333334,0.8164963477598801,0.6923076923076923,0.9,"[0.7868852459016393, 0.8867924528301887, 0.9, 0.6923076923076923]","[0.4210776227877521, 0.3104801077465966, 0.5233302785549313, 0.9115371454435472]","[0.7808219178082192, 0.8441558441558441]","[[0.7878787878787878, 0.7857142857142857], [0.9393939393939394, 0.8], [0.0, 1.0], [0.0, 0.9]]","[61, 53, 10, 26]",0.8128008557675164,"[0.7859649122807018, 0.8769349845201239, 0.4736842105263158, 0.4090909090909091]",0.4090909090909091,0.9115371454435472,,,
"{""run_name"": ""fedheart_exp_paper_hetagg_gdro"", ""seed"": 7, ""run_dir"": ""runs/matrix_fedheart/PerGroupOnly_s7"", ""use_fedheart"": true, ""num_classes"": 2, ""stratified_batching"": true, ""train_frac"": 0.8, ""group_max_train_samples"": [null, null, 20, 25], ""true_hetero_input_dim"": true, ""feature_mask"": [[0, 1, 2, 3, 5, 6, 7, 8, 9, 10], [0, 1, 2, 3, 5, 6, 11, 12], [0, 1, 2, 4, 5, 7, 11, 12], [0, 1, 2, 4, 5, 6, 8, 9, 10]], ""batch_size"": 64, ""num_workers"": 0, ""epochs"": 100, ""early_stopping_patience"": 30, ""lr"": 0.001, ""weight_decay"": 0.0001, ""optimizer"": ""adam"", ""grad_clip"": 1.0, ""lr_scheduler"": ""cosine"", ""lr_min"": 1e-05, ""latent_dim"": 64, ""head_hidden"": 32, ""groups"": [{""name"": ""cleveland"", ""encoder"": ""mlp_tabular_ln"", ""input_dim"": 10, ""hidden_dim"": 64, ""dropout"": 0.1}, {""name"": ""hungarian"", ""encoder"": ""mlp_tabular_ln"", ""input_dim"": 8, ""hidden_dim"": 64, ""dropout"": 0.1}, {""name"": ""switzerland"", ""encoder"": ""mlp_tabular_ln"", ""input_dim"": 8, ""hidden_dim"": 64, ""dropout"": 0.1}, {""name"": ""va_long_beach"", ""encoder"": ""mlp_tabular_ln"", ""input_dim"": 9, ""hidden_dim"": 64, ""dropout"": 0.1}], ""anchor_eps"": 0.0001, ""sep_samples_per_class"": 4, ""sep_method"": ""classifier"", ""sep_margin"": 1.0, ""lambda_fit"": 0.001, ""lambda_sep"": 0.001, ""groupdro_enabled"": false, ""groupdro_eta"": 1.0, ""groupdro_gamma"": 0.9, ""groupdro_update_mode"": ""softmax"", ""groupdro_objective"": ""weighted"", ""groupdro_kl_lambda"": 0.0, ""groupdro_uniform_init"": true, ""log_interval"": 20, ""save_every"": 10, ""common_encoder"": false, ""use_regret"": false}","{""num_groups"": 4, ""num_classes"": 2, ""train_total"": 495, ""test_total"": 150, ""train_group_counts"": [242, 208, 20, 25], ""test_group_counts"": [61, 53, 10, 26], ""train_class_counts"": [267, 228], ""test_class_counts"": [73, 77], ""train_group_class_counts"": [[131, 111], [130, 78], [0, 20], [6, 19]], ""test_group_class_counts"": [[33, 28], [33, 20], [1, 9], [6, 20]], ""group_proportions"": [0.4888888888888889, 0.4202020202020202, 0.04040404040404041, 0.050505050505050504]}",,2026-09-10T04:19:36.358109,18,0.3876449401022622,0.8529411745826583,0.001,0.8266666666666667,0.8253116895476933,0.6923076923076923,0.9056603773584906,"[0.8032786885245902, 0.9056603773584906, 0.9, 0.6923076923076923]","[0.43515337351709604, 0.304495883226957, 0.5398580281529576, 0.9518366134546411]","[0.7808219178082192, 0.8701298701298701]","[[0.7575757575757576, 0.8571428571428571], [0.9696969696969697, 0.8], [0.0, 1.0], [0.0, 0.9]]","[61, 53, 10, 26]",0.8258928571428572,"[0.8032258064516129, 0.8962005483744614, 0.4736842105263158, 0.4090909090909091]",0.4090909090909091,0.9518366134546411,,,
"{""run_name"": ""fedheart_exp_paper_hetagg_gdro"", ""seed"": 7, ""run_dir"": ""runs/matrix_fedheart/PerGroupOnly_s7"", ""use_fedheart"": true, ""num_classes"": 2, ""stratified_batching"": true, ""train_frac"": 0.8, ""group_max_train_samples"": [null, null, 20, 25], ""true_hetero_input_dim"": true, ""feature_mask"": [[0, 1, 2, 3, 5, 6, 7, 8, 9, 10], [0, 1, 2, 3, 5, 6, 11, 12], [0, 1, 2, 4, 5, 7, 11, 12], [0, 1, 2, 4, 5, 6, 8, 9, 10]], ""batch_size"": 64, ""num_workers"": 0, ""epochs"": 100, ""early_stopping_patience"": 30, ""lr"": 0.001, ""weight_decay"": 0.0001, ""optimizer"": ""adam"", ""grad_clip"": 1.0, ""lr_scheduler"": ""cosine"", ""lr_min"": 1e-05, ""latent_dim"": 64, ""head_hidden"": 32, ""groups"": [{""name"": ""cleveland"", ""encoder"": ""mlp_tabular_ln"", ""input_dim"": 10, ""hidden_dim"": 64, ""dropout"": 0.1}, {""name"": ""hungarian"", ""encoder"": ""mlp_tabular_ln"", ""input_dim"": 8, ""hidden_dim"": 64, ""dropout"": 0.1}, {""name"": ""switzerland"", ""encoder"": ""mlp_tabular_ln"", ""input_dim"": 8, ""hidden_dim"": 64, ""dropout"": 0.1}, {""name"": ""va_long_beach"", ""encoder"": ""mlp_tabular_ln"", ""input_dim"": 9, ""hidden_dim"": 64, ""dropout"": 0.1}], ""anchor_eps"": 0.0001, ""sep_samples_per_class"": 4, ""sep_method"": ""classifier"", ""sep_margin"": 1.0, ""lambda_fit"": 0.001, ""lambda_sep"": 0.001, ""groupdro_enabled"": false, ""groupdro_eta"": 1.0, ""groupdro_gamma"": 0.9, ""groupdro_update_mode"": ""softmax"", ""groupdro_objective"": ""weighted"", ""groupdro_kl_lambda"": 0.0, ""groupdro_uniform_init"": true, ""log_interval"": 20, ""save_every"": 10, ""common_encoder"": false, ""use_regret"": false}","{""num_groups"": 4, ""num_classes"": 2, ""train_total"": 495, ""test_total"": 150, ""train_group_counts"": [242, 208, 20, 25], ""test_group_counts"": [61, 53, 10, 26], ""train_class_counts"": [267, 228], ""test_class_counts"": [73, 77], ""train_group_class_counts"": [[131, 111], [130, 78], [0, 20], [6, 19]], ""test_group_class_counts"": [[33, 28], [33, 20], [1, 9], [6, 20]], ""group_proportions"": [0.4888888888888889, 0.4202020202020202, 0.04040404040404041, 0.050505050505050504]}",,2026-09-10T04:19:36.358109,19,0.39099956678049597,0.8461538466932547,0.001,0.8333333333333334,0.829410050203431,0.6923076923076923,0.9056603773584906,"[0.819672131147541, 0.9056603773584906, 0.9, 0.6923076923076923]","[0.4267424507310889, 0.30053576893823325, 0.5466723748948425, 0.9917623877990991]","[0.7945205479452054, 0.8701298701298701]","[[0.7878787878787878, 0.8571428571428571], [0.9696969696969697, 0.8], [0.0, 1.0], [0.0, 0.9]]","[61, 53, 10, 26]",0.8327311655292385,"[0.8194780737153617, 0.8962005483744614, 0.4736842105263158, 0.4090909090909091]",0.4090909090909091,0.9917623877990991,,,
"{""run_name"": ""fedheart_exp_paper_hetagg_gdro"", ""seed"": 7, ""run_dir"": ""runs/matrix_fedheart/PerGroupOnly_s7"", ""use_fedheart"": true, ""num_classes"": 2, ""stratified_batching"": true, ""train_frac"": 0.8, ""group_max_train_samples"": [null, null, 20, 25], ""true_hetero_input_dim"": true, ""feature_mask"": [[0, 1, 2, 3, 5, 6, 7, 8, 9, 10], [0, 1, 2, 3, 5, 6, 11, 12], [0, 1, 2, 4, 5, 7, 11, 12], [0, 1, 2, 4, 5, 6, 8, 9, 10]], ""batch_size"": 64, ""num_workers"": 0, ""epochs"": 100, ""early_stopping_patience"": 30, ""lr"": 0.001, ""weight_decay"": 0.0001, ""optimizer"": ""adam"", ""grad_clip"": 1.0, ""lr_scheduler"": ""cosine"", ""lr_min"": 1e-05, ""latent_dim"": 64, ""head_hidden"": 32, ""groups"": [{""name"": ""cleveland"", ""encoder"": ""mlp_tabular_ln"", ""input_dim"": 10, ""hidden_dim"": 64, ""dropout"": 0.1}, {""name"": ""hungarian"", ""encoder"": ""mlp_tabular_ln"", ""input_dim"": 8, ""hidden_dim"": 64, ""dropout"": 0.1}, {""name"": ""switzerland"", ""encoder"": ""mlp_tabular_ln"", ""input_dim"": 8, ""hidden_dim"": 64, ""dropout"": 0.1}, {""name"": ""va_long_beach"", ""encoder"": ""mlp_tabular_ln"", ""input_dim"": 9, ""hidden_dim"": 64, ""dropout"": 0.1}], ""anchor_eps"": 0.0001, ""sep_samples_per_class"": 4, ""sep_method"": ""classifier"", ""sep_margin"": 1.0, ""lambda_fit"": 0.001, ""lambda_sep"": 0.001, ""groupdro_enabled"": false, ""groupdro_eta"": 1.0, ""groupdro_gamma"": 0.9, ""groupdro_update_mode"": ""softmax"", ""groupdro_objective"": ""weighted"", ""groupdro_kl_lambda"": 0.0, ""groupdro_uniform_init"": true, ""log_interval"": 20, ""save_every"": 10, ""common_encoder"": false, ""use_regret"": false}","{""num_groups"": 4, ""num_classes"": 2, ""train_total"": 495, ""test_total"": 150, ""train_group_counts"": [242, 208, 20, 25], ""test_group_counts"": [61, 53, 10, 26], ""train_class_counts"": [267, 228], ""test_class_counts"": [73, 77], ""train_group_class_counts"": [[131, 111], [130, 78], [0, 20], [6, 19]], ""test_group_class_counts"": [[33, 28], [33, 20], [1, 9], [6, 20]], ""group_proportions"": [0.4888888888888889, 0.4202020202020202, 0.04040404040404041, 0.050505050505050504]}",,2026-09-10T04:19:36.358109,20,0.3783412968141461,0.8484162879745345,0.001,0.82,0.8212133288919555,0.6923076923076923,0.9056603773584906,"[0.7868852459016393, 0.9056603773584906, 0.9, 0.6923076923076923]","[0.42625699615197593, 0.30881636821717584, 0.5550554969813675, 1.046843564764668]","[0.7945205479452054, 0.8441558441558441]","[[0.7878787878787878, 0.7857142857142857], [0.9696969696969697, 0.8], [0.0, 1.0], [0.0, 0.9]]","[61, 53, 10, 26]",0.8196071444479087,"[0.7859649122807018, 0.8962005483744614, 0.4736842105263158, 0.4090909090909091]",0.4090909090909091,1.046843564764668,,,
"{""run_name"": ""fedheart_exp_paper_hetagg_gdro"", ""seed"": 7, ""run_dir"": ""runs/matrix_fedheart/PerGroupOnly_s7"", ""use_fedheart"": true, ""num_classes"": 2, ""stratified_batching"": true, ""train_frac"": 0.8, ""group_max_train_samples"": [null, null, 20, 25], ""true_hetero_input_dim"": true, ""feature_mask"": [[0, 1, 2, 3, 5, 6, 7, 8, 9, 10], [0, 1, 2, 3, 5, 6, 11, 12], [0, 1, 2, 4, 5, 7, 11, 12], [0, 1, 2, 4, 5, 6, 8, 9, 10]], ""batch_size"": 64, ""num_workers"": 0, ""epochs"": 100, ""early_stopping_patience"": 30, ""lr"": 0.001, ""weight_decay"": 0.0001, ""optimizer"": ""adam"", ""grad_clip"": 1.0, ""lr_scheduler"": ""cosine"", ""lr_min"": 1e-05, ""latent_dim"": 64, ""head_hidden"": 32, ""groups"": [{""name"": ""cleveland"", ""encoder"": ""mlp_tabular_ln"", ""input_dim"": 10, ""hidden_dim"": 64, ""dropout"": 0.1}, {""name"": ""hungarian"", ""encoder"": ""mlp_tabular_ln"", ""input_dim"": 8, ""hidden_dim"": 64, ""dropout"": 0.1}, {""name"": ""switzerland"", ""encoder"": ""mlp_tabular_ln"", ""input_dim"": 8, ""hidden_dim"": 64, ""dropout"": 0.1}, {""name"": ""va_long_beach"", ""encoder"": ""mlp_tabular_ln"", ""input_dim"": 9, ""hidden_dim"": 64, ""dropout"": 0.1}], ""anchor_eps"": 0.0001, ""sep_samples_per_class"": 4, ""sep_method"": ""classifier"", ""sep_margin"": 1.0, ""lambda_fit"": 0.001, ""lambda_sep"": 0.001, ""groupdro_enabled"": false, ""groupdro_eta"": 1.0, ""groupdro_gamma"": 0.9, ""groupdro_update_mode"": ""softmax"", ""groupdro_objective"": ""weighted"", ""groupdro_kl_lambda"": 0.0, ""groupdro_uniform_init"": true, ""log_interval"": 20, ""save_every"": 10, ""common_encoder"": false, ""use_regret"": false}","{""num_groups"": 4, ""num_classes"": 2, ""train_total"": 495, ""test_total"": 150, ""train_group_counts"": [242, 208, 20, 25], ""test_group_counts"": [61, 53, 10, 26], ""train_class_counts"": [267, 228], ""test_class_counts"": [73, 77], ""train_group_class_counts"": [[131, 111], [130, 78], [0, 20], [6, 19]], ""test_group_class_counts"": [[33, 28], [33, 20], [1, 9], [6, 20]], ""group_proportions"": [0.4888888888888889, 0.4202020202020202, 0.04040404040404041, 0.050505050505050504]}",,2026-09-10T04:19:36.358109,21,0.38310622710448045,0.8416289627821737,0.001,0.8133333333333334,0.8164963477598801,0.6923076923076923,0.9,"[0.7868852459016393, 0.8867924528301887, 0.9, 0.6923076923076923]","[0.4317459322848037, 0.3130376347217639, 0.5618309097597376, 1.0985057540327454]","[0.7945205479452054, 0.8311688311688312]","[[0.8181818181818182, 0.75], [0.9393939393939394, 0.8], [0.0, 1.0], [0.0, 0.9]]","[61, 53, 10, 26]",0.813034188034188,"[0.7848032564450476, 0.8769349845201239, 0.4736842105263158, 0.4090909090909091]",0.4090909090909091,1.0985057540327454,,,
"{""run_name"": ""fedheart_exp_paper_hetagg_gdro"", ""seed"": 7, ""run_dir"": ""runs/matrix_fedheart/PerGroupOnly_s7"", ""use_fedheart"": true, ""num_classes"": 2, ""stratified_batching"": true, ""train_frac"": 0.8, ""group_max_train_samples"": [null, null, 20, 25], ""true_hetero_input_dim"": true, ""feature_mask"": [[0, 1, 2, 3, 5, 6, 7, 8, 9, 10], [0, 1, 2, 3, 5, 6, 11, 12], [0, 1, 2, 4, 5, 7, 11, 12], [0, 1, 2, 4, 5, 6, 8, 9, 10]], ""batch_size"": 64, ""num_workers"": 0, ""epochs"": 100, ""early_stopping_patience"": 30, ""lr"": 0.001, ""weight_decay"": 0.0001, ""optimizer"": ""adam"", ""grad_clip"": 1.0, ""lr_scheduler"": ""cosine"", ""lr_min"": 1e-05, ""latent_dim"": 64, ""head_hidden"": 32, ""groups"": [{""name"": ""cleveland"", ""encoder"": ""mlp_tabular_ln"", ""input_dim"": 10, ""hidden_dim"": 64, ""dropout"": 0.1}, {""name"": ""hungarian"", ""encoder"": ""mlp_tabular_ln"", ""input_dim"": 8, ""hidden_dim"": 64, ""dropout"": 0.1}, {""name"": ""switzerland"", ""encoder"": ""mlp_tabular_ln"", ""input_dim"": 8, ""hidden_dim"": 64, ""dropout"": 0.1}, {""name"": ""va_long_beach"", ""encoder"": ""mlp_tabular_ln"", ""input_dim"": 9, ""hidden_dim"": 64, ""dropout"": 0.1}], ""anchor_eps"": 0.0001, ""sep_samples_per_class"": 4, ""sep_method"": ""classifier"", ""sep_margin"": 1.0, ""lambda_fit"": 0.001, ""lambda_sep"": 0.001, ""groupdro_enabled"": false, ""groupdro_eta"": 1.0, ""groupdro_gamma"": 0.9, ""groupdro_update_mode"": ""softmax"", ""groupdro_objective"": ""weighted"", ""groupdro_kl_lambda"": 0.0, ""groupdro_uniform_init"": true, ""log_interval"": 20, ""save_every"": 10, ""common_encoder"": false, ""use_regret"": false}","{""num_groups"": 4, ""num_classes"": 2, ""train_total"": 495, ""test_total"": 150, ""train_group_counts"": [242, 208, 20, 25], ""test_group_counts"": [61, 53, 10, 26], ""train_class_counts"": [267, 228], ""test_class_counts"": [73, 77], ""train_group_class_counts"": [[131, 111], [130, 78], [0, 20], [6, 19]], ""test_group_class_counts"": [[33, 28], [33, 20], [1, 9], [6, 20]], ""group_proportions"": [0.4888888888888889, 0.4202020202020202, 0.04040404040404041, 0.050505050505050504]}",,2026-09-10T04:19:36.358109,22,0.36942607528483706,0.8529411748523625,0.001,0.8333333333333334,0.8349270741630779,0.7307692307692307,0.9056603773584906,"[0.8032786885245902, 0.9056603773584906, 0.9, 0.7307692307692307]","[0.42667933409941977, 0.32688181685670364, 0.5615251733455807, 1.0796841661392067]","[0.8082191780821918, 0.8571428571428571]","[[0.8181818181818182, 0.7857142857142857], [0.9696969696969697, 0.8], [0.0, 1.0], [0.0, 0.95]]","[61, 53, 10, 26]",0.8329695781925082,"[0.801948051948052, 0.8962005483744614, 0.4736842105263158, 0.4222222222222222]",0.4222222222222222,1.0796841661392067,,,
"{""run_name"": ""fedheart_exp_paper_hetagg_gdro"", ""seed"": 7, ""run_dir"": ""runs/matrix_fedheart/PerGroupOnly_s7"", ""use_fedheart"": true, ""num_classes"": 2, ""stratified_batching"": true, ""train_frac"": 0.8, ""group_max_train_samples"": [null, null, 20, 25], ""true_hetero_input_dim"": true, ""feature_mask"": [[0, 1, 2, 3, 5, 6, 7, 8, 9, 10], [0, 1, 2, 3, 5, 6, 11, 12], [0, 1, 2, 4, 5, 7, 11, 12], [0, 1, 2, 4, 5, 6, 8, 9, 10]], ""batch_size"": 64, ""num_workers"": 0, ""epochs"": 100, ""early_stopping_patience"": 30, ""lr"": 0.001, ""weight_decay"": 0.0001, ""optimizer"": ""adam"", ""grad_clip"": 1.0, ""lr_scheduler"": ""cosine"", ""lr_min"": 1e-05, ""latent_dim"": 64, ""head_hidden"": 32, ""groups"": [{""name"": ""cleveland"", ""encoder"": ""mlp_tabular_ln"", ""input_dim"": 10, ""hidden_dim"": 64, ""dropout"": 0.1}, {""name"": ""hungarian"", ""encoder"": ""mlp_tabular_ln"", ""input_dim"": 8, ""hidden_dim"": 64, ""dropout"": 0.1}, {""name"": ""switzerland"", ""encoder"": ""mlp_tabular_ln"", ""input_dim"": 8, ""hidden_dim"": 64, ""dropout"": 0.1}, {""name"": ""va_long_beach"", ""encoder"": ""mlp_tabular_ln"", ""input_dim"": 9, ""hidden_dim"": 64, ""dropout"": 0.1}], ""anchor_eps"": 0.0001, ""sep_samples_per_class"": 4, ""sep_method"": ""classifier"", ""sep_margin"": 1.0, ""lambda_fit"": 0.001, ""lambda_sep"": 0.001, ""groupdro_enabled"": false, ""groupdro_eta"": 1.0, ""groupdro_gamma"": 0.9, ""groupdro_update_mode"": ""softmax"", ""groupdro_objective"": ""weighted"", ""groupdro_kl_lambda"": 0.0, ""groupdro_uniform_init"": true, ""log_interval"": 20, ""save_every"": 10, ""common_encoder"": false, ""use_regret"": false}","{""num_groups"": 4, ""num_classes"": 2, ""train_total"": 495, ""test_total"": 150, ""train_group_counts"": [242, 208, 20, 25], ""test_group_counts"": [61, 53, 10, 26], ""train_class_counts"": [267, 228], ""test_class_counts"": [73, 77], ""train_group_class_counts"": [[131, 111], [130, 78], [0, 20], [6, 19]], ""test_group_class_counts"": [[33, 28], [33, 20], [1, 9], [6, 20]], ""group_proportions"": [0.4888888888888889, 0.4202020202020202, 0.04040404040404041, 0.050505050505050504]}",,2026-09-10T04:19:36.358109,23,0.3650417074358841,0.8438914013664107,0.001,0.8266666666666667,0.8308287135073402,0.7307692307692307,0.9056603773584906,"[0.7868852459016393, 0.9056603773584906, 0.9, 0.7307692307692307]","[0.42782834621115784, 0.34016678723032184, 0.5624477782519535, 1.0596781339532195]","[0.7671232876712328, 0.8831168831168831]","[[0.7272727272727273, 0.8571428571428571], [0.9696969696969697, 0.8], [0.0, 1.0], [0.0, 0.95]]","[61, 53, 10, 26]",0.8255501878690283,"[0.7868852459016394, 0.8962005483744614, 0.4736842105263158, 0.4222222222222222]",0.4222222222222222,1.0596781339532195,,,
"{""run_name"": ""fedheart_exp_paper_hetagg_gdro"", ""seed"": 7, ""run_dir"": ""runs/matrix_fedheart/PerGroupOnly_s7"", ""use_fedheart"": true, ""num_classes"": 2, ""stratified_batching"": true, ""train_frac"": 0.8, ""group_max_train_samples"": [null, null, 20, 25], ""true_hetero_input_dim"": true, ""feature_mask"": [[0, 1, 2, 3, 5, 6, 7, 8, 9, 10], [0, 1, 2, 3, 5, 6, 11, 12], [0, 1, 2, 4, 5, 7, 11, 12], [0, 1, 2, 4, 5, 6, 8, 9, 10]], ""batch_size"": 64, ""num_workers"": 0, ""epochs"": 100, ""early_stopping_patience"": 30, ""lr"": 0.001, ""weight_decay"": 0.0001, ""optimizer"": ""adam"", ""grad_clip"": 1.0, ""lr_scheduler"": ""cosine"", ""lr_min"": 1e-05, ""latent_dim"": 64, ""head_hidden"": 32, ""groups"": [{""name"": ""cleveland"", ""encoder"": ""mlp_tabular_ln"", ""input_dim"": 10, ""hidden_dim"": 64, ""dropout"": 0.1}, {""name"": ""hungarian"", ""encoder"": ""mlp_tabular_ln"", ""input_dim"": 8, ""hidden_dim"": 64, ""dropout"": 0.1}, {""name"": ""switzerland"", ""encoder"": ""mlp_tabular_ln"", ""input_dim"": 8, ""hidden_dim"": 64, ""dropout"": 0.1}, {""name"": ""va_long_beach"", ""encoder"": ""mlp_tabular_ln"", ""input_dim"": 9, ""hidden_dim"": 64, ""dropout"": 0.1}], ""anchor_eps"": 0.0001, ""sep_samples_per_class"": 4, ""sep_method"": ""classifier"", ""sep_margin"": 1.0, ""lambda_fit"": 0.001, ""lambda_sep"": 0.001, ""groupdro_enabled"": false, ""groupdro_eta"": 1.0, ""groupdro_gamma"": 0.9, ""groupdro_update_mode"": ""softmax"", ""groupdro_objective"": ""weighted"", ""groupdro_kl_lambda"": 0.0, ""groupdro_uniform_init"": true, ""log_interval"": 20, ""save_every"": 10, ""common_encoder"": false, ""use_regret"": false}","{""num_groups"": 4, ""num_classes"": 2, ""train_total"": 495, ""test_total"": 150, ""train_group_counts"": [242, 208, 20, 25], ""test_group_counts"": [61, 53, 10, 26], ""train_class_counts"": [267, 228], ""test_class_counts"": [73, 77], ""train_group_class_counts"": [[131, 111], [130, 78], [0, 20], [6, 19]], ""test_group_class_counts"": [[33, 28], [33, 20], [1, 9], [6, 20]], ""group_proportions"": [0.4888888888888889, 0.4202020202020202, 0.04040404040404041, 0.050505050505050504]}",,2026-09-10T04:19:36.358109,24,0.3490733837380129,0.852941174312954,0.001,0.8333333333333334,0.8349270741630779,0.7307692307692307,0.9056603773584906,"[0.8032786885245902, 0.9056603773584906, 0.9, 0.7307692307692307]","[0.4156426152473957, 0.3382990899197054, 0.56268886316102, 1.076266562337808]","[0.7808219178082192, 0.8831168831168831]","[[0.7575757575757576, 0.8571428571428571], [0.9696969696969697, 0.8], [0.0, 1.0], [0.0, 0.95]]","[61, 53, 10, 26]",0.8324321908932482,"[0.8032258064516129, 0.8962005483744614, 0.4736842105263158, 0.4222222222222222]",0.4222222222222222,1.076266562337808,,,
"{""run_name"": ""fedheart_exp_paper_hetagg_gdro"", ""seed"": 7, ""run_dir"": ""runs/matrix_fedheart/PerGroupOnly_s7"", ""use_fedheart"": true, ""num_classes"": 2, ""stratified_batching"": true, ""train_frac"": 0.8, ""group_max_train_samples"": [null, null, 20, 25], ""true_hetero_input_dim"": true, ""feature_mask"": [[0, 1, 2, 3, 5, 6, 7, 8, 9, 10], [0, 1, 2, 3, 5, 6, 11, 12], [0, 1, 2, 4, 5, 7, 11, 12], [0, 1, 2, 4, 5, 6, 8, 9, 10]], ""batch_size"": 64, ""num_workers"": 0, ""epochs"": 100, ""early_stopping_patience"": 30, ""lr"": 0.001, ""weight_decay"": 0.0001, ""optimizer"": ""adam"", ""grad_clip"": 1.0, ""lr_scheduler"": ""cosine"", ""lr_min"": 1e-05, ""latent_dim"": 64, ""head_hidden"": 32, ""groups"": [{""name"": ""cleveland"", ""encoder"": ""mlp_tabular_ln"", ""input_dim"": 10, ""hidden_dim"": 64, ""dropout"": 0.1}, {""name"": ""hungarian"", ""encoder"": ""mlp_tabular_ln"", ""input_dim"": 8, ""hidden_dim"": 64, ""dropout"": 0.1}, {""name"": ""switzerland"", ""encoder"": ""mlp_tabular_ln"", ""input_dim"": 8, ""hidden_dim"": 64, ""dropout"": 0.1}, {""name"": ""va_long_beach"", ""encoder"": ""mlp_tabular_ln"", ""input_dim"": 9, ""hidden_dim"": 64, ""dropout"": 0.1}], ""anchor_eps"": 0.0001, ""sep_samples_per_class"": 4, ""sep_method"": ""classifier"", ""sep_margin"": 1.0, ""lambda_fit"": 0.001, ""lambda_sep"": 0.001, ""groupdro_enabled"": false, ""groupdro_eta"": 1.0, ""groupdro_gamma"": 0.9, ""groupdro_update_mode"": ""softmax"", ""groupdro_objective"": ""weighted"", ""groupdro_kl_lambda"": 0.0, ""groupdro_uniform_init"": true, ""log_interval"": 20, ""save_every"": 10, ""common_encoder"": false, ""use_regret"": false}","{""num_groups"": 4, ""num_classes"": 2, ""train_total"": 495, ""test_total"": 150, ""train_group_counts"": [242, 208, 20, 25], ""test_group_counts"": [61, 53, 10, 26], ""train_class_counts"": [267, 228], ""test_class_counts"": [73, 77], ""train_group_class_counts"": [[131, 111], [130, 78], [0, 20], [6, 19]], ""test_group_class_counts"": [[33, 28], [33, 20], [1, 9], [6, 20]], ""group_proportions"": [0.4888888888888889, 0.4202020202020202, 0.04040404040404041, 0.050505050505050504]}",,2026-09-10T04:19:36.358109,25,0.374168544333445,0.8552036180215723,0.001,0.8466666666666667,0.8431237954745533,0.7307692307692307,0.9056603773584906,"[0.8360655737704918, 0.9056603773584906, 0.9, 0.7307692307692307]","[0.41953569575838867, 0.3184317791447887, 0.5615345518803224, 1.1140269881311373]","[0.821917808219178, 0.8701298701298701]","[[0.8181818181818182, 0.8571428571428571], [0.9696969696969697, 0.8], [0.0, 1.0], [0.16666666666666666, 0.9]]","[61, 53, 10, 26]",0.8463320119371074,"[0.8356681034482759, 0.8962005483744614, 0.4736842105263158, 0.5297157622739018]",0.4736842105263158,1.1140269881311373,,,
"{""run_name"": ""fedheart_exp_paper_hetagg_gdro"", ""seed"": 7, ""run_dir"": ""runs/matrix_fedheart/PerGroupOnly_s7"", ""use_fedheart"": true, ""num_classes"": 2, ""stratified_batching"": true, ""train_frac"": 0.8, ""group_max_train_samples"": [null, null, 20, 25], ""true_hetero_input_dim"": true, ""feature_mask"": [[0, 1, 2, 3, 5, 6, 7, 8, 9, 10], [0, 1, 2, 3, 5, 6, 11, 12], [0, 1, 2, 4, 5, 7, 11, 12], [0, 1, 2, 4, 5, 6, 8, 9, 10]], ""batch_size"": 64, ""num_workers"": 0, ""epochs"": 100, ""early_stopping_patience"": 30, ""lr"": 0.001, ""weight_decay"": 0.0001, ""optimizer"": ""adam"", ""grad_clip"": 1.0, ""lr_scheduler"": ""cosine"", ""lr_min"": 1e-05, ""latent_dim"": 64, ""head_hidden"": 32, ""groups"": [{""name"": ""cleveland"", ""encoder"": ""mlp_tabular_ln"", ""input_dim"": 10, ""hidden_dim"": 64, ""dropout"": 0.1}, {""name"": ""hungarian"", ""encoder"": ""mlp_tabular_ln"", ""input_dim"": 8, ""hidden_dim"": 64, ""dropout"": 0.1}, {""name"": ""switzerland"", ""encoder"": ""mlp_tabular_ln"", ""input_dim"": 8, ""hidden_dim"": 64, ""dropout"": 0.1}, {""name"": ""va_long_beach"", ""encoder"": ""mlp_tabular_ln"", ""input_dim"": 9, ""hidden_dim"": 64, ""dropout"": 0.1}], ""anchor_eps"": 0.0001, ""sep_samples_per_class"": 4, ""sep_method"": ""classifier"", ""sep_margin"": 1.0, ""lambda_fit"": 0.001, ""lambda_sep"": 0.001, ""groupdro_enabled"": false, ""groupdro_eta"": 1.0, ""groupdro_gamma"": 0.9, ""groupdro_update_mode"": ""softmax"", ""groupdro_objective"": ""weighted"", ""groupdro_kl_lambda"": 0.0, ""groupdro_uniform_init"": true, ""log_interval"": 20, ""save_every"": 10, ""common_encoder"": false, ""use_regret"": false}","{""num_groups"": 4, ""num_classes"": 2, ""train_total"": 495, ""test_total"": 150, ""train_group_counts"": [242, 208, 20, 25], ""test_group_counts"": [61, 53, 10, 26], ""train_class_counts"": [267, 228], ""test_class_counts"": [73, 77], ""train_group_class_counts"": [[131, 111], [130, 78], [0, 20], [6, 19]], ""test_group_class_counts"": [[33, 28], [33, 20], [1, 9], [6, 20]], ""group_proportions"": [0.4888888888888889, 0.4202020202020202, 0.04040404040404041, 0.050505050505050504]}",,2026-09-10T04:19:36.358109,26,0.3471718801362482,0.8529411748523625,0.001,0.84,0.8390254348188155,0.7307692307692307,0.9056603773584906,"[0.819672131147541, 0.9056603773584906, 0.9, 0.7307692307692307]","[0.4431847668191815, 0.328627071721163, 0.5594390582758934, 1.129754577584278]","[0.8082191780821918, 0.8701298701298701]","[[0.7878787878787878, 0.8571428571428571], [0.9696969696969697, 0.8], [0.0, 1.0], [0.16666666666666666, 0.9]]","[61, 53, 10, 26]",0.8395435906578714,"[0.8194780737153617, 0.8962005483744614, 0.4736842105263158, 0.5297157622739018]",0.4736842105263158,1.129754577584278,,,
"{""run_name"": ""fedheart_exp_paper_hetagg_gdro"", ""seed"": 7, ""run_dir"": ""runs/matrix_fedheart/PerGroupOnly_s7"", ""use_fedheart"": true, ""num_classes"": 2, ""stratified_batching"": true, ""train_frac"": 0.8, ""group_max_train_samples"": [null, null, 20, 25], ""true_hetero_input_dim"": true, ""feature_mask"": [[0, 1, 2, 3, 5, 6, 7, 8, 9, 10], [0, 1, 2, 3, 5, 6, 11, 12], [0, 1, 2, 4, 5, 7, 11, 12], [0, 1, 2, 4, 5, 6, 8, 9, 10]], ""batch_size"": 64, ""num_workers"": 0, ""epochs"": 100, ""early_stopping_patience"": 30, ""lr"": 0.001, ""weight_decay"": 0.0001, ""optimizer"": ""adam"", ""grad_clip"": 1.0, ""lr_scheduler"": ""cosine"", ""lr_min"": 1e-05, ""latent_dim"": 64, ""head_hidden"": 32, ""groups"": [{""name"": ""cleveland"", ""encoder"": ""mlp_tabular_ln"", ""input_dim"": 10, ""hidden_dim"": 64, ""dropout"": 0.1}, {""name"": ""hungarian"", ""encoder"": ""mlp_tabular_ln"", ""input_dim"": 8, ""hidden_dim"": 64, ""dropout"": 0.1}, {""name"": ""switzerland"", ""encoder"": ""mlp_tabular_ln"", ""input_dim"": 8, ""hidden_dim"": 64, ""dropout"": 0.1}, {""name"": ""va_long_beach"", ""encoder"": ""mlp_tabular_ln"", ""input_dim"": 9, ""hidden_dim"": 64, ""dropout"": 0.1}], ""anchor_eps"": 0.0001, ""sep_samples_per_class"": 4, ""sep_method"": ""classifier"", ""sep_margin"": 1.0, ""lambda_fit"": 0.001, ""lambda_sep"": 0.001, ""groupdro_enabled"": false, ""groupdro_eta"": 1.0, ""groupdro_gamma"": 0.9, ""groupdro_update_mode"": ""softmax"", ""groupdro_objective"": ""weighted"", ""groupdro_kl_lambda"": 0.0, ""groupdro_uniform_init"": true, ""log_interval"": 20, ""save_every"": 10, ""common_encoder"": false, ""use_regret"": false}","{""num_groups"": 4, ""num_classes"": 2, ""train_total"": 495, ""test_total"": 150, ""train_group_counts"": [242, 208, 20, 25], ""test_group_counts"": [61, 53, 10, 26], ""train_class_counts"": [267, 228], ""test_class_counts"": [73, 77], ""train_group_class_counts"": [[131, 111], [130, 78], [0, 20], [6, 19]], ""test_group_class_counts"": [[33, 28], [33, 20], [1, 9], [6, 20]], ""group_proportions"": [0.4888888888888889, 0.4202020202020202, 0.04040404040404041, 0.050505050505050504]}",,2026-09-10T04:19:36.358109,27,0.34536111557106086,0.8665158349464382,0.001,0.84,0.8335084108591687,0.6923076923076923,0.9056603773584906,"[0.8360655737704918, 0.9056603773584906, 0.9, 0.6923076923076923]","[0.45591810295266694, 0.3495707306395865, 0.5639864134602248, 1.1361186802387238]","[0.8082191780821918, 0.8701298701298701]","[[0.7878787878787878, 0.8928571428571429], [0.9696969696969697, 0.8], [0.0, 1.0], [0.16666666666666666, 0.85]]","[61, 53, 10, 26]",0.8395435906578714,"[0.8360215053763441, 0.8962005483744614, 0.4736842105263158, 0.5047619047619047]",0.4736842105263158,1.1361186802387238,,,
"{""run_name"": ""fedheart_exp_paper_hetagg_gdro"", ""seed"": 7, ""run_dir"": ""runs/matrix_fedheart/PerGroupOnly_s7"", ""use_fedheart"": true, ""num_classes"": 2, ""stratified_batching"": true, ""train_frac"": 0.8, ""group_max_train_samples"": [null, null, 20, 25], ""true_hetero_input_dim"": true, ""feature_mask"": [[0, 1, 2, 3, 5, 6, 7, 8, 9, 10], [0, 1, 2, 3, 5, 6, 11, 12], [0, 1, 2, 4, 5, 7, 11, 12], [0, 1, 2, 4, 5, 6, 8, 9, 10]], ""batch_size"": 64, ""num_workers"": 0, ""epochs"": 100, ""early_stopping_patience"": 30, ""lr"": 0.001, ""weight_decay"": 0.0001, ""optimizer"": ""adam"", ""grad_clip"": 1.0, ""lr_scheduler"": ""cosine"", ""lr_min"": 1e-05, ""latent_dim"": 64, ""head_hidden"": 32, ""groups"": [{""name"": ""cleveland"", ""encoder"": ""mlp_tabular_ln"", ""input_dim"": 10, ""hidden_dim"": 64, ""dropout"": 0.1}, {""name"": ""hungarian"", ""encoder"": ""mlp_tabular_ln"", ""input_dim"": 8, ""hidden_dim"": 64, ""dropout"": 0.1}, {""name"": ""switzerland"", ""encoder"": ""mlp_tabular_ln"", ""input_dim"": 8, ""hidden_dim"": 64, ""dropout"": 0.1}, {""name"": ""va_long_beach"", ""encoder"": ""mlp_tabular_ln"", ""input_dim"": 9, ""hidden_dim"": 64, ""dropout"": 0.1}], ""anchor_eps"": 0.0001, ""sep_samples_per_class"": 4, ""sep_method"": ""classifier"", ""sep_margin"": 1.0, ""lambda_fit"": 0.001, ""lambda_sep"": 0.001, ""groupdro_enabled"": false, ""groupdro_eta"": 1.0, ""groupdro_gamma"": 0.9, ""groupdro_update_mode"": ""softmax"", ""groupdro_objective"": ""weighted"", ""groupdro_kl_lambda"": 0.0, ""groupdro_uniform_init"": true, ""log_interval"": 20, ""save_every"": 10, ""common_encoder"": false, ""use_regret"": false}","{""num_groups"": 4, ""num_classes"": 2, ""train_total"": 495, ""test_total"": 150, ""train_group_counts"": [242, 208, 20, 25], ""test_group_counts"": [61, 53, 10, 26], ""train_class_counts"": [267, 228], ""test_class_counts"": [73, 77], ""train_group_class_counts"": [[131, 111], [130, 78], [0, 20], [6, 19]], ""test_group_class_counts"": [[33, 28], [33, 20], [1, 9], [6, 20]], ""group_proportions"": [0.4888888888888889, 0.4202020202020202, 0.04040404040404041, 0.050505050505050504]}",,2026-09-10T04:19:36.358109,28,0.3402294517911937,0.8642533944742712,0.001,0.8466666666666667,0.8431237954745533,0.7307692307692307,0.9056603773584906,"[0.8360655737704918, 0.9056603773584906, 0.9, 0.7307692307692307]","[0.46582562234405367, 0.3432993936211855, 0.5758316906867549, 1.1910175235153964]","[0.8082191780821918, 0.8831168831168831]","[[0.7878787878787878, 0.8928571428571429], [0.9696969696969697, 0.8], [0.0, 1.0], [0.16666666666666666, 0.9]]","[61, 53, 10, 26]",0.8461126722868995,"[0.8360215053763441, 0.8962005483744614, 0.4736842105263158, 0.5297157622739018]",0.4736842105263158,1.1910175235153964,,,
"{""run_name"": ""fedheart_exp_paper_hetagg_gdro"", ""seed"": 7, ""run_dir"": ""runs/matrix_fedheart/PerGroupOnly_s7"", ""use_fedheart"": true, ""num_classes"": 2, ""stratified_batching"": true, ""train_frac"": 0.8, ""group_max_train_samples"": [null, null, 20, 25], ""true_hetero_input_dim"": true, ""feature_mask"": [[0, 1, 2, 3, 5, 6, 7, 8, 9, 10], [0, 1, 2, 3, 5, 6, 11, 12], [0, 1, 2, 4, 5, 7, 11, 12], [0, 1, 2, 4, 5, 6, 8, 9, 10]], ""batch_size"": 64, ""num_workers"": 0, ""epochs"": 100, ""early_stopping_patience"": 30, ""lr"": 0.001, ""weight_decay"": 0.0001, ""optimizer"": ""adam"", ""grad_clip"": 1.0, ""lr_scheduler"": ""cosine"", ""lr_min"": 1e-05, ""latent_dim"": 64, ""head_hidden"": 32, ""groups"": [{""name"": ""cleveland"", ""encoder"": ""mlp_tabular_ln"", ""input_dim"": 10, ""hidden_dim"": 64, ""dropout"": 0.1}, {""name"": ""hungarian"", ""encoder"": ""mlp_tabular_ln"", ""input_dim"": 8, ""hidden_dim"": 64, ""dropout"": 0.1}, {""name"": ""switzerland"", ""encoder"": ""mlp_tabular_ln"", ""input_dim"": 8, ""hidden_dim"": 64, ""dropout"": 0.1}, {""name"": ""va_long_beach"", ""encoder"": ""mlp_tabular_ln"", ""input_dim"": 9, ""hidden_dim"": 64, ""dropout"": 0.1}], ""anchor_eps"": 0.0001, ""sep_samples_per_class"": 4, ""sep_method"": ""classifier"", ""sep_margin"": 1.0, ""lambda_fit"": 0.001, ""lambda_sep"": 0.001, ""groupdro_enabled"": false, ""groupdro_eta"": 1.0, ""groupdro_gamma"": 0.9, ""groupdro_update_mode"": ""softmax"", ""groupdro_objective"": ""weighted"", ""groupdro_kl_lambda"": 0.0, ""groupdro_uniform_init"": true, ""log_interval"": 20, ""save_every"": 10, ""common_encoder"": false, ""use_regret"": false}","{""num_groups"": 4, ""num_classes"": 2, ""train_total"": 495, ""test_total"": 150, ""train_group_counts"": [242, 208, 20, 25], ""test_group_counts"": [61, 53, 10, 26], ""train_class_counts"": [267, 228], ""test_class_counts"": [73, 77], ""train_group_class_counts"": [[131, 111], [130, 78], [0, 20], [6, 19]], ""test_group_class_counts"": [[33, 28], [33, 20], [1, 9], [6, 20]], ""group_proportions"": [0.4888888888888889, 0.4202020202020202, 0.04040404040404041, 0.050505050505050504]}",,2026-09-10T04:19:36.358109,29,0.3565967242102817,0.8484162901321687,0.001,0.82,0.8205947084156178,0.6923076923076923,0.9,"[0.8032786885245902, 0.8867924528301887, 0.9, 0.6923076923076923]","[0.46937215841970725, 0.337607468952829, 0.5871814593207091, 1.2513877824665263]","[0.7808219178082192, 0.8571428571428571]","[[0.7878787878787878, 0.8214285714285714], [0.9393939393939394, 0.8], [0.0, 1.0], [0.0, 0.9]]","[61, 53, 10, 26]",0.8193496587715777,"[0.802801724137931, 0.8769349845201239, 0.4736842105263158, 0.4090909090909091]",0.4090909090909091,1.2513877824665263,,,
"{""run_name"": ""fedheart_exp_paper_hetagg_gdro"", ""seed"": 7, ""run_dir"": ""runs/matrix_fedheart/PerGroupOnly_s7"", ""use_fedheart"": true, ""num_classes"": 2, ""stratified_batching"": true, ""train_frac"": 0.8, ""group_max_train_samples"": [null, null, 20, 25], ""true_hetero_input_dim"": true, ""feature_mask"": [[0, 1, 2, 3, 5, 6, 7, 8, 9, 10], [0, 1, 2, 3, 5, 6, 11, 12], [0, 1, 2, 4, 5, 7, 11, 12], [0, 1, 2, 4, 5, 6, 8, 9, 10]], ""batch_size"": 64, ""num_workers"": 0, ""epochs"": 100, ""early_stopping_patience"": 30, ""lr"": 0.001, ""weight_decay"": 0.0001, ""optimizer"": ""adam"", ""grad_clip"": 1.0, ""lr_scheduler"": ""cosine"", ""lr_min"": 1e-05, ""latent_dim"": 64, ""head_hidden"": 32, ""groups"": [{""name"": ""cleveland"", ""encoder"": ""mlp_tabular_ln"", ""input_dim"": 10, ""hidden_dim"": 64, ""dropout"": 0.1}, {""name"": ""hungarian"", ""encoder"": ""mlp_tabular_ln"", ""input_dim"": 8, ""hidden_dim"": 64, ""dropout"": 0.1}, {""name"": ""switzerland"", ""encoder"": ""mlp_tabular_ln"", ""input_dim"": 8, ""hidden_dim"": 64, ""dropout"": 0.1}, {""name"": ""va_long_beach"", ""encoder"": ""mlp_tabular_ln"", ""input_dim"": 9, ""hidden_dim"": 64, ""dropout"": 0.1}], ""anchor_eps"": 0.0001, ""sep_samples_per_class"": 4, ""sep_method"": ""classifier"", ""sep_margin"": 1.0, ""lambda_fit"": 0.001, ""lambda_sep"": 0.001, ""groupdro_enabled"": false, ""groupdro_eta"": 1.0, ""groupdro_gamma"": 0.9, ""groupdro_update_mode"": ""softmax"", ""groupdro_objective"": ""weighted"", ""groupdro_kl_lambda"": 0.0, ""groupdro_uniform_init"": true, ""log_interval"": 20, ""save_every"": 10, ""common_encoder"": false, ""use_regret"": false}","{""num_groups"": 4, ""num_classes"": 2, ""train_total"": 495, ""test_total"": 150, ""train_group_counts"": [242, 208, 20, 25], ""test_group_counts"": [61, 53, 10, 26], ""train_class_counts"": [267, 228], ""test_class_counts"": [73, 77], ""train_group_class_counts"": [[131, 111], [130, 78], [0, 20], [6, 19]], ""test_group_class_counts"": [[33, 28], [33, 20], [1, 9], [6, 20]], ""group_proportions"": [0.4888888888888889, 0.4202020202020202, 0.04040404040404041, 0.050505050505050504]}",,2026-09-10T04:19:36.358109,30,0.3323481194843534,0.8687782837794378,0.001,0.8133333333333334,0.8171149682362179,0.6923076923076923,0.9056603773584906,"[0.7704918032786885, 0.9056603773584906, 0.9, 0.6923076923076923]","[0.4763298031805297, 0.3123657299109014, 0.5898503722622991, 1.3036572255659848]","[0.7945205479452054, 0.8311688311688312]","[[0.7878787878787878, 0.75], [0.9696969696969697, 0.8], [0.0, 1.0], [0.0, 0.9]]","[61, 53, 10, 26]",0.813034188034188,"[0.7689393939393939, 0.8962005483744614, 0.4736842105263158, 0.4090909090909091]",0.4090909090909091,1.3036572255659848,,,
"{""run_name"": ""fedheart_exp_paper_hetagg_gdro"", ""seed"": 7, ""run_dir"": ""runs/matrix_fedheart/PerGroupOnly_s7"", ""use_fedheart"": true, ""num_classes"": 2, ""stratified_batching"": true, ""train_frac"": 0.8, ""group_max_train_samples"": [null, null, 20, 25], ""true_hetero_input_dim"": true, ""feature_mask"": [[0, 1, 2, 3, 5, 6, 7, 8, 9, 10], [0, 1, 2, 3, 5, 6, 11, 12], [0, 1, 2, 4, 5, 7, 11, 12], [0, 1, 2, 4, 5, 6, 8, 9, 10]], ""batch_size"": 64, ""num_workers"": 0, ""epochs"": 100, ""early_stopping_patience"": 30, ""lr"": 0.001, ""weight_decay"": 0.0001, ""optimizer"": ""adam"", ""grad_clip"": 1.0, ""lr_scheduler"": ""cosine"", ""lr_min"": 1e-05, ""latent_dim"": 64, ""head_hidden"": 32, ""groups"": [{""name"": ""cleveland"", ""encoder"": ""mlp_tabular_ln"", ""input_dim"": 10, ""hidden_dim"": 64, ""dropout"": 0.1}, {""name"": ""hungarian"", ""encoder"": ""mlp_tabular_ln"", ""input_dim"": 8, ""hidden_dim"": 64, ""dropout"": 0.1}, {""name"": ""switzerland"", ""encoder"": ""mlp_tabular_ln"", ""input_dim"": 8, ""hidden_dim"": 64, ""dropout"": 0.1}, {""name"": ""va_long_beach"", ""encoder"": ""mlp_tabular_ln"", ""input_dim"": 9, ""hidden_dim"": 64, ""dropout"": 0.1}], ""anchor_eps"": 0.0001, ""sep_samples_per_class"": 4, ""sep_method"": ""classifier"", ""sep_margin"": 1.0, ""lambda_fit"": 0.001, ""lambda_sep"": 0.001, ""groupdro_enabled"": false, ""groupdro_eta"": 1.0, ""groupdro_gamma"": 0.9, ""groupdro_update_mode"": ""softmax"", ""groupdro_objective"": ""weighted"", ""groupdro_kl_lambda"": 0.0, ""groupdro_uniform_init"": true, ""log_interval"": 20, ""save_every"": 10, ""common_encoder"": false, ""use_regret"": false}","{""num_groups"": 4, ""num_classes"": 2, ""train_total"": 495, ""test_total"": 150, ""train_group_counts"": [242, 208, 20, 25], ""test_group_counts"": [61, 53, 10, 26], ""train_class_counts"": [267, 228], ""test_class_counts"": [73, 77], ""train_group_class_counts"": [[131, 111], [130, 78], [0, 20], [6, 19]], ""test_group_class_counts"": [[33, 28], [33, 20], [1, 9], [6, 20]], ""group_proportions"": [0.4888888888888889, 0.4202020202020202, 0.04040404040404041, 0.050505050505050504]}",,2026-09-10T04:19:36.358109,31,0.32224018446999975,0.8687782835097334,0.001,0.8333333333333334,0.829410050203431,0.6923076923076923,0.9056603773584906,"[0.819672131147541, 0.9056603773584906, 0.9, 0.6923076923076923]","[0.4812161317324174, 0.31071777698882624, 0.5986169856972993, 1.3815225196572452]","[0.7808219178082192, 0.8831168831168831]","[[0.7575757575757576, 0.8928571428571429], [0.9696969696969697, 0.8], [0.0, 1.0], [0.0, 0.9]]","[61, 53, 10, 26]",0.8324321908932482,"[0.819672131147541, 0.8962005483744614, 0.4736842105263158, 0.4090909090909091]",0.4090909090909091,1.3815225196572452,,,
"{""run_name"": ""fedheart_exp_paper_hetagg_gdro"", ""seed"": 7, ""run_dir"": ""runs/matrix_fedheart/PerGroupOnly_s7"", ""use_fedheart"": true, ""num_classes"": 2, ""stratified_batching"": true, ""train_frac"": 0.8, ""group_max_train_samples"": [null, null, 20, 25], ""true_hetero_input_dim"": true, ""feature_mask"": [[0, 1, 2, 3, 5, 6, 7, 8, 9, 10], [0, 1, 2, 3, 5, 6, 11, 12], [0, 1, 2, 4, 5, 7, 11, 12], [0, 1, 2, 4, 5, 6, 8, 9, 10]], ""batch_size"": 64, ""num_workers"": 0, ""epochs"": 100, ""early_stopping_patience"": 30, ""lr"": 0.001, ""weight_decay"": 0.0001, ""optimizer"": ""adam"", ""grad_clip"": 1.0, ""lr_scheduler"": ""cosine"", ""lr_min"": 1e-05, ""latent_dim"": 64, ""head_hidden"": 32, ""groups"": [{""name"": ""cleveland"", ""encoder"": ""mlp_tabular_ln"", ""input_dim"": 10, ""hidden_dim"": 64, ""dropout"": 0.1}, {""name"": ""hungarian"", ""encoder"": ""mlp_tabular_ln"", ""input_dim"": 8, ""hidden_dim"": 64, ""dropout"": 0.1}, {""name"": ""switzerland"", ""encoder"": ""mlp_tabular_ln"", ""input_dim"": 8, ""hidden_dim"": 64, ""dropout"": 0.1}, {""name"": ""va_long_beach"", ""encoder"": ""mlp_tabular_ln"", ""input_dim"": 9, ""hidden_dim"": 64, ""dropout"": 0.1}], ""anchor_eps"": 0.0001, ""sep_samples_per_class"": 4, ""sep_method"": ""classifier"", ""sep_margin"": 1.0, ""lambda_fit"": 0.001, ""lambda_sep"": 0.001, ""groupdro_enabled"": false, ""groupdro_eta"": 1.0, ""groupdro_gamma"": 0.9, ""groupdro_update_mode"": ""softmax"", ""groupdro_objective"": ""weighted"", ""groupdro_kl_lambda"": 0.0, ""groupdro_uniform_init"": true, ""log_interval"": 20, ""save_every"": 10, ""common_encoder"": false, ""use_regret"": false}","{""num_groups"": 4, ""num_classes"": 2, ""train_total"": 495, ""test_total"": 150, ""train_group_counts"": [242, 208, 20, 25], ""test_group_counts"": [61, 53, 10, 26], ""train_class_counts"": [267, 228], ""test_class_counts"": [73, 77], ""train_group_class_counts"": [[131, 111], [130, 78], [0, 20], [6, 19]], ""test_group_class_counts"": [[33, 28], [33, 20], [1, 9], [6, 20]], ""group_proportions"": [0.4888888888888889, 0.4202020202020202, 0.04040404040404041, 0.050505050505050504]}",,2026-09-10T04:19:36.358109,32,0.3356170190405522,0.8619909531929913,0.001,0.82,0.8205947084156178,0.6923076923076923,0.9,"[0.8032786885245902, 0.8867924528301887, 0.9, 0.6923076923076923]","[0.48902942514673, 0.33229959429733735, 0.610281968046911, 1.415353738239411]","[0.7671232876712328, 0.8701298701298701]","[[0.7575757575757576, 0.8571428571428571], [0.9393939393939394, 0.8], [0.0, 1.0], [0.0, 0.9]]","[61, 53, 10, 26]",0.8190267661647079,"[0.8032258064516129, 0.8769349845201239, 0.4736842105263158, 0.4090909090909091]",0.4090909090909091,1.415353738239411,,,
"{""run_name"": ""fedheart_exp_paper_hetagg_gdro"", ""seed"": 7, ""run_dir"": ""runs/matrix_fedheart/PerGroupOnly_s7"", ""use_fedheart"": true, ""num_classes"": 2, ""stratified_batching"": true, ""train_frac"": 0.8, ""group_max_train_samples"": [null, null, 20, 25], ""true_hetero_input_dim"": true, ""feature_mask"": [[0, 1, 2, 3, 5, 6, 7, 8, 9, 10], [0, 1, 2, 3, 5, 6, 11, 12], [0, 1, 2, 4, 5, 7, 11, 12], [0, 1, 2, 4, 5, 6, 8, 9, 10]], ""batch_size"": 64, ""num_workers"": 0, ""epochs"": 100, ""early_stopping_patience"": 30, ""lr"": 0.001, ""weight_decay"": 0.0001, ""optimizer"": ""adam"", ""grad_clip"": 1.0, ""lr_scheduler"": ""cosine"", ""lr_min"": 1e-05, ""latent_dim"": 64, ""head_hidden"": 32, ""groups"": [{""name"": ""cleveland"", ""encoder"": ""mlp_tabular_ln"", ""input_dim"": 10, ""hidden_dim"": 64, ""dropout"": 0.1}, {""name"": ""hungarian"", ""encoder"": ""mlp_tabular_ln"", ""input_dim"": 8, ""hidden_dim"": 64, ""dropout"": 0.1}, {""name"": ""switzerland"", ""encoder"": ""mlp_tabular_ln"", ""input_dim"": 8, ""hidden_dim"": 64, ""dropout"": 0.1}, {""name"": ""va_long_beach"", ""encoder"": ""mlp_tabular_ln"", ""input_dim"": 9, ""hidden_dim"": 64, ""dropout"": 0.1}], ""anchor_eps"": 0.0001, ""sep_samples_per_class"": 4, ""sep_method"": ""classifier"", ""sep_margin"": 1.0, ""lambda_fit"": 0.001, ""lambda_sep"": 0.001, ""groupdro_enabled"": false, ""groupdro_eta"": 1.0, ""groupdro_gamma"": 0.9, ""groupdro_update_mode"": ""softmax"", ""groupdro_objective"": ""weighted"", ""groupdro_kl_lambda"": 0.0, ""groupdro_uniform_init"": true, ""log_interval"": 20, ""save_every"": 10, ""common_encoder"": false, ""use_regret"": false}","{""num_groups"": 4, ""num_classes"": 2, ""train_total"": 495, ""test_total"": 150, ""train_group_counts"": [242, 208, 20, 25], ""test_group_counts"": [61, 53, 10, 26], ""train_class_counts"": [267, 228], ""test_class_counts"": [73, 77], ""train_group_class_counts"": [[131, 111], [130, 78], [0, 20], [6, 19]], ""test_group_class_counts"": [[33, 28], [33, 20], [1, 9], [6, 20]], ""group_proportions"": [0.4888888888888889, 0.4202020202020202, 0.04040404040404041, 0.050505050505050504]}",,2026-09-10T04:19:36.358109,33,0.3177099433554783,0.8687782808126907,0.001,0.8133333333333334,0.8164963477598801,0.6923076923076923,0.9,"[0.7868852459016393, 0.8867924528301887, 0.9, 0.6923076923076923]","[0.4926932842860029, 0.3521465225154007, 0.6161164817749523, 1.419300321704493]","[0.7808219178082192, 0.8441558441558441]","[[0.7878787878787878, 0.7857142857142857], [0.9393939393939394, 0.8], [0.0, 1.0], [0.0, 0.9]]","[61, 53, 10, 26]",0.8128008557675164,"[0.7859649122807018, 0.8769349845201239, 0.4736842105263158, 0.4090909090909091]",0.4090909090909091,1.419300321704493,,,
