config,dataset_info,groupdro_config,start_time,epoch,train_loss,train_acc,learning_rate,test_overall_acc,test_balanced_acc,test_worst_group_acc,test_best_group_acc,test_per_group_acc,test_per_group_loss,test_per_class_acc,test_per_group_per_class_acc,test_per_group_counts,groupdro_weights,groupdro_pi,groupdro_kl_penalty
"{""run_name"": ""fedheart_ablation_pergroup_noanchor"", ""seed"": 7, ""run_dir"": ""runs/ablation_fedheart_fedheart/pergroup_erm_s7"", ""use_fedheart"": true, ""num_classes"": 2, ""stratified_batching"": true, ""train_frac"": 0.8, ""data_split_seed"": 43, ""group_max_train_samples"": [null, null, 20, 25], ""true_hetero_input_dim"": true, ""feature_mask"": [[0, 1, 2, 3, 5, 6, 7, 8, 9, 10], [0, 1, 2, 3, 5, 6, 11, 12], [0, 1, 2, 4, 5, 7, 11, 12], [0, 1, 2, 4, 5, 6, 8, 9, 10]], ""batch_size"": 64, ""num_workers"": 0, ""epochs"": 150, ""early_stopping_patience"": 40, ""lr"": 0.001, ""weight_decay"": 0.0001, ""optimizer"": ""adam"", ""grad_clip"": 1.0, ""lr_scheduler"": ""cosine"", ""lr_min"": 1e-05, ""latent_dim"": 64, ""head_hidden"": 32, ""groups"": [{""name"": ""cleveland"", ""encoder"": ""mlp_tabular_ln"", ""input_dim"": 10, ""hidden_dim"": 64, ""dropout"": 0.1}, {""name"": ""hungarian"", ""encoder"": ""mlp_tabular_ln"", ""input_dim"": 8, ""hidden_dim"": 64, ""dropout"": 0.1}, {""name"": ""switzerland"", ""encoder"": ""mlp_tabular_ln"", ""input_dim"": 8, ""hidden_dim"": 64, ""dropout"": 0.1}, {""name"": ""va_long_beach"", ""encoder"": ""mlp_tabular_ln"", ""input_dim"": 9, ""hidden_dim"": 64, ""dropout"": 0.1}], ""anchor_eps"": 0.0001, ""sep_samples_per_class"": 4, ""sep_method"": ""classifier"", ""sep_margin"": 1.0, ""lambda_fit"": 0.0, ""lambda_sep"": 0.0, ""groupdro_enabled"": false, ""groupdro_eta"": 2.0, ""groupdro_gamma"": 0.9, ""groupdro_update_mode"": ""softmax"", ""groupdro_objective"": ""weighted"", ""groupdro_kl_lambda"": 0.0, ""groupdro_uniform_init"": true, ""log_interval"": 20, ""save_every"": 10, ""common_encoder"": false}","{""num_groups"": 4, ""num_classes"": 2, ""train_total"": 495, ""test_total"": 150, ""train_group_counts"": [242, 208, 20, 25], ""test_group_counts"": [61, 53, 10, 26], ""train_class_counts"": [269, 226], ""test_class_counts"": [73, 77], ""train_group_class_counts"": [[131, 111], [130, 78], [0, 20], [8, 17]], ""test_group_class_counts"": [[33, 28], [33, 20], [1, 9], [6, 20]], ""group_proportions"": [0.4888888888888889, 0.4202020202020202, 0.04040404040404041, 0.050505050505050504]}",,2026-09-07T00:57:41.814132,1,0.666744494599994,0.5316742119206562,0.001,0.6066666666666667,0.5382069523424302,0.3,0.6721311475409836,"[0.6721311475409836, 0.6037735849056604, 0.3, 0.5769230769230769]","[0.6283283546322682, 0.6489564309704978, 0.7264018774032592, 0.6542596908716055]","[0.8356164383561644, 0.38961038961038963]","[[0.8787878787878788, 0.42857142857142855], [0.9393939393939394, 0.05], [0.0, 0.3333333333333333], [0.16666666666666666, 0.7]]","[61, 53, 10, 26]",,,
"{""run_name"": ""fedheart_ablation_pergroup_noanchor"", ""seed"": 7, ""run_dir"": ""runs/ablation_fedheart_fedheart/pergroup_erm_s7"", ""use_fedheart"": true, ""num_classes"": 2, ""stratified_batching"": true, ""train_frac"": 0.8, ""data_split_seed"": 43, ""group_max_train_samples"": [null, null, 20, 25], ""true_hetero_input_dim"": true, ""feature_mask"": [[0, 1, 2, 3, 5, 6, 7, 8, 9, 10], [0, 1, 2, 3, 5, 6, 11, 12], [0, 1, 2, 4, 5, 7, 11, 12], [0, 1, 2, 4, 5, 6, 8, 9, 10]], ""batch_size"": 64, ""num_workers"": 0, ""epochs"": 150, ""early_stopping_patience"": 40, ""lr"": 0.001, ""weight_decay"": 0.0001, ""optimizer"": ""adam"", ""grad_clip"": 1.0, ""lr_scheduler"": ""cosine"", ""lr_min"": 1e-05, ""latent_dim"": 64, ""head_hidden"": 32, ""groups"": [{""name"": ""cleveland"", ""encoder"": ""mlp_tabular_ln"", ""input_dim"": 10, ""hidden_dim"": 64, ""dropout"": 0.1}, {""name"": ""hungarian"", ""encoder"": ""mlp_tabular_ln"", ""input_dim"": 8, ""hidden_dim"": 64, ""dropout"": 0.1}, {""name"": ""switzerland"", ""encoder"": ""mlp_tabular_ln"", ""input_dim"": 8, ""hidden_dim"": 64, ""dropout"": 0.1}, {""name"": ""va_long_beach"", ""encoder"": ""mlp_tabular_ln"", ""input_dim"": 9, ""hidden_dim"": 64, ""dropout"": 0.1}], ""anchor_eps"": 0.0001, ""sep_samples_per_class"": 4, ""sep_method"": ""classifier"", ""sep_margin"": 1.0, ""lambda_fit"": 0.0, ""lambda_sep"": 0.0, ""groupdro_enabled"": false, ""groupdro_eta"": 2.0, ""groupdro_gamma"": 0.9, ""groupdro_update_mode"": ""softmax"", ""groupdro_objective"": ""weighted"", ""groupdro_kl_lambda"": 0.0, ""groupdro_uniform_init"": true, ""log_interval"": 20, ""save_every"": 10, ""common_encoder"": false}","{""num_groups"": 4, ""num_classes"": 2, ""train_total"": 495, ""test_total"": 150, ""train_group_counts"": [242, 208, 20, 25], ""test_group_counts"": [61, 53, 10, 26], ""train_class_counts"": [269, 226], ""test_class_counts"": [73, 77], ""train_group_class_counts"": [[131, 111], [130, 78], [0, 20], [8, 17]], ""test_group_class_counts"": [[33, 28], [33, 20], [1, 9], [6, 20]], ""group_proportions"": [0.4888888888888889, 0.4202020202020202, 0.04040404040404041, 0.050505050505050504]}",,2026-09-07T00:57:41.814132,2,0.5926544032485237,0.7239818966766288,0.001,0.7333333333333333,0.766028218610959,0.6792452830188679,0.9,"[0.7540983606557377, 0.6792452830188679, 0.9, 0.7307692307692307]","[0.568055339279722, 0.6181474007525534, 0.6105320513248443, 0.6253470193881255]","[0.7808219178082192, 0.6883116883116883]","[[0.8484848484848485, 0.6428571428571429], [0.8484848484848485, 0.4], [0.0, 1.0], [0.16666666666666666, 0.9]]","[61, 53, 10, 26]",,,
"{""run_name"": ""fedheart_ablation_pergroup_noanchor"", ""seed"": 7, ""run_dir"": ""runs/ablation_fedheart_fedheart/pergroup_erm_s7"", ""use_fedheart"": true, ""num_classes"": 2, ""stratified_batching"": true, ""train_frac"": 0.8, ""data_split_seed"": 43, ""group_max_train_samples"": [null, null, 20, 25], ""true_hetero_input_dim"": true, ""feature_mask"": [[0, 1, 2, 3, 5, 6, 7, 8, 9, 10], [0, 1, 2, 3, 5, 6, 11, 12], [0, 1, 2, 4, 5, 7, 11, 12], [0, 1, 2, 4, 5, 6, 8, 9, 10]], ""batch_size"": 64, ""num_workers"": 0, ""epochs"": 150, ""early_stopping_patience"": 40, ""lr"": 0.001, ""weight_decay"": 0.0001, ""optimizer"": ""adam"", ""grad_clip"": 1.0, ""lr_scheduler"": ""cosine"", ""lr_min"": 1e-05, ""latent_dim"": 64, ""head_hidden"": 32, ""groups"": [{""name"": ""cleveland"", ""encoder"": ""mlp_tabular_ln"", ""input_dim"": 10, ""hidden_dim"": 64, ""dropout"": 0.1}, {""name"": ""hungarian"", ""encoder"": ""mlp_tabular_ln"", ""input_dim"": 8, ""hidden_dim"": 64, ""dropout"": 0.1}, {""name"": ""switzerland"", ""encoder"": ""mlp_tabular_ln"", ""input_dim"": 8, ""hidden_dim"": 64, ""dropout"": 0.1}, {""name"": ""va_long_beach"", ""encoder"": ""mlp_tabular_ln"", ""input_dim"": 9, ""hidden_dim"": 64, ""dropout"": 0.1}], ""anchor_eps"": 0.0001, ""sep_samples_per_class"": 4, ""sep_method"": ""classifier"", ""sep_margin"": 1.0, ""lambda_fit"": 0.0, ""lambda_sep"": 0.0, ""groupdro_enabled"": false, ""groupdro_eta"": 2.0, ""groupdro_gamma"": 0.9, ""groupdro_update_mode"": ""softmax"", ""groupdro_objective"": ""weighted"", ""groupdro_kl_lambda"": 0.0, ""groupdro_uniform_init"": true, ""log_interval"": 20, ""save_every"": 10, ""common_encoder"": false}","{""num_groups"": 4, ""num_classes"": 2, ""train_total"": 495, ""test_total"": 150, ""train_group_counts"": [242, 208, 20, 25], ""test_group_counts"": [61, 53, 10, 26], ""train_class_counts"": [269, 226], ""test_class_counts"": [73, 77], ""train_group_class_counts"": [[131, 111], [130, 78], [0, 20], [8, 17]], ""test_group_class_counts"": [[33, 28], [33, 20], [1, 9], [6, 20]], ""group_proportions"": [0.4888888888888889, 0.4202020202020202, 0.04040404040404041, 0.050505050505050504]}",,2026-09-07T00:57:41.814132,3,0.5279710797163156,0.7737556598844572,0.001,0.76,0.7891759261462323,0.7169811320754716,0.9,"[0.7704918032786885, 0.7169811320754716, 0.9, 0.7692307692307693]","[0.522811225936061, 0.6036433684376051, 0.5072774678468704, 0.5804593563079834]","[0.7397260273972602, 0.7792207792207793]","[[0.7878787878787878, 0.75], [0.8484848484848485, 0.5], [0.0, 1.0], [0.0, 1.0]]","[61, 53, 10, 26]",,,
"{""run_name"": ""fedheart_ablation_pergroup_noanchor"", ""seed"": 7, ""run_dir"": ""runs/ablation_fedheart_fedheart/pergroup_erm_s7"", ""use_fedheart"": true, ""num_classes"": 2, ""stratified_batching"": true, ""train_frac"": 0.8, ""data_split_seed"": 43, ""group_max_train_samples"": [null, null, 20, 25], ""true_hetero_input_dim"": true, ""feature_mask"": [[0, 1, 2, 3, 5, 6, 7, 8, 9, 10], [0, 1, 2, 3, 5, 6, 11, 12], [0, 1, 2, 4, 5, 7, 11, 12], [0, 1, 2, 4, 5, 6, 8, 9, 10]], ""batch_size"": 64, ""num_workers"": 0, ""epochs"": 150, ""early_stopping_patience"": 40, ""lr"": 0.001, ""weight_decay"": 0.0001, ""optimizer"": ""adam"", ""grad_clip"": 1.0, ""lr_scheduler"": ""cosine"", ""lr_min"": 1e-05, ""latent_dim"": 64, ""head_hidden"": 32, ""groups"": [{""name"": ""cleveland"", ""encoder"": ""mlp_tabular_ln"", ""input_dim"": 10, ""hidden_dim"": 64, ""dropout"": 0.1}, {""name"": ""hungarian"", ""encoder"": ""mlp_tabular_ln"", ""input_dim"": 8, ""hidden_dim"": 64, ""dropout"": 0.1}, {""name"": ""switzerland"", ""encoder"": ""mlp_tabular_ln"", ""input_dim"": 8, ""hidden_dim"": 64, ""dropout"": 0.1}, {""name"": ""va_long_beach"", ""encoder"": ""mlp_tabular_ln"", ""input_dim"": 9, ""hidden_dim"": 64, ""dropout"": 0.1}], ""anchor_eps"": 0.0001, ""sep_samples_per_class"": 4, ""sep_method"": ""classifier"", ""sep_margin"": 1.0, ""lambda_fit"": 0.0, ""lambda_sep"": 0.0, ""groupdro_enabled"": false, ""groupdro_eta"": 2.0, ""groupdro_gamma"": 0.9, ""groupdro_update_mode"": ""softmax"", ""groupdro_objective"": ""weighted"", ""groupdro_kl_lambda"": 0.0, ""groupdro_uniform_init"": true, ""log_interval"": 20, ""save_every"": 10, ""common_encoder"": false}","{""num_groups"": 4, ""num_classes"": 2, ""train_total"": 495, ""test_total"": 150, ""train_group_counts"": [242, 208, 20, 25], ""test_group_counts"": [61, 53, 10, 26], ""train_class_counts"": [269, 226], ""test_class_counts"": [73, 77], ""train_group_class_counts"": [[131, 111], [130, 78], [0, 20], [8, 17]], ""test_group_class_counts"": [[33, 28], [33, 20], [1, 9], [6, 20]], ""group_proportions"": [0.4888888888888889, 0.4202020202020202, 0.04040404040404041, 0.050505050505050504]}",,2026-09-07T00:57:41.814132,4,0.49008731887890744,0.803167419196254,0.001,0.76,0.7885573056698946,0.6981132075471698,0.9,"[0.7868852459016393, 0.6981132075471698, 0.9, 0.7692307692307693]","[0.5005943745863243, 0.6191509776520279, 0.39901234954595566, 0.5435388884865321]","[0.726027397260274, 0.7922077922077922]","[[0.8181818181818182, 0.75], [0.7878787878787878, 0.55], [0.0, 1.0], [0.0, 1.0]]","[61, 53, 10, 26]",,,
"{""run_name"": ""fedheart_ablation_pergroup_noanchor"", ""seed"": 7, ""run_dir"": ""runs/ablation_fedheart_fedheart/pergroup_erm_s7"", ""use_fedheart"": true, ""num_classes"": 2, ""stratified_batching"": true, ""train_frac"": 0.8, ""data_split_seed"": 43, ""group_max_train_samples"": [null, null, 20, 25], ""true_hetero_input_dim"": true, ""feature_mask"": [[0, 1, 2, 3, 5, 6, 7, 8, 9, 10], [0, 1, 2, 3, 5, 6, 11, 12], [0, 1, 2, 4, 5, 7, 11, 12], [0, 1, 2, 4, 5, 6, 8, 9, 10]], ""batch_size"": 64, ""num_workers"": 0, ""epochs"": 150, ""early_stopping_patience"": 40, ""lr"": 0.001, ""weight_decay"": 0.0001, ""optimizer"": ""adam"", ""grad_clip"": 1.0, ""lr_scheduler"": ""cosine"", ""lr_min"": 1e-05, ""latent_dim"": 64, ""head_hidden"": 32, ""groups"": [{""name"": ""cleveland"", ""encoder"": ""mlp_tabular_ln"", ""input_dim"": 10, ""hidden_dim"": 64, ""dropout"": 0.1}, {""name"": ""hungarian"", ""encoder"": ""mlp_tabular_ln"", ""input_dim"": 8, ""hidden_dim"": 64, ""dropout"": 0.1}, {""name"": ""switzerland"", ""encoder"": ""mlp_tabular_ln"", ""input_dim"": 8, ""hidden_dim"": 64, ""dropout"": 0.1}, {""name"": ""va_long_beach"", ""encoder"": ""mlp_tabular_ln"", ""input_dim"": 9, ""hidden_dim"": 64, ""dropout"": 0.1}], ""anchor_eps"": 0.0001, ""sep_samples_per_class"": 4, ""sep_method"": ""classifier"", ""sep_margin"": 1.0, ""lambda_fit"": 0.0, ""lambda_sep"": 0.0, ""groupdro_enabled"": false, ""groupdro_eta"": 2.0, ""groupdro_gamma"": 0.9, ""groupdro_update_mode"": ""softmax"", ""groupdro_objective"": ""weighted"", ""groupdro_kl_lambda"": 0.0, ""groupdro_uniform_init"": true, ""log_interval"": 20, ""save_every"": 10, ""common_encoder"": false}","{""num_groups"": 4, ""num_classes"": 2, ""train_total"": 495, ""test_total"": 150, ""train_group_counts"": [242, 208, 20, 25], ""test_group_counts"": [61, 53, 10, 26], ""train_class_counts"": [269, 226], ""test_class_counts"": [73, 77], ""train_group_class_counts"": [[131, 111], [130, 78], [0, 20], [8, 17]], ""test_group_class_counts"": [[33, 28], [33, 20], [1, 9], [6, 20]], ""group_proportions"": [0.4888888888888889, 0.4202020202020202, 0.04040404040404041, 0.050505050505050504]}",,2026-09-07T00:57:41.814132,5,0.4646568875506992,0.7918552049684309,0.001,0.7533333333333333,0.7838403245378192,0.6792452830188679,0.9,"[0.7868852459016393, 0.6792452830188679, 0.9, 0.7692307692307693]","[0.4993528424472105, 0.6412070461039273, 0.3286925755441189, 0.5246113372536806]","[0.726027397260274, 0.7792207792207793]","[[0.8181818181818182, 0.75], [0.7878787878787878, 0.5], [0.0, 1.0], [0.0, 1.0]]","[61, 53, 10, 26]",,,
"{""run_name"": ""fedheart_ablation_pergroup_noanchor"", ""seed"": 7, ""run_dir"": ""runs/ablation_fedheart_fedheart/pergroup_erm_s7"", ""use_fedheart"": true, ""num_classes"": 2, ""stratified_batching"": true, ""train_frac"": 0.8, ""data_split_seed"": 43, ""group_max_train_samples"": [null, null, 20, 25], ""true_hetero_input_dim"": true, ""feature_mask"": [[0, 1, 2, 3, 5, 6, 7, 8, 9, 10], [0, 1, 2, 3, 5, 6, 11, 12], [0, 1, 2, 4, 5, 7, 11, 12], [0, 1, 2, 4, 5, 6, 8, 9, 10]], ""batch_size"": 64, ""num_workers"": 0, ""epochs"": 150, ""early_stopping_patience"": 40, ""lr"": 0.001, ""weight_decay"": 0.0001, ""optimizer"": ""adam"", ""grad_clip"": 1.0, ""lr_scheduler"": ""cosine"", ""lr_min"": 1e-05, ""latent_dim"": 64, ""head_hidden"": 32, ""groups"": [{""name"": ""cleveland"", ""encoder"": ""mlp_tabular_ln"", ""input_dim"": 10, ""hidden_dim"": 64, ""dropout"": 0.1}, {""name"": ""hungarian"", ""encoder"": ""mlp_tabular_ln"", ""input_dim"": 8, ""hidden_dim"": 64, ""dropout"": 0.1}, {""name"": ""switzerland"", ""encoder"": ""mlp_tabular_ln"", ""input_dim"": 8, ""hidden_dim"": 64, ""dropout"": 0.1}, {""name"": ""va_long_beach"", ""encoder"": ""mlp_tabular_ln"", ""input_dim"": 9, ""hidden_dim"": 64, ""dropout"": 0.1}], ""anchor_eps"": 0.0001, ""sep_samples_per_class"": 4, ""sep_method"": ""classifier"", ""sep_margin"": 1.0, ""lambda_fit"": 0.0, ""lambda_sep"": 0.0, ""groupdro_enabled"": false, ""groupdro_eta"": 2.0, ""groupdro_gamma"": 0.9, ""groupdro_update_mode"": ""softmax"", ""groupdro_objective"": ""weighted"", ""groupdro_kl_lambda"": 0.0, ""groupdro_uniform_init"": true, ""log_interval"": 20, ""save_every"": 10, ""common_encoder"": false}","{""num_groups"": 4, ""num_classes"": 2, ""train_total"": 495, ""test_total"": 150, ""train_group_counts"": [242, 208, 20, 25], ""test_group_counts"": [61, 53, 10, 26], ""train_class_counts"": [269, 226], ""test_class_counts"": [73, 77], ""train_group_class_counts"": [[131, 111], [130, 78], [0, 20], [8, 17]], ""test_group_class_counts"": [[33, 28], [33, 20], [1, 9], [6, 20]], ""group_proportions"": [0.4888888888888889, 0.4202020202020202, 0.04040404040404041, 0.050505050505050504]}",,2026-09-07T00:57:41.814132,6,0.4310171753842367,0.828054296754604,0.001,0.7466666666666667,0.7797419638820814,0.6792452830188679,0.9,"[0.7704918032786885, 0.6792452830188679, 0.9, 0.7692307692307693]","[0.49991920926287525, 0.6526065484251616, 0.3200573049485683, 0.5215073153376579]","[0.7123287671232876, 0.7792207792207793]","[[0.7878787878787878, 0.75], [0.7878787878787878, 0.5], [0.0, 1.0], [0.0, 1.0]]","[61, 53, 10, 26]",,,
"{""run_name"": ""fedheart_ablation_pergroup_noanchor"", ""seed"": 7, ""run_dir"": ""runs/ablation_fedheart_fedheart/pergroup_erm_s7"", ""use_fedheart"": true, ""num_classes"": 2, ""stratified_batching"": true, ""train_frac"": 0.8, ""data_split_seed"": 43, ""group_max_train_samples"": [null, null, 20, 25], ""true_hetero_input_dim"": true, ""feature_mask"": [[0, 1, 2, 3, 5, 6, 7, 8, 9, 10], [0, 1, 2, 3, 5, 6, 11, 12], [0, 1, 2, 4, 5, 7, 11, 12], [0, 1, 2, 4, 5, 6, 8, 9, 10]], ""batch_size"": 64, ""num_workers"": 0, ""epochs"": 150, ""early_stopping_patience"": 40, ""lr"": 0.001, ""weight_decay"": 0.0001, ""optimizer"": ""adam"", ""grad_clip"": 1.0, ""lr_scheduler"": ""cosine"", ""lr_min"": 1e-05, ""latent_dim"": 64, ""head_hidden"": 32, ""groups"": [{""name"": ""cleveland"", ""encoder"": ""mlp_tabular_ln"", ""input_dim"": 10, ""hidden_dim"": 64, ""dropout"": 0.1}, {""name"": ""hungarian"", ""encoder"": ""mlp_tabular_ln"", ""input_dim"": 8, ""hidden_dim"": 64, ""dropout"": 0.1}, {""name"": ""switzerland"", ""encoder"": ""mlp_tabular_ln"", ""input_dim"": 8, ""hidden_dim"": 64, ""dropout"": 0.1}, {""name"": ""va_long_beach"", ""encoder"": ""mlp_tabular_ln"", ""input_dim"": 9, ""hidden_dim"": 64, ""dropout"": 0.1}], ""anchor_eps"": 0.0001, ""sep_samples_per_class"": 4, ""sep_method"": ""classifier"", ""sep_margin"": 1.0, ""lambda_fit"": 0.0, ""lambda_sep"": 0.0, ""groupdro_enabled"": false, ""groupdro_eta"": 2.0, ""groupdro_gamma"": 0.9, ""groupdro_update_mode"": ""softmax"", ""groupdro_objective"": ""weighted"", ""groupdro_kl_lambda"": 0.0, ""groupdro_uniform_init"": true, ""log_interval"": 20, ""save_every"": 10, ""common_encoder"": false}","{""num_groups"": 4, ""num_classes"": 2, ""train_total"": 495, ""test_total"": 150, ""train_group_counts"": [242, 208, 20, 25], ""test_group_counts"": [61, 53, 10, 26], ""train_class_counts"": [269, 226], ""test_class_counts"": [73, 77], ""train_group_class_counts"": [[131, 111], [130, 78], [0, 20], [8, 17]], ""test_group_class_counts"": [[33, 28], [33, 20], [1, 9], [6, 20]], ""group_proportions"": [0.4888888888888889, 0.4202020202020202, 0.04040404040404041, 0.050505050505050504]}",,2026-09-07T00:57:41.814132,7,0.41656644258024467,0.828054296754604,0.001,0.74,0.7756436032263437,0.6792452830188679,0.9,"[0.7540983606557377, 0.6792452830188679, 0.9, 0.7692307692307693]","[0.5118032886234464, 0.6703079012486169, 0.34877160023897885, 0.5257156812227689]","[0.6986301369863014, 0.7792207792207793]","[[0.7575757575757576, 0.75], [0.7878787878787878, 0.5], [0.0, 1.0], [0.0, 1.0]]","[61, 53, 10, 26]",,,
"{""run_name"": ""fedheart_ablation_pergroup_noanchor"", ""seed"": 7, ""run_dir"": ""runs/ablation_fedheart_fedheart/pergroup_erm_s7"", ""use_fedheart"": true, ""num_classes"": 2, ""stratified_batching"": true, ""train_frac"": 0.8, ""data_split_seed"": 43, ""group_max_train_samples"": [null, null, 20, 25], ""true_hetero_input_dim"": true, ""feature_mask"": [[0, 1, 2, 3, 5, 6, 7, 8, 9, 10], [0, 1, 2, 3, 5, 6, 11, 12], [0, 1, 2, 4, 5, 7, 11, 12], [0, 1, 2, 4, 5, 6, 8, 9, 10]], ""batch_size"": 64, ""num_workers"": 0, ""epochs"": 150, ""early_stopping_patience"": 40, ""lr"": 0.001, ""weight_decay"": 0.0001, ""optimizer"": ""adam"", ""grad_clip"": 1.0, ""lr_scheduler"": ""cosine"", ""lr_min"": 1e-05, ""latent_dim"": 64, ""head_hidden"": 32, ""groups"": [{""name"": ""cleveland"", ""encoder"": ""mlp_tabular_ln"", ""input_dim"": 10, ""hidden_dim"": 64, ""dropout"": 0.1}, {""name"": ""hungarian"", ""encoder"": ""mlp_tabular_ln"", ""input_dim"": 8, ""hidden_dim"": 64, ""dropout"": 0.1}, {""name"": ""switzerland"", ""encoder"": ""mlp_tabular_ln"", ""input_dim"": 8, ""hidden_dim"": 64, ""dropout"": 0.1}, {""name"": ""va_long_beach"", ""encoder"": ""mlp_tabular_ln"", ""input_dim"": 9, ""hidden_dim"": 64, ""dropout"": 0.1}], ""anchor_eps"": 0.0001, ""sep_samples_per_class"": 4, ""sep_method"": ""classifier"", ""sep_margin"": 1.0, ""lambda_fit"": 0.0, ""lambda_sep"": 0.0, ""groupdro_enabled"": false, ""groupdro_eta"": 2.0, ""groupdro_gamma"": 0.9, ""groupdro_update_mode"": ""softmax"", ""groupdro_objective"": ""weighted"", ""groupdro_kl_lambda"": 0.0, ""groupdro_uniform_init"": true, ""log_interval"": 20, ""save_every"": 10, ""common_encoder"": false}","{""num_groups"": 4, ""num_classes"": 2, ""train_total"": 495, ""test_total"": 150, ""train_group_counts"": [242, 208, 20, 25], ""test_group_counts"": [61, 53, 10, 26], ""train_class_counts"": [269, 226], ""test_class_counts"": [73, 77], ""train_group_class_counts"": [[131, 111], [130, 78], [0, 20], [8, 17]], ""test_group_class_counts"": [[33, 28], [33, 20], [1, 9], [6, 20]], ""group_proportions"": [0.4888888888888889, 0.4202020202020202, 0.04040404040404041, 0.050505050505050504]}",,2026-09-07T00:57:41.814132,8,0.3944542954140659,0.8325791860597705,0.001,0.7333333333333333,0.771545242570606,0.6792452830188679,0.9,"[0.7377049180327869, 0.6792452830188679, 0.9, 0.7692307692307693]","[0.5227167604216298, 0.6884774751258347, 0.3844624113291502, 0.5378876225306437]","[0.6986301369863014, 0.7662337662337663]","[[0.7575757575757576, 0.7142857142857143], [0.7878787878787878, 0.5], [0.0, 1.0], [0.0, 1.0]]","[61, 53, 10, 26]",,,
"{""run_name"": ""fedheart_ablation_pergroup_noanchor"", ""seed"": 7, ""run_dir"": ""runs/ablation_fedheart_fedheart/pergroup_erm_s7"", ""use_fedheart"": true, ""num_classes"": 2, ""stratified_batching"": true, ""train_frac"": 0.8, ""data_split_seed"": 43, ""group_max_train_samples"": [null, null, 20, 25], ""true_hetero_input_dim"": true, ""feature_mask"": [[0, 1, 2, 3, 5, 6, 7, 8, 9, 10], [0, 1, 2, 3, 5, 6, 11, 12], [0, 1, 2, 4, 5, 7, 11, 12], [0, 1, 2, 4, 5, 6, 8, 9, 10]], ""batch_size"": 64, ""num_workers"": 0, ""epochs"": 150, ""early_stopping_patience"": 40, ""lr"": 0.001, ""weight_decay"": 0.0001, ""optimizer"": ""adam"", ""grad_clip"": 1.0, ""lr_scheduler"": ""cosine"", ""lr_min"": 1e-05, ""latent_dim"": 64, ""head_hidden"": 32, ""groups"": [{""name"": ""cleveland"", ""encoder"": ""mlp_tabular_ln"", ""input_dim"": 10, ""hidden_dim"": 64, ""dropout"": 0.1}, {""name"": ""hungarian"", ""encoder"": ""mlp_tabular_ln"", ""input_dim"": 8, ""hidden_dim"": 64, ""dropout"": 0.1}, {""name"": ""switzerland"", ""encoder"": ""mlp_tabular_ln"", ""input_dim"": 8, ""hidden_dim"": 64, ""dropout"": 0.1}, {""name"": ""va_long_beach"", ""encoder"": ""mlp_tabular_ln"", ""input_dim"": 9, ""hidden_dim"": 64, ""dropout"": 0.1}], ""anchor_eps"": 0.0001, ""sep_samples_per_class"": 4, ""sep_method"": ""classifier"", ""sep_margin"": 1.0, ""lambda_fit"": 0.0, ""lambda_sep"": 0.0, ""groupdro_enabled"": false, ""groupdro_eta"": 2.0, ""groupdro_gamma"": 0.9, ""groupdro_update_mode"": ""softmax"", ""groupdro_objective"": ""weighted"", ""groupdro_kl_lambda"": 0.0, ""groupdro_uniform_init"": true, ""log_interval"": 20, ""save_every"": 10, ""common_encoder"": false}","{""num_groups"": 4, ""num_classes"": 2, ""train_total"": 495, ""test_total"": 150, ""train_group_counts"": [242, 208, 20, 25], ""test_group_counts"": [61, 53, 10, 26], ""train_class_counts"": [269, 226], ""test_class_counts"": [73, 77], ""train_group_class_counts"": [[131, 111], [130, 78], [0, 20], [8, 17]], ""test_group_class_counts"": [[33, 28], [33, 20], [1, 9], [6, 20]], ""group_proportions"": [0.4888888888888889, 0.4202020202020202, 0.04040404040404041, 0.050505050505050504]}",,2026-09-07T00:57:41.814132,9,0.39656197674134197,0.8212669669772705,0.001,0.7333333333333333,0.771545242570606,0.6792452830188679,0.9,"[0.7377049180327869, 0.6792452830188679, 0.9, 0.7692307692307693]","[0.5393074594560217, 0.7018711524049066, 0.41494182907044885, 0.5549685327479472]","[0.7397260273972602, 0.7272727272727273]","[[0.8181818181818182, 0.6428571428571429], [0.7878787878787878, 0.5], [0.0, 1.0], [0.16666666666666666, 0.95]]","[61, 53, 10, 26]",,,
"{""run_name"": ""fedheart_ablation_pergroup_noanchor"", ""seed"": 7, ""run_dir"": ""runs/ablation_fedheart_fedheart/pergroup_erm_s7"", ""use_fedheart"": true, ""num_classes"": 2, ""stratified_batching"": true, ""train_frac"": 0.8, ""data_split_seed"": 43, ""group_max_train_samples"": [null, null, 20, 25], ""true_hetero_input_dim"": true, ""feature_mask"": [[0, 1, 2, 3, 5, 6, 7, 8, 9, 10], [0, 1, 2, 3, 5, 6, 11, 12], [0, 1, 2, 4, 5, 7, 11, 12], [0, 1, 2, 4, 5, 6, 8, 9, 10]], ""batch_size"": 64, ""num_workers"": 0, ""epochs"": 150, ""early_stopping_patience"": 40, ""lr"": 0.001, ""weight_decay"": 0.0001, ""optimizer"": ""adam"", ""grad_clip"": 1.0, ""lr_scheduler"": ""cosine"", ""lr_min"": 1e-05, ""latent_dim"": 64, ""head_hidden"": 32, ""groups"": [{""name"": ""cleveland"", ""encoder"": ""mlp_tabular_ln"", ""input_dim"": 10, ""hidden_dim"": 64, ""dropout"": 0.1}, {""name"": ""hungarian"", ""encoder"": ""mlp_tabular_ln"", ""input_dim"": 8, ""hidden_dim"": 64, ""dropout"": 0.1}, {""name"": ""switzerland"", ""encoder"": ""mlp_tabular_ln"", ""input_dim"": 8, ""hidden_dim"": 64, ""dropout"": 0.1}, {""name"": ""va_long_beach"", ""encoder"": ""mlp_tabular_ln"", ""input_dim"": 9, ""hidden_dim"": 64, ""dropout"": 0.1}], ""anchor_eps"": 0.0001, ""sep_samples_per_class"": 4, ""sep_method"": ""classifier"", ""sep_margin"": 1.0, ""lambda_fit"": 0.0, ""lambda_sep"": 0.0, ""groupdro_enabled"": false, ""groupdro_eta"": 2.0, ""groupdro_gamma"": 0.9, ""groupdro_update_mode"": ""softmax"", ""groupdro_objective"": ""weighted"", ""groupdro_kl_lambda"": 0.0, ""groupdro_uniform_init"": true, ""log_interval"": 20, ""save_every"": 10, ""common_encoder"": false}","{""num_groups"": 4, ""num_classes"": 2, ""train_total"": 495, ""test_total"": 150, ""train_group_counts"": [242, 208, 20, 25], ""test_group_counts"": [61, 53, 10, 26], ""train_class_counts"": [269, 226], ""test_class_counts"": [73, 77], ""train_group_class_counts"": [[131, 111], [130, 78], [0, 20], [8, 17]], ""test_group_class_counts"": [[33, 28], [33, 20], [1, 9], [6, 20]], ""group_proportions"": [0.4888888888888889, 0.4202020202020202, 0.04040404040404041, 0.050505050505050504]}",,2026-09-07T00:57:41.814132,10,0.37671885258471804,0.846153846962959,0.001,0.7066666666666667,0.7386007280687145,0.6538461538461539,0.9,"[0.7213114754098361, 0.6792452830188679, 0.9, 0.6538461538461539]","[0.5489547194332861, 0.705405795770996, 0.4379549743141979, 0.5795755435067874]","[0.7397260273972602, 0.6753246753246753]","[[0.8181818181818182, 0.6071428571428571], [0.7878787878787878, 0.5], [0.0, 1.0], [0.16666666666666666, 0.8]]","[61, 53, 10, 26]",,,
"{""run_name"": ""fedheart_ablation_pergroup_noanchor"", ""seed"": 7, ""run_dir"": ""runs/ablation_fedheart_fedheart/pergroup_erm_s7"", ""use_fedheart"": true, ""num_classes"": 2, ""stratified_batching"": true, ""train_frac"": 0.8, ""data_split_seed"": 43, ""group_max_train_samples"": [null, null, 20, 25], ""true_hetero_input_dim"": true, ""feature_mask"": [[0, 1, 2, 3, 5, 6, 7, 8, 9, 10], [0, 1, 2, 3, 5, 6, 11, 12], [0, 1, 2, 4, 5, 7, 11, 12], [0, 1, 2, 4, 5, 6, 8, 9, 10]], ""batch_size"": 64, ""num_workers"": 0, ""epochs"": 150, ""early_stopping_patience"": 40, ""lr"": 0.001, ""weight_decay"": 0.0001, ""optimizer"": ""adam"", ""grad_clip"": 1.0, ""lr_scheduler"": ""cosine"", ""lr_min"": 1e-05, ""latent_dim"": 64, ""head_hidden"": 32, ""groups"": [{""name"": ""cleveland"", ""encoder"": ""mlp_tabular_ln"", ""input_dim"": 10, ""hidden_dim"": 64, ""dropout"": 0.1}, {""name"": ""hungarian"", ""encoder"": ""mlp_tabular_ln"", ""input_dim"": 8, ""hidden_dim"": 64, ""dropout"": 0.1}, {""name"": ""switzerland"", ""encoder"": ""mlp_tabular_ln"", ""input_dim"": 8, ""hidden_dim"": 64, ""dropout"": 0.1}, {""name"": ""va_long_beach"", ""encoder"": ""mlp_tabular_ln"", ""input_dim"": 9, ""hidden_dim"": 64, ""dropout"": 0.1}], ""anchor_eps"": 0.0001, ""sep_samples_per_class"": 4, ""sep_method"": ""classifier"", ""sep_margin"": 1.0, ""lambda_fit"": 0.0, ""lambda_sep"": 0.0, ""groupdro_enabled"": false, ""groupdro_eta"": 2.0, ""groupdro_gamma"": 0.9, ""groupdro_update_mode"": ""softmax"", ""groupdro_objective"": ""weighted"", ""groupdro_kl_lambda"": 0.0, ""groupdro_uniform_init"": true, ""log_interval"": 20, ""save_every"": 10, ""common_encoder"": false}","{""num_groups"": 4, ""num_classes"": 2, ""train_total"": 495, ""test_total"": 150, ""train_group_counts"": [242, 208, 20, 25], ""test_group_counts"": [61, 53, 10, 26], ""train_class_counts"": [269, 226], ""test_class_counts"": [73, 77], ""train_group_class_counts"": [[131, 111], [130, 78], [0, 20], [8, 17]], ""test_group_class_counts"": [[33, 28], [33, 20], [1, 9], [6, 20]], ""group_proportions"": [0.4888888888888889, 0.4202020202020202, 0.04040404040404041, 0.050505050505050504]}",,2026-09-07T00:57:41.814132,11,0.3587857602138865,0.8552036207186151,0.001,0.74,0.7597111518237407,0.6538461538461539,0.9,"[0.7868852459016393, 0.6981132075471698, 0.9, 0.6538461538461539]","[0.5482335431715015, 0.7197859290776387, 0.46345812822692095, 0.6229422301627122]","[0.7534246575342466, 0.7272727272727273]","[[0.7878787878787878, 0.7857142857142857], [0.8181818181818182, 0.5], [0.0, 1.0], [0.3333333333333333, 0.75]]","[61, 53, 10, 26]",,,
"{""run_name"": ""fedheart_ablation_pergroup_noanchor"", ""seed"": 7, ""run_dir"": ""runs/ablation_fedheart_fedheart/pergroup_erm_s7"", ""use_fedheart"": true, ""num_classes"": 2, ""stratified_batching"": true, ""train_frac"": 0.8, ""data_split_seed"": 43, ""group_max_train_samples"": [null, null, 20, 25], ""true_hetero_input_dim"": true, ""feature_mask"": [[0, 1, 2, 3, 5, 6, 7, 8, 9, 10], [0, 1, 2, 3, 5, 6, 11, 12], [0, 1, 2, 4, 5, 7, 11, 12], [0, 1, 2, 4, 5, 6, 8, 9, 10]], ""batch_size"": 64, ""num_workers"": 0, ""epochs"": 150, ""early_stopping_patience"": 40, ""lr"": 0.001, ""weight_decay"": 0.0001, ""optimizer"": ""adam"", ""grad_clip"": 1.0, ""lr_scheduler"": ""cosine"", ""lr_min"": 1e-05, ""latent_dim"": 64, ""head_hidden"": 32, ""groups"": [{""name"": ""cleveland"", ""encoder"": ""mlp_tabular_ln"", ""input_dim"": 10, ""hidden_dim"": 64, ""dropout"": 0.1}, {""name"": ""hungarian"", ""encoder"": ""mlp_tabular_ln"", ""input_dim"": 8, ""hidden_dim"": 64, ""dropout"": 0.1}, {""name"": ""switzerland"", ""encoder"": ""mlp_tabular_ln"", ""input_dim"": 8, ""hidden_dim"": 64, ""dropout"": 0.1}, {""name"": ""va_long_beach"", ""encoder"": ""mlp_tabular_ln"", ""input_dim"": 9, ""hidden_dim"": 64, ""dropout"": 0.1}], ""anchor_eps"": 0.0001, ""sep_samples_per_class"": 4, ""sep_method"": ""classifier"", ""sep_margin"": 1.0, ""lambda_fit"": 0.0, ""lambda_sep"": 0.0, ""groupdro_enabled"": false, ""groupdro_eta"": 2.0, ""groupdro_gamma"": 0.9, ""groupdro_update_mode"": ""softmax"", ""groupdro_objective"": ""weighted"", ""groupdro_kl_lambda"": 0.0, ""groupdro_uniform_init"": true, ""log_interval"": 20, ""save_every"": 10, ""common_encoder"": false}","{""num_groups"": 4, ""num_classes"": 2, ""train_total"": 495, ""test_total"": 150, ""train_group_counts"": [242, 208, 20, 25], ""test_group_counts"": [61, 53, 10, 26], ""train_class_counts"": [269, 226], ""test_class_counts"": [73, 77], ""train_group_class_counts"": [[131, 111], [130, 78], [0, 20], [8, 17]], ""test_group_class_counts"": [[33, 28], [33, 20], [1, 9], [6, 20]], ""group_proportions"": [0.4888888888888889, 0.4202020202020202, 0.04040404040404041, 0.050505050505050504]}",,2026-09-07T00:57:41.814132,12,0.35822517219172345,0.8619909515747657,0.001,0.7266666666666667,0.7398617621166337,0.5769230769230769,0.9,"[0.8032786885245902, 0.6792452830188679, 0.9, 0.5769230769230769]","[0.5682785627966533, 0.7206917888713333, 0.4877443806035444, 0.679422793766627]","[0.7397260273972602, 0.7142857142857143]","[[0.7878787878787878, 0.8214285714285714], [0.7878787878787878, 0.5], [0.0, 1.0], [0.3333333333333333, 0.65]]","[61, 53, 10, 26]",,,
"{""run_name"": ""fedheart_ablation_pergroup_noanchor"", ""seed"": 7, ""run_dir"": ""runs/ablation_fedheart_fedheart/pergroup_erm_s7"", ""use_fedheart"": true, ""num_classes"": 2, ""stratified_batching"": true, ""train_frac"": 0.8, ""data_split_seed"": 43, ""group_max_train_samples"": [null, null, 20, 25], ""true_hetero_input_dim"": true, ""feature_mask"": [[0, 1, 2, 3, 5, 6, 7, 8, 9, 10], [0, 1, 2, 3, 5, 6, 11, 12], [0, 1, 2, 4, 5, 7, 11, 12], [0, 1, 2, 4, 5, 6, 8, 9, 10]], ""batch_size"": 64, ""num_workers"": 0, ""epochs"": 150, ""early_stopping_patience"": 40, ""lr"": 0.001, ""weight_decay"": 0.0001, ""optimizer"": ""adam"", ""grad_clip"": 1.0, ""lr_scheduler"": ""cosine"", ""lr_min"": 1e-05, ""latent_dim"": 64, ""head_hidden"": 32, ""groups"": [{""name"": ""cleveland"", ""encoder"": ""mlp_tabular_ln"", ""input_dim"": 10, ""hidden_dim"": 64, ""dropout"": 0.1}, {""name"": ""hungarian"", ""encoder"": ""mlp_tabular_ln"", ""input_dim"": 8, ""hidden_dim"": 64, ""dropout"": 0.1}, {""name"": ""switzerland"", ""encoder"": ""mlp_tabular_ln"", ""input_dim"": 8, ""hidden_dim"": 64, ""dropout"": 0.1}, {""name"": ""va_long_beach"", ""encoder"": ""mlp_tabular_ln"", ""input_dim"": 9, ""hidden_dim"": 64, ""dropout"": 0.1}], ""anchor_eps"": 0.0001, ""sep_samples_per_class"": 4, ""sep_method"": ""classifier"", ""sep_margin"": 1.0, ""lambda_fit"": 0.0, ""lambda_sep"": 0.0, ""groupdro_enabled"": false, ""groupdro_eta"": 2.0, ""groupdro_gamma"": 0.9, ""groupdro_update_mode"": ""softmax"", ""groupdro_objective"": ""weighted"", ""groupdro_kl_lambda"": 0.0, ""groupdro_uniform_init"": true, ""log_interval"": 20, ""save_every"": 10, ""common_encoder"": false}","{""num_groups"": 4, ""num_classes"": 2, ""train_total"": 495, ""test_total"": 150, ""train_group_counts"": [242, 208, 20, 25], ""test_group_counts"": [61, 53, 10, 26], ""train_class_counts"": [269, 226], ""test_class_counts"": [73, 77], ""train_group_class_counts"": [[131, 111], [130, 78], [0, 20], [8, 17]], ""test_group_class_counts"": [[33, 28], [33, 20], [1, 9], [6, 20]], ""group_proportions"": [0.4888888888888889, 0.4202020202020202, 0.04040404040404041, 0.050505050505050504]}",,2026-09-07T00:57:41.814132,13,0.3656772407471324,0.8574660668545718,0.001,0.68,0.6995205691308383,0.5,0.9,"[0.7377049180327869, 0.660377358490566, 0.9, 0.5]","[0.584491060115397, 0.7422507881837072, 0.5108016829704866, 0.732490630963674]","[0.726027397260274, 0.6363636363636364]","[[0.8181818181818182, 0.6428571428571429], [0.7272727272727273, 0.55], [0.0, 1.0], [0.3333333333333333, 0.55]]","[61, 53, 10, 26]",,,
"{""run_name"": ""fedheart_ablation_pergroup_noanchor"", ""seed"": 7, ""run_dir"": ""runs/ablation_fedheart_fedheart/pergroup_erm_s7"", ""use_fedheart"": true, ""num_classes"": 2, ""stratified_batching"": true, ""train_frac"": 0.8, ""data_split_seed"": 43, ""group_max_train_samples"": [null, null, 20, 25], ""true_hetero_input_dim"": true, ""feature_mask"": [[0, 1, 2, 3, 5, 6, 7, 8, 9, 10], [0, 1, 2, 3, 5, 6, 11, 12], [0, 1, 2, 4, 5, 7, 11, 12], [0, 1, 2, 4, 5, 6, 8, 9, 10]], ""batch_size"": 64, ""num_workers"": 0, ""epochs"": 150, ""early_stopping_patience"": 40, ""lr"": 0.001, ""weight_decay"": 0.0001, ""optimizer"": ""adam"", ""grad_clip"": 1.0, ""lr_scheduler"": ""cosine"", ""lr_min"": 1e-05, ""latent_dim"": 64, ""head_hidden"": 32, ""groups"": [{""name"": ""cleveland"", ""encoder"": ""mlp_tabular_ln"", ""input_dim"": 10, ""hidden_dim"": 64, ""dropout"": 0.1}, {""name"": ""hungarian"", ""encoder"": ""mlp_tabular_ln"", ""input_dim"": 8, ""hidden_dim"": 64, ""dropout"": 0.1}, {""name"": ""switzerland"", ""encoder"": ""mlp_tabular_ln"", ""input_dim"": 8, ""hidden_dim"": 64, ""dropout"": 0.1}, {""name"": ""va_long_beach"", ""encoder"": ""mlp_tabular_ln"", ""input_dim"": 9, ""hidden_dim"": 64, ""dropout"": 0.1}], ""anchor_eps"": 0.0001, ""sep_samples_per_class"": 4, ""sep_method"": ""classifier"", ""sep_margin"": 1.0, ""lambda_fit"": 0.0, ""lambda_sep"": 0.0, ""groupdro_enabled"": false, ""groupdro_eta"": 2.0, ""groupdro_gamma"": 0.9, ""groupdro_update_mode"": ""softmax"", ""groupdro_objective"": ""weighted"", ""groupdro_kl_lambda"": 0.0, ""groupdro_uniform_init"": true, ""log_interval"": 20, ""save_every"": 10, ""common_encoder"": false}","{""num_groups"": 4, ""num_classes"": 2, ""train_total"": 495, ""test_total"": 150, ""train_group_counts"": [242, 208, 20, 25], ""test_group_counts"": [61, 53, 10, 26], ""train_class_counts"": [269, 226], ""test_class_counts"": [73, 77], ""train_group_class_counts"": [[131, 111], [130, 78], [0, 20], [8, 17]], ""test_group_class_counts"": [[33, 28], [33, 20], [1, 9], [6, 20]], ""group_proportions"": [0.4888888888888889, 0.4202020202020202, 0.04040404040404041, 0.050505050505050504]}",,2026-09-07T00:57:41.814132,14,0.37474863372776845,0.8257918560127328,0.001,0.68,0.700139189607176,0.5,0.9,"[0.7213114754098361, 0.6792452830188679, 0.9, 0.5]","[0.5934226225420344, 0.7300096581567008, 0.5222968629794196, 0.728086749664866]","[0.726027397260274, 0.6363636363636364]","[[0.8181818181818182, 0.6071428571428571], [0.7575757575757576, 0.55], [0.0, 1.0], [0.16666666666666666, 0.6]]","[61, 53, 10, 26]",,,
"{""run_name"": ""fedheart_ablation_pergroup_noanchor"", ""seed"": 7, ""run_dir"": ""runs/ablation_fedheart_fedheart/pergroup_erm_s7"", ""use_fedheart"": true, ""num_classes"": 2, ""stratified_batching"": true, ""train_frac"": 0.8, ""data_split_seed"": 43, ""group_max_train_samples"": [null, null, 20, 25], ""true_hetero_input_dim"": true, ""feature_mask"": [[0, 1, 2, 3, 5, 6, 7, 8, 9, 10], [0, 1, 2, 3, 5, 6, 11, 12], [0, 1, 2, 4, 5, 7, 11, 12], [0, 1, 2, 4, 5, 6, 8, 9, 10]], ""batch_size"": 64, ""num_workers"": 0, ""epochs"": 150, ""early_stopping_patience"": 40, ""lr"": 0.001, ""weight_decay"": 0.0001, ""optimizer"": ""adam"", ""grad_clip"": 1.0, ""lr_scheduler"": ""cosine"", ""lr_min"": 1e-05, ""latent_dim"": 64, ""head_hidden"": 32, ""groups"": [{""name"": ""cleveland"", ""encoder"": ""mlp_tabular_ln"", ""input_dim"": 10, ""hidden_dim"": 64, ""dropout"": 0.1}, {""name"": ""hungarian"", ""encoder"": ""mlp_tabular_ln"", ""input_dim"": 8, ""hidden_dim"": 64, ""dropout"": 0.1}, {""name"": ""switzerland"", ""encoder"": ""mlp_tabular_ln"", ""input_dim"": 8, ""hidden_dim"": 64, ""dropout"": 0.1}, {""name"": ""va_long_beach"", ""encoder"": ""mlp_tabular_ln"", ""input_dim"": 9, ""hidden_dim"": 64, ""dropout"": 0.1}], ""anchor_eps"": 0.0001, ""sep_samples_per_class"": 4, ""sep_method"": ""classifier"", ""sep_margin"": 1.0, ""lambda_fit"": 0.0, ""lambda_sep"": 0.0, ""groupdro_enabled"": false, ""groupdro_eta"": 2.0, ""groupdro_gamma"": 0.9, ""groupdro_update_mode"": ""softmax"", ""groupdro_objective"": ""weighted"", ""groupdro_kl_lambda"": 0.0, ""groupdro_uniform_init"": true, ""log_interval"": 20, ""save_every"": 10, ""common_encoder"": false}","{""num_groups"": 4, ""num_classes"": 2, ""train_total"": 495, ""test_total"": 150, ""train_group_counts"": [242, 208, 20, 25], ""test_group_counts"": [61, 53, 10, 26], ""train_class_counts"": [269, 226], ""test_class_counts"": [73, 77], ""train_group_class_counts"": [[131, 111], [130, 78], [0, 20], [8, 17]], ""test_group_class_counts"": [[33, 28], [33, 20], [1, 9], [6, 20]], ""group_proportions"": [0.4888888888888889, 0.4202020202020202, 0.04040404040404041, 0.050505050505050504]}",,2026-09-07T00:57:41.814132,15,0.35562206703613247,0.8574660614604863,0.001,0.7066666666666667,0.7220496561897737,0.5384615384615384,0.9,"[0.7704918032786885, 0.6792452830188679, 0.9, 0.5384615384615384]","[0.5843034304953256, 0.7430084616929855, 0.5312636133283377, 0.7633438831051955]","[0.7397260273972602, 0.6753246753246753]","[[0.8181818181818182, 0.7142857142857143], [0.7575757575757576, 0.55], [0.0, 1.0], [0.3333333333333333, 0.6]]","[61, 53, 10, 26]",,,
"{""run_name"": ""fedheart_ablation_pergroup_noanchor"", ""seed"": 7, ""run_dir"": ""runs/ablation_fedheart_fedheart/pergroup_erm_s7"", ""use_fedheart"": true, ""num_classes"": 2, ""stratified_batching"": true, ""train_frac"": 0.8, ""data_split_seed"": 43, ""group_max_train_samples"": [null, null, 20, 25], ""true_hetero_input_dim"": true, ""feature_mask"": [[0, 1, 2, 3, 5, 6, 7, 8, 9, 10], [0, 1, 2, 3, 5, 6, 11, 12], [0, 1, 2, 4, 5, 7, 11, 12], [0, 1, 2, 4, 5, 6, 8, 9, 10]], ""batch_size"": 64, ""num_workers"": 0, ""epochs"": 150, ""early_stopping_patience"": 40, ""lr"": 0.001, ""weight_decay"": 0.0001, ""optimizer"": ""adam"", ""grad_clip"": 1.0, ""lr_scheduler"": ""cosine"", ""lr_min"": 1e-05, ""latent_dim"": 64, ""head_hidden"": 32, ""groups"": [{""name"": ""cleveland"", ""encoder"": ""mlp_tabular_ln"", ""input_dim"": 10, ""hidden_dim"": 64, ""dropout"": 0.1}, {""name"": ""hungarian"", ""encoder"": ""mlp_tabular_ln"", ""input_dim"": 8, ""hidden_dim"": 64, ""dropout"": 0.1}, {""name"": ""switzerland"", ""encoder"": ""mlp_tabular_ln"", ""input_dim"": 8, ""hidden_dim"": 64, ""dropout"": 0.1}, {""name"": ""va_long_beach"", ""encoder"": ""mlp_tabular_ln"", ""input_dim"": 9, ""hidden_dim"": 64, ""dropout"": 0.1}], ""anchor_eps"": 0.0001, ""sep_samples_per_class"": 4, ""sep_method"": ""classifier"", ""sep_margin"": 1.0, ""lambda_fit"": 0.0, ""lambda_sep"": 0.0, ""groupdro_enabled"": false, ""groupdro_eta"": 2.0, ""groupdro_gamma"": 0.9, ""groupdro_update_mode"": ""softmax"", ""groupdro_objective"": ""weighted"", ""groupdro_kl_lambda"": 0.0, ""groupdro_uniform_init"": true, ""log_interval"": 20, ""save_every"": 10, ""common_encoder"": false}","{""num_groups"": 4, ""num_classes"": 2, ""train_total"": 495, ""test_total"": 150, ""train_group_counts"": [242, 208, 20, 25], ""test_group_counts"": [61, 53, 10, 26], ""train_class_counts"": [269, 226], ""test_class_counts"": [73, 77], ""train_group_class_counts"": [[131, 111], [130, 78], [0, 20], [8, 17]], ""test_group_class_counts"": [[33, 28], [33, 20], [1, 9], [6, 20]], ""group_proportions"": [0.4888888888888889, 0.4202020202020202, 0.04040404040404041, 0.050505050505050504]}",,2026-09-07T00:57:41.814132,16,0.3358987557672268,0.8574660668545718,0.001,0.6933333333333334,0.7138529348782983,0.5384615384615384,0.9,"[0.7377049180327869, 0.6792452830188679, 0.9, 0.5384615384615384]","[0.6128022327072552, 0.7795311968141007, 0.5486372720915824, 0.7856021811469243]","[0.7671232876712328, 0.6233766233766234]","[[0.8181818181818182, 0.6428571428571429], [0.7878787878787878, 0.5], [0.0, 1.0], [0.5, 0.55]]","[61, 53, 10, 26]",,,
"{""run_name"": ""fedheart_ablation_pergroup_noanchor"", ""seed"": 7, ""run_dir"": ""runs/ablation_fedheart_fedheart/pergroup_erm_s7"", ""use_fedheart"": true, ""num_classes"": 2, ""stratified_batching"": true, ""train_frac"": 0.8, ""data_split_seed"": 43, ""group_max_train_samples"": [null, null, 20, 25], ""true_hetero_input_dim"": true, ""feature_mask"": [[0, 1, 2, 3, 5, 6, 7, 8, 9, 10], [0, 1, 2, 3, 5, 6, 11, 12], [0, 1, 2, 4, 5, 7, 11, 12], [0, 1, 2, 4, 5, 6, 8, 9, 10]], ""batch_size"": 64, ""num_workers"": 0, ""epochs"": 150, ""early_stopping_patience"": 40, ""lr"": 0.001, ""weight_decay"": 0.0001, ""optimizer"": ""adam"", ""grad_clip"": 1.0, ""lr_scheduler"": ""cosine"", ""lr_min"": 1e-05, ""latent_dim"": 64, ""head_hidden"": 32, ""groups"": [{""name"": ""cleveland"", ""encoder"": ""mlp_tabular_ln"", ""input_dim"": 10, ""hidden_dim"": 64, ""dropout"": 0.1}, {""name"": ""hungarian"", ""encoder"": ""mlp_tabular_ln"", ""input_dim"": 8, ""hidden_dim"": 64, ""dropout"": 0.1}, {""name"": ""switzerland"", ""encoder"": ""mlp_tabular_ln"", ""input_dim"": 8, ""hidden_dim"": 64, ""dropout"": 0.1}, {""name"": ""va_long_beach"", ""encoder"": ""mlp_tabular_ln"", ""input_dim"": 9, ""hidden_dim"": 64, ""dropout"": 0.1}], ""anchor_eps"": 0.0001, ""sep_samples_per_class"": 4, ""sep_method"": ""classifier"", ""sep_margin"": 1.0, ""lambda_fit"": 0.0, ""lambda_sep"": 0.0, ""groupdro_enabled"": false, ""groupdro_eta"": 2.0, ""groupdro_gamma"": 0.9, ""groupdro_update_mode"": ""softmax"", ""groupdro_objective"": ""weighted"", ""groupdro_kl_lambda"": 0.0, ""groupdro_uniform_init"": true, ""log_interval"": 20, ""save_every"": 10, ""common_encoder"": false}","{""num_groups"": 4, ""num_classes"": 2, ""train_total"": 495, ""test_total"": 150, ""train_group_counts"": [242, 208, 20, 25], ""test_group_counts"": [61, 53, 10, 26], ""train_class_counts"": [269, 226], ""test_class_counts"": [73, 77], ""train_group_class_counts"": [[131, 111], [130, 78], [0, 20], [8, 17]], ""test_group_class_counts"": [[33, 28], [33, 20], [1, 9], [6, 20]], ""group_proportions"": [0.4888888888888889, 0.4202020202020202, 0.04040404040404041, 0.050505050505050504]}",,2026-09-07T00:57:41.814132,17,0.3280692889409907,0.8733031652631803,0.001,0.7,0.717951295534036,0.5384615384615384,0.9,"[0.7540983606557377, 0.6792452830188679, 0.9, 0.5384615384615384]","[0.627322896009647, 0.7813068507414944, 0.5670347548904828, 0.8374412685919267]","[0.7534246575342466, 0.6493506493506493]","[[0.8181818181818182, 0.6785714285714286], [0.7575757575757576, 0.55], [0.0, 1.0], [0.5, 0.55]]","[61, 53, 10, 26]",,,
"{""run_name"": ""fedheart_ablation_pergroup_noanchor"", ""seed"": 7, ""run_dir"": ""runs/ablation_fedheart_fedheart/pergroup_erm_s7"", ""use_fedheart"": true, ""num_classes"": 2, ""stratified_batching"": true, ""train_frac"": 0.8, ""data_split_seed"": 43, ""group_max_train_samples"": [null, null, 20, 25], ""true_hetero_input_dim"": true, ""feature_mask"": [[0, 1, 2, 3, 5, 6, 7, 8, 9, 10], [0, 1, 2, 3, 5, 6, 11, 12], [0, 1, 2, 4, 5, 7, 11, 12], [0, 1, 2, 4, 5, 6, 8, 9, 10]], ""batch_size"": 64, ""num_workers"": 0, ""epochs"": 150, ""early_stopping_patience"": 40, ""lr"": 0.001, ""weight_decay"": 0.0001, ""optimizer"": ""adam"", ""grad_clip"": 1.0, ""lr_scheduler"": ""cosine"", ""lr_min"": 1e-05, ""latent_dim"": 64, ""head_hidden"": 32, ""groups"": [{""name"": ""cleveland"", ""encoder"": ""mlp_tabular_ln"", ""input_dim"": 10, ""hidden_dim"": 64, ""dropout"": 0.1}, {""name"": ""hungarian"", ""encoder"": ""mlp_tabular_ln"", ""input_dim"": 8, ""hidden_dim"": 64, ""dropout"": 0.1}, {""name"": ""switzerland"", ""encoder"": ""mlp_tabular_ln"", ""input_dim"": 8, ""hidden_dim"": 64, ""dropout"": 0.1}, {""name"": ""va_long_beach"", ""encoder"": ""mlp_tabular_ln"", ""input_dim"": 9, ""hidden_dim"": 64, ""dropout"": 0.1}], ""anchor_eps"": 0.0001, ""sep_samples_per_class"": 4, ""sep_method"": ""classifier"", ""sep_margin"": 1.0, ""lambda_fit"": 0.0, ""lambda_sep"": 0.0, ""groupdro_enabled"": false, ""groupdro_eta"": 2.0, ""groupdro_gamma"": 0.9, ""groupdro_update_mode"": ""softmax"", ""groupdro_objective"": ""weighted"", ""groupdro_kl_lambda"": 0.0, ""groupdro_uniform_init"": true, ""log_interval"": 20, ""save_every"": 10, ""common_encoder"": false}","{""num_groups"": 4, ""num_classes"": 2, ""train_total"": 495, ""test_total"": 150, ""train_group_counts"": [242, 208, 20, 25], ""test_group_counts"": [61, 53, 10, 26], ""train_class_counts"": [269, 226], ""test_class_counts"": [73, 77], ""train_group_class_counts"": [[131, 111], [130, 78], [0, 20], [8, 17]], ""test_group_class_counts"": [[33, 28], [33, 20], [1, 9], [6, 20]], ""group_proportions"": [0.4888888888888889, 0.4202020202020202, 0.04040404040404041, 0.050505050505050504]}",,2026-09-07T00:57:41.814132,18,0.3304416502897556,0.8665158400708194,0.001,0.7,0.7173326750576983,0.5384615384615384,0.9,"[0.7704918032786885, 0.660377358490566, 0.9, 0.5384615384615384]","[0.6427313923667811, 0.7807972178495718, 0.579212628188543, 0.9354595645115926]","[0.7671232876712328, 0.6363636363636364]","[[0.8181818181818182, 0.7142857142857143], [0.7575757575757576, 0.5], [0.0, 1.0], [0.6666666666666666, 0.5]]","[61, 53, 10, 26]",,,
"{""run_name"": ""fedheart_ablation_pergroup_noanchor"", ""seed"": 7, ""run_dir"": ""runs/ablation_fedheart_fedheart/pergroup_erm_s7"", ""use_fedheart"": true, ""num_classes"": 2, ""stratified_batching"": true, ""train_frac"": 0.8, ""data_split_seed"": 43, ""group_max_train_samples"": [null, null, 20, 25], ""true_hetero_input_dim"": true, ""feature_mask"": [[0, 1, 2, 3, 5, 6, 7, 8, 9, 10], [0, 1, 2, 3, 5, 6, 11, 12], [0, 1, 2, 4, 5, 7, 11, 12], [0, 1, 2, 4, 5, 6, 8, 9, 10]], ""batch_size"": 64, ""num_workers"": 0, ""epochs"": 150, ""early_stopping_patience"": 40, ""lr"": 0.001, ""weight_decay"": 0.0001, ""optimizer"": ""adam"", ""grad_clip"": 1.0, ""lr_scheduler"": ""cosine"", ""lr_min"": 1e-05, ""latent_dim"": 64, ""head_hidden"": 32, ""groups"": [{""name"": ""cleveland"", ""encoder"": ""mlp_tabular_ln"", ""input_dim"": 10, ""hidden_dim"": 64, ""dropout"": 0.1}, {""name"": ""hungarian"", ""encoder"": ""mlp_tabular_ln"", ""input_dim"": 8, ""hidden_dim"": 64, ""dropout"": 0.1}, {""name"": ""switzerland"", ""encoder"": ""mlp_tabular_ln"", ""input_dim"": 8, ""hidden_dim"": 64, ""dropout"": 0.1}, {""name"": ""va_long_beach"", ""encoder"": ""mlp_tabular_ln"", ""input_dim"": 9, ""hidden_dim"": 64, ""dropout"": 0.1}], ""anchor_eps"": 0.0001, ""sep_samples_per_class"": 4, ""sep_method"": ""classifier"", ""sep_margin"": 1.0, ""lambda_fit"": 0.0, ""lambda_sep"": 0.0, ""groupdro_enabled"": false, ""groupdro_eta"": 2.0, ""groupdro_gamma"": 0.9, ""groupdro_update_mode"": ""softmax"", ""groupdro_objective"": ""weighted"", ""groupdro_kl_lambda"": 0.0, ""groupdro_uniform_init"": true, ""log_interval"": 20, ""save_every"": 10, ""common_encoder"": false}","{""num_groups"": 4, ""num_classes"": 2, ""train_total"": 495, ""test_total"": 150, ""train_group_counts"": [242, 208, 20, 25], ""test_group_counts"": [61, 53, 10, 26], ""train_class_counts"": [269, 226], ""test_class_counts"": [73, 77], ""train_group_class_counts"": [[131, 111], [130, 78], [0, 20], [8, 17]], ""test_group_class_counts"": [[33, 28], [33, 20], [1, 9], [6, 20]], ""group_proportions"": [0.4888888888888889, 0.4202020202020202, 0.04040404040404041, 0.050505050505050504]}",,2026-09-07T00:57:41.814132,19,0.32042201476938587,0.8665158352161425,0.001,0.6866666666666666,0.7091359537462228,0.5384615384615384,0.9,"[0.7377049180327869, 0.660377358490566, 0.9, 0.5384615384615384]","[0.6918623906094581, 0.7880660276859999, 0.5982098035397939, 0.9828605780807825]","[0.7671232876712328, 0.6103896103896104]","[[0.8181818181818182, 0.6428571428571429], [0.7575757575757576, 0.5], [0.0, 1.0], [0.6666666666666666, 0.5]]","[61, 53, 10, 26]",,,
"{""run_name"": ""fedheart_ablation_pergroup_noanchor"", ""seed"": 7, ""run_dir"": ""runs/ablation_fedheart_fedheart/pergroup_erm_s7"", ""use_fedheart"": true, ""num_classes"": 2, ""stratified_batching"": true, ""train_frac"": 0.8, ""data_split_seed"": 43, ""group_max_train_samples"": [null, null, 20, 25], ""true_hetero_input_dim"": true, ""feature_mask"": [[0, 1, 2, 3, 5, 6, 7, 8, 9, 10], [0, 1, 2, 3, 5, 6, 11, 12], [0, 1, 2, 4, 5, 7, 11, 12], [0, 1, 2, 4, 5, 6, 8, 9, 10]], ""batch_size"": 64, ""num_workers"": 0, ""epochs"": 150, ""early_stopping_patience"": 40, ""lr"": 0.001, ""weight_decay"": 0.0001, ""optimizer"": ""adam"", ""grad_clip"": 1.0, ""lr_scheduler"": ""cosine"", ""lr_min"": 1e-05, ""latent_dim"": 64, ""head_hidden"": 32, ""groups"": [{""name"": ""cleveland"", ""encoder"": ""mlp_tabular_ln"", ""input_dim"": 10, ""hidden_dim"": 64, ""dropout"": 0.1}, {""name"": ""hungarian"", ""encoder"": ""mlp_tabular_ln"", ""input_dim"": 8, ""hidden_dim"": 64, ""dropout"": 0.1}, {""name"": ""switzerland"", ""encoder"": ""mlp_tabular_ln"", ""input_dim"": 8, ""hidden_dim"": 64, ""dropout"": 0.1}, {""name"": ""va_long_beach"", ""encoder"": ""mlp_tabular_ln"", ""input_dim"": 9, ""hidden_dim"": 64, ""dropout"": 0.1}], ""anchor_eps"": 0.0001, ""sep_samples_per_class"": 4, ""sep_method"": ""classifier"", ""sep_margin"": 1.0, ""lambda_fit"": 0.0, ""lambda_sep"": 0.0, ""groupdro_enabled"": false, ""groupdro_eta"": 2.0, ""groupdro_gamma"": 0.9, ""groupdro_update_mode"": ""softmax"", ""groupdro_objective"": ""weighted"", ""groupdro_kl_lambda"": 0.0, ""groupdro_uniform_init"": true, ""log_interval"": 20, ""save_every"": 10, ""common_encoder"": false}","{""num_groups"": 4, ""num_classes"": 2, ""train_total"": 495, ""test_total"": 150, ""train_group_counts"": [242, 208, 20, 25], ""test_group_counts"": [61, 53, 10, 26], ""train_class_counts"": [269, 226], ""test_class_counts"": [73, 77], ""train_group_class_counts"": [[131, 111], [130, 78], [0, 20], [8, 17]], ""test_group_class_counts"": [[33, 28], [33, 20], [1, 9], [6, 20]], ""group_proportions"": [0.4888888888888889, 0.4202020202020202, 0.04040404040404041, 0.050505050505050504]}",,2026-09-07T00:57:41.814132,20,0.32648536131392775,0.8665158354858468,0.001,0.68,0.7050375930904851,0.5384615384615384,0.9,"[0.7213114754098361, 0.660377358490566, 0.9, 0.5384615384615384]","[0.7287527947175149, 0.7917163678146196, 0.6189346391824074, 0.9596402266850839]","[0.7534246575342466, 0.6103896103896104]","[[0.8181818181818182, 0.6071428571428571], [0.7575757575757576, 0.5], [0.0, 1.0], [0.5, 0.55]]","[61, 53, 10, 26]",,,
"{""run_name"": ""fedheart_ablation_pergroup_noanchor"", ""seed"": 7, ""run_dir"": ""runs/ablation_fedheart_fedheart/pergroup_erm_s7"", ""use_fedheart"": true, ""num_classes"": 2, ""stratified_batching"": true, ""train_frac"": 0.8, ""data_split_seed"": 43, ""group_max_train_samples"": [null, null, 20, 25], ""true_hetero_input_dim"": true, ""feature_mask"": [[0, 1, 2, 3, 5, 6, 7, 8, 9, 10], [0, 1, 2, 3, 5, 6, 11, 12], [0, 1, 2, 4, 5, 7, 11, 12], [0, 1, 2, 4, 5, 6, 8, 9, 10]], ""batch_size"": 64, ""num_workers"": 0, ""epochs"": 150, ""early_stopping_patience"": 40, ""lr"": 0.001, ""weight_decay"": 0.0001, ""optimizer"": ""adam"", ""grad_clip"": 1.0, ""lr_scheduler"": ""cosine"", ""lr_min"": 1e-05, ""latent_dim"": 64, ""head_hidden"": 32, ""groups"": [{""name"": ""cleveland"", ""encoder"": ""mlp_tabular_ln"", ""input_dim"": 10, ""hidden_dim"": 64, ""dropout"": 0.1}, {""name"": ""hungarian"", ""encoder"": ""mlp_tabular_ln"", ""input_dim"": 8, ""hidden_dim"": 64, ""dropout"": 0.1}, {""name"": ""switzerland"", ""encoder"": ""mlp_tabular_ln"", ""input_dim"": 8, ""hidden_dim"": 64, ""dropout"": 0.1}, {""name"": ""va_long_beach"", ""encoder"": ""mlp_tabular_ln"", ""input_dim"": 9, ""hidden_dim"": 64, ""dropout"": 0.1}], ""anchor_eps"": 0.0001, ""sep_samples_per_class"": 4, ""sep_method"": ""classifier"", ""sep_margin"": 1.0, ""lambda_fit"": 0.0, ""lambda_sep"": 0.0, ""groupdro_enabled"": false, ""groupdro_eta"": 2.0, ""groupdro_gamma"": 0.9, ""groupdro_update_mode"": ""softmax"", ""groupdro_objective"": ""weighted"", ""groupdro_kl_lambda"": 0.0, ""groupdro_uniform_init"": true, ""log_interval"": 20, ""save_every"": 10, ""common_encoder"": false}","{""num_groups"": 4, ""num_classes"": 2, ""train_total"": 495, ""test_total"": 150, ""train_group_counts"": [242, 208, 20, 25], ""test_group_counts"": [61, 53, 10, 26], ""train_class_counts"": [269, 226], ""test_class_counts"": [73, 77], ""train_group_class_counts"": [[131, 111], [130, 78], [0, 20], [8, 17]], ""test_group_class_counts"": [[33, 28], [33, 20], [1, 9], [6, 20]], ""group_proportions"": [0.4888888888888889, 0.4202020202020202, 0.04040404040404041, 0.050505050505050504]}",,2026-09-07T00:57:41.814132,21,0.3344627397632167,0.8642533942045669,0.001,0.6866666666666666,0.7097545742225606,0.5384615384615384,0.9,"[0.7213114754098361, 0.6792452830188679, 0.9, 0.5384615384615384]","[0.7356134005631396, 0.7901723735948216, 0.6351528050960041, 0.8458182660934443]","[0.7397260273972602, 0.6363636363636364]","[[0.8181818181818182, 0.6071428571428571], [0.7575757575757576, 0.55], [0.0, 1.0], [0.3333333333333333, 0.6]]","[61, 53, 10, 26]",,,
"{""run_name"": ""fedheart_ablation_pergroup_noanchor"", ""seed"": 7, ""run_dir"": ""runs/ablation_fedheart_fedheart/pergroup_erm_s7"", ""use_fedheart"": true, ""num_classes"": 2, ""stratified_batching"": true, ""train_frac"": 0.8, ""data_split_seed"": 43, ""group_max_train_samples"": [null, null, 20, 25], ""true_hetero_input_dim"": true, ""feature_mask"": [[0, 1, 2, 3, 5, 6, 7, 8, 9, 10], [0, 1, 2, 3, 5, 6, 11, 12], [0, 1, 2, 4, 5, 7, 11, 12], [0, 1, 2, 4, 5, 6, 8, 9, 10]], ""batch_size"": 64, ""num_workers"": 0, ""epochs"": 150, ""early_stopping_patience"": 40, ""lr"": 0.001, ""weight_decay"": 0.0001, ""optimizer"": ""adam"", ""grad_clip"": 1.0, ""lr_scheduler"": ""cosine"", ""lr_min"": 1e-05, ""latent_dim"": 64, ""head_hidden"": 32, ""groups"": [{""name"": ""cleveland"", ""encoder"": ""mlp_tabular_ln"", ""input_dim"": 10, ""hidden_dim"": 64, ""dropout"": 0.1}, {""name"": ""hungarian"", ""encoder"": ""mlp_tabular_ln"", ""input_dim"": 8, ""hidden_dim"": 64, ""dropout"": 0.1}, {""name"": ""switzerland"", ""encoder"": ""mlp_tabular_ln"", ""input_dim"": 8, ""hidden_dim"": 64, ""dropout"": 0.1}, {""name"": ""va_long_beach"", ""encoder"": ""mlp_tabular_ln"", ""input_dim"": 9, ""hidden_dim"": 64, ""dropout"": 0.1}], ""anchor_eps"": 0.0001, ""sep_samples_per_class"": 4, ""sep_method"": ""classifier"", ""sep_margin"": 1.0, ""lambda_fit"": 0.0, ""lambda_sep"": 0.0, ""groupdro_enabled"": false, ""groupdro_eta"": 2.0, ""groupdro_gamma"": 0.9, ""groupdro_update_mode"": ""softmax"", ""groupdro_objective"": ""weighted"", ""groupdro_kl_lambda"": 0.0, ""groupdro_uniform_init"": true, ""log_interval"": 20, ""save_every"": 10, ""common_encoder"": false}","{""num_groups"": 4, ""num_classes"": 2, ""train_total"": 495, ""test_total"": 150, ""train_group_counts"": [242, 208, 20, 25], ""test_group_counts"": [61, 53, 10, 26], ""train_class_counts"": [269, 226], ""test_class_counts"": [73, 77], ""train_group_class_counts"": [[131, 111], [130, 78], [0, 20], [8, 17]], ""test_group_class_counts"": [[33, 28], [33, 20], [1, 9], [6, 20]], ""group_proportions"": [0.4888888888888889, 0.4202020202020202, 0.04040404040404041, 0.050505050505050504]}",,2026-09-07T00:57:41.814132,22,0.30243968073598937,0.8846153878518359,0.001,0.68,0.705656213566823,0.5384615384615384,0.9,"[0.7049180327868853, 0.6792452830188679, 0.9, 0.5384615384615384]","[0.7229842051336939, 0.7657179213919729, 0.6360894571989775, 0.8347651181169428]","[0.726027397260274, 0.6363636363636364]","[[0.7575757575757576, 0.6428571428571429], [0.7878787878787878, 0.5], [0.0, 1.0], [0.3333333333333333, 0.6]]","[61, 53, 10, 26]",,,
"{""run_name"": ""fedheart_ablation_pergroup_noanchor"", ""seed"": 7, ""run_dir"": ""runs/ablation_fedheart_fedheart/pergroup_erm_s7"", ""use_fedheart"": true, ""num_classes"": 2, ""stratified_batching"": true, ""train_frac"": 0.8, ""data_split_seed"": 43, ""group_max_train_samples"": [null, null, 20, 25], ""true_hetero_input_dim"": true, ""feature_mask"": [[0, 1, 2, 3, 5, 6, 7, 8, 9, 10], [0, 1, 2, 3, 5, 6, 11, 12], [0, 1, 2, 4, 5, 7, 11, 12], [0, 1, 2, 4, 5, 6, 8, 9, 10]], ""batch_size"": 64, ""num_workers"": 0, ""epochs"": 150, ""early_stopping_patience"": 40, ""lr"": 0.001, ""weight_decay"": 0.0001, ""optimizer"": ""adam"", ""grad_clip"": 1.0, ""lr_scheduler"": ""cosine"", ""lr_min"": 1e-05, ""latent_dim"": 64, ""head_hidden"": 32, ""groups"": [{""name"": ""cleveland"", ""encoder"": ""mlp_tabular_ln"", ""input_dim"": 10, ""hidden_dim"": 64, ""dropout"": 0.1}, {""name"": ""hungarian"", ""encoder"": ""mlp_tabular_ln"", ""input_dim"": 8, ""hidden_dim"": 64, ""dropout"": 0.1}, {""name"": ""switzerland"", ""encoder"": ""mlp_tabular_ln"", ""input_dim"": 8, ""hidden_dim"": 64, ""dropout"": 0.1}, {""name"": ""va_long_beach"", ""encoder"": ""mlp_tabular_ln"", ""input_dim"": 9, ""hidden_dim"": 64, ""dropout"": 0.1}], ""anchor_eps"": 0.0001, ""sep_samples_per_class"": 4, ""sep_method"": ""classifier"", ""sep_margin"": 1.0, ""lambda_fit"": 0.0, ""lambda_sep"": 0.0, ""groupdro_enabled"": false, ""groupdro_eta"": 2.0, ""groupdro_gamma"": 0.9, ""groupdro_update_mode"": ""softmax"", ""groupdro_objective"": ""weighted"", ""groupdro_kl_lambda"": 0.0, ""groupdro_uniform_init"": true, ""log_interval"": 20, ""save_every"": 10, ""common_encoder"": false}","{""num_groups"": 4, ""num_classes"": 2, ""train_total"": 495, ""test_total"": 150, ""train_group_counts"": [242, 208, 20, 25], ""test_group_counts"": [61, 53, 10, 26], ""train_class_counts"": [269, 226], ""test_class_counts"": [73, 77], ""train_group_class_counts"": [[131, 111], [130, 78], [0, 20], [8, 17]], ""test_group_class_counts"": [[33, 28], [33, 20], [1, 9], [6, 20]], ""group_proportions"": [0.4888888888888889, 0.4202020202020202, 0.04040404040404041, 0.050505050505050504]}",,2026-09-07T00:57:41.814132,23,0.30906949836204495,0.875565611399137,0.001,0.68,0.7050375930904851,0.5384615384615384,0.9,"[0.7213114754098361, 0.660377358490566, 0.9, 0.5384615384615384]","[0.7463099259356434, 0.756926824040008, 0.6452396764827426, 0.8688333208242861]","[0.726027397260274, 0.6363636363636364]","[[0.7878787878787878, 0.6428571428571429], [0.7575757575757576, 0.5], [0.0, 1.0], [0.3333333333333333, 0.6]]","[61, 53, 10, 26]",,,
"{""run_name"": ""fedheart_ablation_pergroup_noanchor"", ""seed"": 7, ""run_dir"": ""runs/ablation_fedheart_fedheart/pergroup_erm_s7"", ""use_fedheart"": true, ""num_classes"": 2, ""stratified_batching"": true, ""train_frac"": 0.8, ""data_split_seed"": 43, ""group_max_train_samples"": [null, null, 20, 25], ""true_hetero_input_dim"": true, ""feature_mask"": [[0, 1, 2, 3, 5, 6, 7, 8, 9, 10], [0, 1, 2, 3, 5, 6, 11, 12], [0, 1, 2, 4, 5, 7, 11, 12], [0, 1, 2, 4, 5, 6, 8, 9, 10]], ""batch_size"": 64, ""num_workers"": 0, ""epochs"": 150, ""early_stopping_patience"": 40, ""lr"": 0.001, ""weight_decay"": 0.0001, ""optimizer"": ""adam"", ""grad_clip"": 1.0, ""lr_scheduler"": ""cosine"", ""lr_min"": 1e-05, ""latent_dim"": 64, ""head_hidden"": 32, ""groups"": [{""name"": ""cleveland"", ""encoder"": ""mlp_tabular_ln"", ""input_dim"": 10, ""hidden_dim"": 64, ""dropout"": 0.1}, {""name"": ""hungarian"", ""encoder"": ""mlp_tabular_ln"", ""input_dim"": 8, ""hidden_dim"": 64, ""dropout"": 0.1}, {""name"": ""switzerland"", ""encoder"": ""mlp_tabular_ln"", ""input_dim"": 8, ""hidden_dim"": 64, ""dropout"": 0.1}, {""name"": ""va_long_beach"", ""encoder"": ""mlp_tabular_ln"", ""input_dim"": 9, ""hidden_dim"": 64, ""dropout"": 0.1}], ""anchor_eps"": 0.0001, ""sep_samples_per_class"": 4, ""sep_method"": ""classifier"", ""sep_margin"": 1.0, ""lambda_fit"": 0.0, ""lambda_sep"": 0.0, ""groupdro_enabled"": false, ""groupdro_eta"": 2.0, ""groupdro_gamma"": 0.9, ""groupdro_update_mode"": ""softmax"", ""groupdro_objective"": ""weighted"", ""groupdro_kl_lambda"": 0.0, ""groupdro_uniform_init"": true, ""log_interval"": 20, ""save_every"": 10, ""common_encoder"": false}","{""num_groups"": 4, ""num_classes"": 2, ""train_total"": 495, ""test_total"": 150, ""train_group_counts"": [242, 208, 20, 25], ""test_group_counts"": [61, 53, 10, 26], ""train_class_counts"": [269, 226], ""test_class_counts"": [73, 77], ""train_group_class_counts"": [[131, 111], [130, 78], [0, 20], [8, 17]], ""test_group_class_counts"": [[33, 28], [33, 20], [1, 9], [6, 20]], ""group_proportions"": [0.4888888888888889, 0.4202020202020202, 0.04040404040404041, 0.050505050505050504]}",,2026-09-07T00:57:41.814132,24,0.2966958896606756,0.873303164993476,0.001,0.6733333333333333,0.6960408289514383,0.5,0.9,"[0.7049180327868853, 0.6792452830188679, 0.9, 0.5]","[0.7516935347564152, 0.7833598270520287, 0.667422641464509, 0.9176492346092485]","[0.726027397260274, 0.6233766233766234]","[[0.7878787878787878, 0.6071428571428571], [0.7575757575757576, 0.55], [0.0, 1.0], [0.3333333333333333, 0.55]]","[61, 53, 10, 26]",,,
"{""run_name"": ""fedheart_ablation_pergroup_noanchor"", ""seed"": 7, ""run_dir"": ""runs/ablation_fedheart_fedheart/pergroup_erm_s7"", ""use_fedheart"": true, ""num_classes"": 2, ""stratified_batching"": true, ""train_frac"": 0.8, ""data_split_seed"": 43, ""group_max_train_samples"": [null, null, 20, 25], ""true_hetero_input_dim"": true, ""feature_mask"": [[0, 1, 2, 3, 5, 6, 7, 8, 9, 10], [0, 1, 2, 3, 5, 6, 11, 12], [0, 1, 2, 4, 5, 7, 11, 12], [0, 1, 2, 4, 5, 6, 8, 9, 10]], ""batch_size"": 64, ""num_workers"": 0, ""epochs"": 150, ""early_stopping_patience"": 40, ""lr"": 0.001, ""weight_decay"": 0.0001, ""optimizer"": ""adam"", ""grad_clip"": 1.0, ""lr_scheduler"": ""cosine"", ""lr_min"": 1e-05, ""latent_dim"": 64, ""head_hidden"": 32, ""groups"": [{""name"": ""cleveland"", ""encoder"": ""mlp_tabular_ln"", ""input_dim"": 10, ""hidden_dim"": 64, ""dropout"": 0.1}, {""name"": ""hungarian"", ""encoder"": ""mlp_tabular_ln"", ""input_dim"": 8, ""hidden_dim"": 64, ""dropout"": 0.1}, {""name"": ""switzerland"", ""encoder"": ""mlp_tabular_ln"", ""input_dim"": 8, ""hidden_dim"": 64, ""dropout"": 0.1}, {""name"": ""va_long_beach"", ""encoder"": ""mlp_tabular_ln"", ""input_dim"": 9, ""hidden_dim"": 64, ""dropout"": 0.1}], ""anchor_eps"": 0.0001, ""sep_samples_per_class"": 4, ""sep_method"": ""classifier"", ""sep_margin"": 1.0, ""lambda_fit"": 0.0, ""lambda_sep"": 0.0, ""groupdro_enabled"": false, ""groupdro_eta"": 2.0, ""groupdro_gamma"": 0.9, ""groupdro_update_mode"": ""softmax"", ""groupdro_objective"": ""weighted"", ""groupdro_kl_lambda"": 0.0, ""groupdro_uniform_init"": true, ""log_interval"": 20, ""save_every"": 10, ""common_encoder"": false}","{""num_groups"": 4, ""num_classes"": 2, ""train_total"": 495, ""test_total"": 150, ""train_group_counts"": [242, 208, 20, 25], ""test_group_counts"": [61, 53, 10, 26], ""train_class_counts"": [269, 226], ""test_class_counts"": [73, 77], ""train_group_class_counts"": [[131, 111], [130, 78], [0, 20], [8, 17]], ""test_group_class_counts"": [[33, 28], [33, 20], [1, 9], [6, 20]], ""group_proportions"": [0.4888888888888889, 0.4202020202020202, 0.04040404040404041, 0.050505050505050504]}",,2026-09-07T00:57:41.814132,25,0.3101286461989804,0.8710407220939705,0.001,0.6666666666666666,0.6900866068666873,0.5,0.9,"[0.7377049180327869, 0.6226415094339622, 0.9, 0.5]","[0.7541568357779904, 0.811258325669563, 0.6862577624997357, 0.9804133245578179]","[0.6986301369863014, 0.6363636363636364]","[[0.7878787878787878, 0.6785714285714286], [0.696969696969697, 0.5], [0.0, 1.0], [0.3333333333333333, 0.55]]","[61, 53, 10, 26]",,,
"{""run_name"": ""fedheart_ablation_pergroup_noanchor"", ""seed"": 7, ""run_dir"": ""runs/ablation_fedheart_fedheart/pergroup_erm_s7"", ""use_fedheart"": true, ""num_classes"": 2, ""stratified_batching"": true, ""train_frac"": 0.8, ""data_split_seed"": 43, ""group_max_train_samples"": [null, null, 20, 25], ""true_hetero_input_dim"": true, ""feature_mask"": [[0, 1, 2, 3, 5, 6, 7, 8, 9, 10], [0, 1, 2, 3, 5, 6, 11, 12], [0, 1, 2, 4, 5, 7, 11, 12], [0, 1, 2, 4, 5, 6, 8, 9, 10]], ""batch_size"": 64, ""num_workers"": 0, ""epochs"": 150, ""early_stopping_patience"": 40, ""lr"": 0.001, ""weight_decay"": 0.0001, ""optimizer"": ""adam"", ""grad_clip"": 1.0, ""lr_scheduler"": ""cosine"", ""lr_min"": 1e-05, ""latent_dim"": 64, ""head_hidden"": 32, ""groups"": [{""name"": ""cleveland"", ""encoder"": ""mlp_tabular_ln"", ""input_dim"": 10, ""hidden_dim"": 64, ""dropout"": 0.1}, {""name"": ""hungarian"", ""encoder"": ""mlp_tabular_ln"", ""input_dim"": 8, ""hidden_dim"": 64, ""dropout"": 0.1}, {""name"": ""switzerland"", ""encoder"": ""mlp_tabular_ln"", ""input_dim"": 8, ""hidden_dim"": 64, ""dropout"": 0.1}, {""name"": ""va_long_beach"", ""encoder"": ""mlp_tabular_ln"", ""input_dim"": 9, ""hidden_dim"": 64, ""dropout"": 0.1}], ""anchor_eps"": 0.0001, ""sep_samples_per_class"": 4, ""sep_method"": ""classifier"", ""sep_margin"": 1.0, ""lambda_fit"": 0.0, ""lambda_sep"": 0.0, ""groupdro_enabled"": false, ""groupdro_eta"": 2.0, ""groupdro_gamma"": 0.9, ""groupdro_update_mode"": ""softmax"", ""groupdro_objective"": ""weighted"", ""groupdro_kl_lambda"": 0.0, ""groupdro_uniform_init"": true, ""log_interval"": 20, ""save_every"": 10, ""common_encoder"": false}","{""num_groups"": 4, ""num_classes"": 2, ""train_total"": 495, ""test_total"": 150, ""train_group_counts"": [242, 208, 20, 25], ""test_group_counts"": [61, 53, 10, 26], ""train_class_counts"": [269, 226], ""test_class_counts"": [73, 77], ""train_group_class_counts"": [[131, 111], [130, 78], [0, 20], [8, 17]], ""test_group_class_counts"": [[33, 28], [33, 20], [1, 9], [6, 20]], ""group_proportions"": [0.4888888888888889, 0.4202020202020202, 0.04040404040404041, 0.050505050505050504]}",,2026-09-07T00:57:41.814132,26,0.2811183032676645,0.8846153878518359,0.001,0.68,0.6995205691308383,0.5,0.9,"[0.7377049180327869, 0.660377358490566, 0.9, 0.5]","[0.7559783323324423, 0.8426507181786703, 0.704615596041549, 1.0220026871225296]","[0.726027397260274, 0.6363636363636364]","[[0.7878787878787878, 0.6785714285714286], [0.7575757575757576, 0.5], [0.0, 1.0], [0.3333333333333333, 0.55]]","[61, 53, 10, 26]",,,
"{""run_name"": ""fedheart_ablation_pergroup_noanchor"", ""seed"": 7, ""run_dir"": ""runs/ablation_fedheart_fedheart/pergroup_erm_s7"", ""use_fedheart"": true, ""num_classes"": 2, ""stratified_batching"": true, ""train_frac"": 0.8, ""data_split_seed"": 43, ""group_max_train_samples"": [null, null, 20, 25], ""true_hetero_input_dim"": true, ""feature_mask"": [[0, 1, 2, 3, 5, 6, 7, 8, 9, 10], [0, 1, 2, 3, 5, 6, 11, 12], [0, 1, 2, 4, 5, 7, 11, 12], [0, 1, 2, 4, 5, 6, 8, 9, 10]], ""batch_size"": 64, ""num_workers"": 0, ""epochs"": 150, ""early_stopping_patience"": 40, ""lr"": 0.001, ""weight_decay"": 0.0001, ""optimizer"": ""adam"", ""grad_clip"": 1.0, ""lr_scheduler"": ""cosine"", ""lr_min"": 1e-05, ""latent_dim"": 64, ""head_hidden"": 32, ""groups"": [{""name"": ""cleveland"", ""encoder"": ""mlp_tabular_ln"", ""input_dim"": 10, ""hidden_dim"": 64, ""dropout"": 0.1}, {""name"": ""hungarian"", ""encoder"": ""mlp_tabular_ln"", ""input_dim"": 8, ""hidden_dim"": 64, ""dropout"": 0.1}, {""name"": ""switzerland"", ""encoder"": ""mlp_tabular_ln"", ""input_dim"": 8, ""hidden_dim"": 64, ""dropout"": 0.1}, {""name"": ""va_long_beach"", ""encoder"": ""mlp_tabular_ln"", ""input_dim"": 9, ""hidden_dim"": 64, ""dropout"": 0.1}], ""anchor_eps"": 0.0001, ""sep_samples_per_class"": 4, ""sep_method"": ""classifier"", ""sep_margin"": 1.0, ""lambda_fit"": 0.0, ""lambda_sep"": 0.0, ""groupdro_enabled"": false, ""groupdro_eta"": 2.0, ""groupdro_gamma"": 0.9, ""groupdro_update_mode"": ""softmax"", ""groupdro_objective"": ""weighted"", ""groupdro_kl_lambda"": 0.0, ""groupdro_uniform_init"": true, ""log_interval"": 20, ""save_every"": 10, ""common_encoder"": false}","{""num_groups"": 4, ""num_classes"": 2, ""train_total"": 495, ""test_total"": 150, ""train_group_counts"": [242, 208, 20, 25], ""test_group_counts"": [61, 53, 10, 26], ""train_class_counts"": [269, 226], ""test_class_counts"": [73, 77], ""train_group_class_counts"": [[131, 111], [130, 78], [0, 20], [8, 17]], ""test_group_class_counts"": [[33, 28], [33, 20], [1, 9], [6, 20]], ""group_proportions"": [0.4888888888888889, 0.4202020202020202, 0.04040404040404041, 0.050505050505050504]}",,2026-09-07T00:57:41.814132,27,0.30129429050700157,0.8687782789247608,0.001,0.6866666666666666,0.7036189297865759,0.5,0.9,"[0.7540983606557377, 0.660377358490566, 0.9, 0.5]","[0.7897390845225987, 0.8340989212277081, 0.7222252784267766, 1.0336223453856432]","[0.7397260273972602, 0.6363636363636364]","[[0.8181818181818182, 0.6785714285714286], [0.7575757575757576, 0.5], [0.0, 1.0], [0.3333333333333333, 0.55]]","[61, 53, 10, 26]",,,
"{""run_name"": ""fedheart_ablation_pergroup_noanchor"", ""seed"": 7, ""run_dir"": ""runs/ablation_fedheart_fedheart/pergroup_erm_s7"", ""use_fedheart"": true, ""num_classes"": 2, ""stratified_batching"": true, ""train_frac"": 0.8, ""data_split_seed"": 43, ""group_max_train_samples"": [null, null, 20, 25], ""true_hetero_input_dim"": true, ""feature_mask"": [[0, 1, 2, 3, 5, 6, 7, 8, 9, 10], [0, 1, 2, 3, 5, 6, 11, 12], [0, 1, 2, 4, 5, 7, 11, 12], [0, 1, 2, 4, 5, 6, 8, 9, 10]], ""batch_size"": 64, ""num_workers"": 0, ""epochs"": 150, ""early_stopping_patience"": 40, ""lr"": 0.001, ""weight_decay"": 0.0001, ""optimizer"": ""adam"", ""grad_clip"": 1.0, ""lr_scheduler"": ""cosine"", ""lr_min"": 1e-05, ""latent_dim"": 64, ""head_hidden"": 32, ""groups"": [{""name"": ""cleveland"", ""encoder"": ""mlp_tabular_ln"", ""input_dim"": 10, ""hidden_dim"": 64, ""dropout"": 0.1}, {""name"": ""hungarian"", ""encoder"": ""mlp_tabular_ln"", ""input_dim"": 8, ""hidden_dim"": 64, ""dropout"": 0.1}, {""name"": ""switzerland"", ""encoder"": ""mlp_tabular_ln"", ""input_dim"": 8, ""hidden_dim"": 64, ""dropout"": 0.1}, {""name"": ""va_long_beach"", ""encoder"": ""mlp_tabular_ln"", ""input_dim"": 9, ""hidden_dim"": 64, ""dropout"": 0.1}], ""anchor_eps"": 0.0001, ""sep_samples_per_class"": 4, ""sep_method"": ""classifier"", ""sep_margin"": 1.0, ""lambda_fit"": 0.0, ""lambda_sep"": 0.0, ""groupdro_enabled"": false, ""groupdro_eta"": 2.0, ""groupdro_gamma"": 0.9, ""groupdro_update_mode"": ""softmax"", ""groupdro_objective"": ""weighted"", ""groupdro_kl_lambda"": 0.0, ""groupdro_uniform_init"": true, ""log_interval"": 20, ""save_every"": 10, ""common_encoder"": false}","{""num_groups"": 4, ""num_classes"": 2, ""train_total"": 495, ""test_total"": 150, ""train_group_counts"": [242, 208, 20, 25], ""test_group_counts"": [61, 53, 10, 26], ""train_class_counts"": [269, 226], ""test_class_counts"": [73, 77], ""train_group_class_counts"": [[131, 111], [130, 78], [0, 20], [8, 17]], ""test_group_class_counts"": [[33, 28], [33, 20], [1, 9], [6, 20]], ""group_proportions"": [0.4888888888888889, 0.4202020202020202, 0.04040404040404041, 0.050505050505050504]}",,2026-09-07T00:57:41.814132,28,0.28749756090241857,0.8868778312907499,0.001,0.6733333333333333,0.6954222084751005,0.5,0.9,"[0.7213114754098361, 0.660377358490566, 0.9, 0.5]","[0.8323869079782734, 0.7876652342460628, 0.7254915532204904, 1.0789718830850548]","[0.7397260273972602, 0.6103896103896104]","[[0.8181818181818182, 0.6071428571428571], [0.7575757575757576, 0.5], [0.0, 1.0], [0.3333333333333333, 0.55]]","[61, 53, 10, 26]",,,
"{""run_name"": ""fedheart_ablation_pergroup_noanchor"", ""seed"": 7, ""run_dir"": ""runs/ablation_fedheart_fedheart/pergroup_erm_s7"", ""use_fedheart"": true, ""num_classes"": 2, ""stratified_batching"": true, ""train_frac"": 0.8, ""data_split_seed"": 43, ""group_max_train_samples"": [null, null, 20, 25], ""true_hetero_input_dim"": true, ""feature_mask"": [[0, 1, 2, 3, 5, 6, 7, 8, 9, 10], [0, 1, 2, 3, 5, 6, 11, 12], [0, 1, 2, 4, 5, 7, 11, 12], [0, 1, 2, 4, 5, 6, 8, 9, 10]], ""batch_size"": 64, ""num_workers"": 0, ""epochs"": 150, ""early_stopping_patience"": 40, ""lr"": 0.001, ""weight_decay"": 0.0001, ""optimizer"": ""adam"", ""grad_clip"": 1.0, ""lr_scheduler"": ""cosine"", ""lr_min"": 1e-05, ""latent_dim"": 64, ""head_hidden"": 32, ""groups"": [{""name"": ""cleveland"", ""encoder"": ""mlp_tabular_ln"", ""input_dim"": 10, ""hidden_dim"": 64, ""dropout"": 0.1}, {""name"": ""hungarian"", ""encoder"": ""mlp_tabular_ln"", ""input_dim"": 8, ""hidden_dim"": 64, ""dropout"": 0.1}, {""name"": ""switzerland"", ""encoder"": ""mlp_tabular_ln"", ""input_dim"": 8, ""hidden_dim"": 64, ""dropout"": 0.1}, {""name"": ""va_long_beach"", ""encoder"": ""mlp_tabular_ln"", ""input_dim"": 9, ""hidden_dim"": 64, ""dropout"": 0.1}], ""anchor_eps"": 0.0001, ""sep_samples_per_class"": 4, ""sep_method"": ""classifier"", ""sep_margin"": 1.0, ""lambda_fit"": 0.0, ""lambda_sep"": 0.0, ""groupdro_enabled"": false, ""groupdro_eta"": 2.0, ""groupdro_gamma"": 0.9, ""groupdro_update_mode"": ""softmax"", ""groupdro_objective"": ""weighted"", ""groupdro_kl_lambda"": 0.0, ""groupdro_uniform_init"": true, ""log_interval"": 20, ""save_every"": 10, ""common_encoder"": false}","{""num_groups"": 4, ""num_classes"": 2, ""train_total"": 495, ""test_total"": 150, ""train_group_counts"": [242, 208, 20, 25], ""test_group_counts"": [61, 53, 10, 26], ""train_class_counts"": [269, 226], ""test_class_counts"": [73, 77], ""train_group_class_counts"": [[131, 111], [130, 78], [0, 20], [8, 17]], ""test_group_class_counts"": [[33, 28], [33, 20], [1, 9], [6, 20]], ""group_proportions"": [0.4888888888888889, 0.4202020202020202, 0.04040404040404041, 0.050505050505050504]}",,2026-09-07T00:57:41.814132,29,0.2890353448250714,0.8868778315604542,0.001,0.6666666666666666,0.6913238478193628,0.5,0.9,"[0.7049180327868853, 0.660377358490566, 0.9, 0.5]","[0.8104534945049949, 0.7963027289172389, 0.743913348238857, 1.1361432751873508]","[0.6986301369863014, 0.6363636363636364]","[[0.7878787878787878, 0.6071428571428571], [0.696969696969697, 0.6], [0.0, 1.0], [0.3333333333333333, 0.55]]","[61, 53, 10, 26]",,,
"{""run_name"": ""fedheart_ablation_pergroup_noanchor"", ""seed"": 7, ""run_dir"": ""runs/ablation_fedheart_fedheart/pergroup_erm_s7"", ""use_fedheart"": true, ""num_classes"": 2, ""stratified_batching"": true, ""train_frac"": 0.8, ""data_split_seed"": 43, ""group_max_train_samples"": [null, null, 20, 25], ""true_hetero_input_dim"": true, ""feature_mask"": [[0, 1, 2, 3, 5, 6, 7, 8, 9, 10], [0, 1, 2, 3, 5, 6, 11, 12], [0, 1, 2, 4, 5, 7, 11, 12], [0, 1, 2, 4, 5, 6, 8, 9, 10]], ""batch_size"": 64, ""num_workers"": 0, ""epochs"": 150, ""early_stopping_patience"": 40, ""lr"": 0.001, ""weight_decay"": 0.0001, ""optimizer"": ""adam"", ""grad_clip"": 1.0, ""lr_scheduler"": ""cosine"", ""lr_min"": 1e-05, ""latent_dim"": 64, ""head_hidden"": 32, ""groups"": [{""name"": ""cleveland"", ""encoder"": ""mlp_tabular_ln"", ""input_dim"": 10, ""hidden_dim"": 64, ""dropout"": 0.1}, {""name"": ""hungarian"", ""encoder"": ""mlp_tabular_ln"", ""input_dim"": 8, ""hidden_dim"": 64, ""dropout"": 0.1}, {""name"": ""switzerland"", ""encoder"": ""mlp_tabular_ln"", ""input_dim"": 8, ""hidden_dim"": 64, ""dropout"": 0.1}, {""name"": ""va_long_beach"", ""encoder"": ""mlp_tabular_ln"", ""input_dim"": 9, ""hidden_dim"": 64, ""dropout"": 0.1}], ""anchor_eps"": 0.0001, ""sep_samples_per_class"": 4, ""sep_method"": ""classifier"", ""sep_margin"": 1.0, ""lambda_fit"": 0.0, ""lambda_sep"": 0.0, ""groupdro_enabled"": false, ""groupdro_eta"": 2.0, ""groupdro_gamma"": 0.9, ""groupdro_update_mode"": ""softmax"", ""groupdro_objective"": ""weighted"", ""groupdro_kl_lambda"": 0.0, ""groupdro_uniform_init"": true, ""log_interval"": 20, ""save_every"": 10, ""common_encoder"": false}","{""num_groups"": 4, ""num_classes"": 2, ""train_total"": 495, ""test_total"": 150, ""train_group_counts"": [242, 208, 20, 25], ""test_group_counts"": [61, 53, 10, 26], ""train_class_counts"": [269, 226], ""test_class_counts"": [73, 77], ""train_group_class_counts"": [[131, 111], [130, 78], [0, 20], [8, 17]], ""test_group_class_counts"": [[33, 28], [33, 20], [1, 9], [6, 20]], ""group_proportions"": [0.4888888888888889, 0.4202020202020202, 0.04040404040404041, 0.050505050505050504]}",,2026-09-07T00:57:41.814132,30,0.27156703261768117,0.8868778312907499,0.001,0.6666666666666666,0.6913238478193628,0.5,0.9,"[0.7049180327868853, 0.660377358490566, 0.9, 0.5]","[0.848697747590047, 0.7863092208808323, 0.7589078603501548, 1.323057315348146]","[0.726027397260274, 0.6103896103896104]","[[0.7878787878787878, 0.6071428571428571], [0.7575757575757576, 0.5], [0.0, 1.0], [0.3333333333333333, 0.55]]","[61, 53, 10, 26]",,,
"{""run_name"": ""fedheart_ablation_pergroup_noanchor"", ""seed"": 7, ""run_dir"": ""runs/ablation_fedheart_fedheart/pergroup_erm_s7"", ""use_fedheart"": true, ""num_classes"": 2, ""stratified_batching"": true, ""train_frac"": 0.8, ""data_split_seed"": 43, ""group_max_train_samples"": [null, null, 20, 25], ""true_hetero_input_dim"": true, ""feature_mask"": [[0, 1, 2, 3, 5, 6, 7, 8, 9, 10], [0, 1, 2, 3, 5, 6, 11, 12], [0, 1, 2, 4, 5, 7, 11, 12], [0, 1, 2, 4, 5, 6, 8, 9, 10]], ""batch_size"": 64, ""num_workers"": 0, ""epochs"": 150, ""early_stopping_patience"": 40, ""lr"": 0.001, ""weight_decay"": 0.0001, ""optimizer"": ""adam"", ""grad_clip"": 1.0, ""lr_scheduler"": ""cosine"", ""lr_min"": 1e-05, ""latent_dim"": 64, ""head_hidden"": 32, ""groups"": [{""name"": ""cleveland"", ""encoder"": ""mlp_tabular_ln"", ""input_dim"": 10, ""hidden_dim"": 64, ""dropout"": 0.1}, {""name"": ""hungarian"", ""encoder"": ""mlp_tabular_ln"", ""input_dim"": 8, ""hidden_dim"": 64, ""dropout"": 0.1}, {""name"": ""switzerland"", ""encoder"": ""mlp_tabular_ln"", ""input_dim"": 8, ""hidden_dim"": 64, ""dropout"": 0.1}, {""name"": ""va_long_beach"", ""encoder"": ""mlp_tabular_ln"", ""input_dim"": 9, ""hidden_dim"": 64, ""dropout"": 0.1}], ""anchor_eps"": 0.0001, ""sep_samples_per_class"": 4, ""sep_method"": ""classifier"", ""sep_margin"": 1.0, ""lambda_fit"": 0.0, ""lambda_sep"": 0.0, ""groupdro_enabled"": false, ""groupdro_eta"": 2.0, ""groupdro_gamma"": 0.9, ""groupdro_update_mode"": ""softmax"", ""groupdro_objective"": ""weighted"", ""groupdro_kl_lambda"": 0.0, ""groupdro_uniform_init"": true, ""log_interval"": 20, ""save_every"": 10, ""common_encoder"": false}","{""num_groups"": 4, ""num_classes"": 2, ""train_total"": 495, ""test_total"": 150, ""train_group_counts"": [242, 208, 20, 25], ""test_group_counts"": [61, 53, 10, 26], ""train_class_counts"": [269, 226], ""test_class_counts"": [73, 77], ""train_group_class_counts"": [[131, 111], [130, 78], [0, 20], [8, 17]], ""test_group_class_counts"": [[33, 28], [33, 20], [1, 9], [6, 20]], ""group_proportions"": [0.4888888888888889, 0.4202020202020202, 0.04040404040404041, 0.050505050505050504]}",,2026-09-07T00:57:41.814132,31,0.25203520160724674,0.8914027178988737,0.001,0.6733333333333333,0.6960408289514383,0.5,0.9,"[0.7049180327868853, 0.6792452830188679, 0.9, 0.5]","[0.8745610928892914, 0.8202258007917201, 0.7828792164131301, 1.3380506687905067]","[0.726027397260274, 0.6233766233766234]","[[0.7878787878787878, 0.6071428571428571], [0.7575757575757576, 0.55], [0.0, 1.0], [0.3333333333333333, 0.55]]","[61, 53, 10, 26]",,,
"{""run_name"": ""fedheart_ablation_pergroup_noanchor"", ""seed"": 7, ""run_dir"": ""runs/ablation_fedheart_fedheart/pergroup_erm_s7"", ""use_fedheart"": true, ""num_classes"": 2, ""stratified_batching"": true, ""train_frac"": 0.8, ""data_split_seed"": 43, ""group_max_train_samples"": [null, null, 20, 25], ""true_hetero_input_dim"": true, ""feature_mask"": [[0, 1, 2, 3, 5, 6, 7, 8, 9, 10], [0, 1, 2, 3, 5, 6, 11, 12], [0, 1, 2, 4, 5, 7, 11, 12], [0, 1, 2, 4, 5, 6, 8, 9, 10]], ""batch_size"": 64, ""num_workers"": 0, ""epochs"": 150, ""early_stopping_patience"": 40, ""lr"": 0.001, ""weight_decay"": 0.0001, ""optimizer"": ""adam"", ""grad_clip"": 1.0, ""lr_scheduler"": ""cosine"", ""lr_min"": 1e-05, ""latent_dim"": 64, ""head_hidden"": 32, ""groups"": [{""name"": ""cleveland"", ""encoder"": ""mlp_tabular_ln"", ""input_dim"": 10, ""hidden_dim"": 64, ""dropout"": 0.1}, {""name"": ""hungarian"", ""encoder"": ""mlp_tabular_ln"", ""input_dim"": 8, ""hidden_dim"": 64, ""dropout"": 0.1}, {""name"": ""switzerland"", ""encoder"": ""mlp_tabular_ln"", ""input_dim"": 8, ""hidden_dim"": 64, ""dropout"": 0.1}, {""name"": ""va_long_beach"", ""encoder"": ""mlp_tabular_ln"", ""input_dim"": 9, ""hidden_dim"": 64, ""dropout"": 0.1}], ""anchor_eps"": 0.0001, ""sep_samples_per_class"": 4, ""sep_method"": ""classifier"", ""sep_margin"": 1.0, ""lambda_fit"": 0.0, ""lambda_sep"": 0.0, ""groupdro_enabled"": false, ""groupdro_eta"": 2.0, ""groupdro_gamma"": 0.9, ""groupdro_update_mode"": ""softmax"", ""groupdro_objective"": ""weighted"", ""groupdro_kl_lambda"": 0.0, ""groupdro_uniform_init"": true, ""log_interval"": 20, ""save_every"": 10, ""common_encoder"": false}","{""num_groups"": 4, ""num_classes"": 2, ""train_total"": 495, ""test_total"": 150, ""train_group_counts"": [242, 208, 20, 25], ""test_group_counts"": [61, 53, 10, 26], ""train_class_counts"": [269, 226], ""test_class_counts"": [73, 77], ""train_group_class_counts"": [[131, 111], [130, 78], [0, 20], [8, 17]], ""test_group_class_counts"": [[33, 28], [33, 20], [1, 9], [6, 20]], ""group_proportions"": [0.4888888888888889, 0.4202020202020202, 0.04040404040404041, 0.050505050505050504]}",,2026-09-07T00:57:41.814132,32,0.26320437237418076,0.8823529417158792,0.001,0.6733333333333333,0.6960408289514383,0.5,0.9,"[0.7049180327868853, 0.6792452830188679, 0.9, 0.5]","[0.9102733873072286, 0.8428327677912026, 0.8016972978424747, 1.3826899412535847]","[0.7397260273972602, 0.6103896103896104]","[[0.8181818181818182, 0.5714285714285714], [0.7575757575757576, 0.55], [0.0, 1.0], [0.3333333333333333, 0.55]]","[61, 53, 10, 26]",,,
"{""run_name"": ""fedheart_ablation_pergroup_noanchor"", ""seed"": 7, ""run_dir"": ""runs/ablation_fedheart_fedheart/pergroup_erm_s7"", ""use_fedheart"": true, ""num_classes"": 2, ""stratified_batching"": true, ""train_frac"": 0.8, ""data_split_seed"": 43, ""group_max_train_samples"": [null, null, 20, 25], ""true_hetero_input_dim"": true, ""feature_mask"": [[0, 1, 2, 3, 5, 6, 7, 8, 9, 10], [0, 1, 2, 3, 5, 6, 11, 12], [0, 1, 2, 4, 5, 7, 11, 12], [0, 1, 2, 4, 5, 6, 8, 9, 10]], ""batch_size"": 64, ""num_workers"": 0, ""epochs"": 150, ""early_stopping_patience"": 40, ""lr"": 0.001, ""weight_decay"": 0.0001, ""optimizer"": ""adam"", ""grad_clip"": 1.0, ""lr_scheduler"": ""cosine"", ""lr_min"": 1e-05, ""latent_dim"": 64, ""head_hidden"": 32, ""groups"": [{""name"": ""cleveland"", ""encoder"": ""mlp_tabular_ln"", ""input_dim"": 10, ""hidden_dim"": 64, ""dropout"": 0.1}, {""name"": ""hungarian"", ""encoder"": ""mlp_tabular_ln"", ""input_dim"": 8, ""hidden_dim"": 64, ""dropout"": 0.1}, {""name"": ""switzerland"", ""encoder"": ""mlp_tabular_ln"", ""input_dim"": 8, ""hidden_dim"": 64, ""dropout"": 0.1}, {""name"": ""va_long_beach"", ""encoder"": ""mlp_tabular_ln"", ""input_dim"": 9, ""hidden_dim"": 64, ""dropout"": 0.1}], ""anchor_eps"": 0.0001, ""sep_samples_per_class"": 4, ""sep_method"": ""classifier"", ""sep_margin"": 1.0, ""lambda_fit"": 0.0, ""lambda_sep"": 0.0, ""groupdro_enabled"": false, ""groupdro_eta"": 2.0, ""groupdro_gamma"": 0.9, ""groupdro_update_mode"": ""softmax"", ""groupdro_objective"": ""weighted"", ""groupdro_kl_lambda"": 0.0, ""groupdro_uniform_init"": true, ""log_interval"": 20, ""save_every"": 10, ""common_encoder"": false}","{""num_groups"": 4, ""num_classes"": 2, ""train_total"": 495, ""test_total"": 150, ""train_group_counts"": [242, 208, 20, 25], ""test_group_counts"": [61, 53, 10, 26], ""train_class_counts"": [269, 226], ""test_class_counts"": [73, 77], ""train_group_class_counts"": [[131, 111], [130, 78], [0, 20], [8, 17]], ""test_group_class_counts"": [[33, 28], [33, 20], [1, 9], [6, 20]], ""group_proportions"": [0.4888888888888889, 0.4202020202020202, 0.04040404040404041, 0.050505050505050504]}",,2026-09-07T00:57:41.814132,33,0.24144636047371912,0.907239821971272,0.001,0.7,0.7130528920507269,0.5,0.9,"[0.7540983606557377, 0.6981132075471698, 0.9, 0.5]","[0.908495038059792, 0.8665287486224804, 0.8271556926025369, 1.3385534065489013]","[0.726027397260274, 0.6753246753246753]","[[0.7878787878787878, 0.7142857142857143], [0.7575757575757576, 0.6], [0.0, 1.0], [0.3333333333333333, 0.55]]","[61, 53, 10, 26]",,,
"{""run_name"": ""fedheart_ablation_pergroup_noanchor"", ""seed"": 7, ""run_dir"": ""runs/ablation_fedheart_fedheart/pergroup_erm_s7"", ""use_fedheart"": true, ""num_classes"": 2, ""stratified_batching"": true, ""train_frac"": 0.8, ""data_split_seed"": 43, ""group_max_train_samples"": [null, null, 20, 25], ""true_hetero_input_dim"": true, ""feature_mask"": [[0, 1, 2, 3, 5, 6, 7, 8, 9, 10], [0, 1, 2, 3, 5, 6, 11, 12], [0, 1, 2, 4, 5, 7, 11, 12], [0, 1, 2, 4, 5, 6, 8, 9, 10]], ""batch_size"": 64, ""num_workers"": 0, ""epochs"": 150, ""early_stopping_patience"": 40, ""lr"": 0.001, ""weight_decay"": 0.0001, ""optimizer"": ""adam"", ""grad_clip"": 1.0, ""lr_scheduler"": ""cosine"", ""lr_min"": 1e-05, ""latent_dim"": 64, ""head_hidden"": 32, ""groups"": [{""name"": ""cleveland"", ""encoder"": ""mlp_tabular_ln"", ""input_dim"": 10, ""hidden_dim"": 64, ""dropout"": 0.1}, {""name"": ""hungarian"", ""encoder"": ""mlp_tabular_ln"", ""input_dim"": 8, ""hidden_dim"": 64, ""dropout"": 0.1}, {""name"": ""switzerland"", ""encoder"": ""mlp_tabular_ln"", ""input_dim"": 8, ""hidden_dim"": 64, ""dropout"": 0.1}, {""name"": ""va_long_beach"", ""encoder"": ""mlp_tabular_ln"", ""input_dim"": 9, ""hidden_dim"": 64, ""dropout"": 0.1}], ""anchor_eps"": 0.0001, ""sep_samples_per_class"": 4, ""sep_method"": ""classifier"", ""sep_margin"": 1.0, ""lambda_fit"": 0.0, ""lambda_sep"": 0.0, ""groupdro_enabled"": false, ""groupdro_eta"": 2.0, ""groupdro_gamma"": 0.9, ""groupdro_update_mode"": ""softmax"", ""groupdro_objective"": ""weighted"", ""groupdro_kl_lambda"": 0.0, ""groupdro_uniform_init"": true, ""log_interval"": 20, ""save_every"": 10, ""common_encoder"": false}","{""num_groups"": 4, ""num_classes"": 2, ""train_total"": 495, ""test_total"": 150, ""train_group_counts"": [242, 208, 20, 25], ""test_group_counts"": [61, 53, 10, 26], ""train_class_counts"": [269, 226], ""test_class_counts"": [73, 77], ""train_group_class_counts"": [[131, 111], [130, 78], [0, 20], [8, 17]], ""test_group_class_counts"": [[33, 28], [33, 20], [1, 9], [6, 20]], ""group_proportions"": [0.4888888888888889, 0.4202020202020202, 0.04040404040404041, 0.050505050505050504]}",,2026-09-07T00:57:41.814132,34,0.27506942177250376,0.8800904985466694,0.001,0.6866666666666666,0.7048561707392514,0.5,0.9,"[0.7213114754098361, 0.6981132075471698, 0.9, 0.5]","[0.9358643372724459, 0.8854420354484387, 0.8404265516866871, 1.3317812441785533]","[0.726027397260274, 0.6493506493506493]","[[0.7878787878787878, 0.6428571428571429], [0.7575757575757576, 0.6], [0.0, 1.0], [0.3333333333333333, 0.55]]","[61, 53, 10, 26]",,,
"{""run_name"": ""fedheart_ablation_pergroup_noanchor"", ""seed"": 7, ""run_dir"": ""runs/ablation_fedheart_fedheart/pergroup_erm_s7"", ""use_fedheart"": true, ""num_classes"": 2, ""stratified_batching"": true, ""train_frac"": 0.8, ""data_split_seed"": 43, ""group_max_train_samples"": [null, null, 20, 25], ""true_hetero_input_dim"": true, ""feature_mask"": [[0, 1, 2, 3, 5, 6, 7, 8, 9, 10], [0, 1, 2, 3, 5, 6, 11, 12], [0, 1, 2, 4, 5, 7, 11, 12], [0, 1, 2, 4, 5, 6, 8, 9, 10]], ""batch_size"": 64, ""num_workers"": 0, ""epochs"": 150, ""early_stopping_patience"": 40, ""lr"": 0.001, ""weight_decay"": 0.0001, ""optimizer"": ""adam"", ""grad_clip"": 1.0, ""lr_scheduler"": ""cosine"", ""lr_min"": 1e-05, ""latent_dim"": 64, ""head_hidden"": 32, ""groups"": [{""name"": ""cleveland"", ""encoder"": ""mlp_tabular_ln"", ""input_dim"": 10, ""hidden_dim"": 64, ""dropout"": 0.1}, {""name"": ""hungarian"", ""encoder"": ""mlp_tabular_ln"", ""input_dim"": 8, ""hidden_dim"": 64, ""dropout"": 0.1}, {""name"": ""switzerland"", ""encoder"": ""mlp_tabular_ln"", ""input_dim"": 8, ""hidden_dim"": 64, ""dropout"": 0.1}, {""name"": ""va_long_beach"", ""encoder"": ""mlp_tabular_ln"", ""input_dim"": 9, ""hidden_dim"": 64, ""dropout"": 0.1}], ""anchor_eps"": 0.0001, ""sep_samples_per_class"": 4, ""sep_method"": ""classifier"", ""sep_margin"": 1.0, ""lambda_fit"": 0.0, ""lambda_sep"": 0.0, ""groupdro_enabled"": false, ""groupdro_eta"": 2.0, ""groupdro_gamma"": 0.9, ""groupdro_update_mode"": ""softmax"", ""groupdro_objective"": ""weighted"", ""groupdro_kl_lambda"": 0.0, ""groupdro_uniform_init"": true, ""log_interval"": 20, ""save_every"": 10, ""common_encoder"": false}","{""num_groups"": 4, ""num_classes"": 2, ""train_total"": 495, ""test_total"": 150, ""train_group_counts"": [242, 208, 20, 25], ""test_group_counts"": [61, 53, 10, 26], ""train_class_counts"": [269, 226], ""test_class_counts"": [73, 77], ""train_group_class_counts"": [[131, 111], [130, 78], [0, 20], [8, 17]], ""test_group_class_counts"": [[33, 28], [33, 20], [1, 9], [6, 20]], ""group_proportions"": [0.4888888888888889, 0.4202020202020202, 0.04040404040404041, 0.050505050505050504]}",,2026-09-07T00:57:41.814132,35,0.25766525157975934,0.8800905012437121,0.001,0.68,0.705656213566823,0.5384615384615384,0.9,"[0.7049180327868853, 0.6792452830188679, 0.9, 0.5384615384615384]","[0.9421764813031005, 0.8380227121788094, 0.8448570495402237, 1.473118186368643]","[0.7397260273972602, 0.6233766233766234]","[[0.7878787878787878, 0.6071428571428571], [0.7575757575757576, 0.55], [0.0, 1.0], [0.5, 0.55]]","[61, 53, 10, 26]",,,
"{""run_name"": ""fedheart_ablation_pergroup_noanchor"", ""seed"": 7, ""run_dir"": ""runs/ablation_fedheart_fedheart/pergroup_erm_s7"", ""use_fedheart"": true, ""num_classes"": 2, ""stratified_batching"": true, ""train_frac"": 0.8, ""data_split_seed"": 43, ""group_max_train_samples"": [null, null, 20, 25], ""true_hetero_input_dim"": true, ""feature_mask"": [[0, 1, 2, 3, 5, 6, 7, 8, 9, 10], [0, 1, 2, 3, 5, 6, 11, 12], [0, 1, 2, 4, 5, 7, 11, 12], [0, 1, 2, 4, 5, 6, 8, 9, 10]], ""batch_size"": 64, ""num_workers"": 0, ""epochs"": 150, ""early_stopping_patience"": 40, ""lr"": 0.001, ""weight_decay"": 0.0001, ""optimizer"": ""adam"", ""grad_clip"": 1.0, ""lr_scheduler"": ""cosine"", ""lr_min"": 1e-05, ""latent_dim"": 64, ""head_hidden"": 32, ""groups"": [{""name"": ""cleveland"", ""encoder"": ""mlp_tabular_ln"", ""input_dim"": 10, ""hidden_dim"": 64, ""dropout"": 0.1}, {""name"": ""hungarian"", ""encoder"": ""mlp_tabular_ln"", ""input_dim"": 8, ""hidden_dim"": 64, ""dropout"": 0.1}, {""name"": ""switzerland"", ""encoder"": ""mlp_tabular_ln"", ""input_dim"": 8, ""hidden_dim"": 64, ""dropout"": 0.1}, {""name"": ""va_long_beach"", ""encoder"": ""mlp_tabular_ln"", ""input_dim"": 9, ""hidden_dim"": 64, ""dropout"": 0.1}], ""anchor_eps"": 0.0001, ""sep_samples_per_class"": 4, ""sep_method"": ""classifier"", ""sep_margin"": 1.0, ""lambda_fit"": 0.0, ""lambda_sep"": 0.0, ""groupdro_enabled"": false, ""groupdro_eta"": 2.0, ""groupdro_gamma"": 0.9, ""groupdro_update_mode"": ""softmax"", ""groupdro_objective"": ""weighted"", ""groupdro_kl_lambda"": 0.0, ""groupdro_uniform_init"": true, ""log_interval"": 20, ""save_every"": 10, ""common_encoder"": false}","{""num_groups"": 4, ""num_classes"": 2, ""train_total"": 495, ""test_total"": 150, ""train_group_counts"": [242, 208, 20, 25], ""test_group_counts"": [61, 53, 10, 26], ""train_class_counts"": [269, 226], ""test_class_counts"": [73, 77], ""train_group_class_counts"": [[131, 111], [130, 78], [0, 20], [8, 17]], ""test_group_class_counts"": [[33, 28], [33, 20], [1, 9], [6, 20]], ""group_proportions"": [0.4888888888888889, 0.4202020202020202, 0.04040404040404041, 0.050505050505050504]}",,2026-09-07T00:57:41.814132,36,0.2602266128516305,0.8800905007043036,0.001,0.6933333333333334,0.7138529348782983,0.5384615384615384,0.9,"[0.7377049180327869, 0.6792452830188679, 0.9, 0.5384615384615384]","[0.9339456522370189, 0.82091646634464, 0.8469858775755711, 1.6987795893622275]","[0.7534246575342466, 0.6363636363636364]","[[0.8181818181818182, 0.6428571428571429], [0.7575757575757576, 0.55], [0.0, 1.0], [0.5, 0.55]]","[61, 53, 10, 26]",,,
"{""run_name"": ""fedheart_ablation_pergroup_noanchor"", ""seed"": 7, ""run_dir"": ""runs/ablation_fedheart_fedheart/pergroup_erm_s7"", ""use_fedheart"": true, ""num_classes"": 2, ""stratified_batching"": true, ""train_frac"": 0.8, ""data_split_seed"": 43, ""group_max_train_samples"": [null, null, 20, 25], ""true_hetero_input_dim"": true, ""feature_mask"": [[0, 1, 2, 3, 5, 6, 7, 8, 9, 10], [0, 1, 2, 3, 5, 6, 11, 12], [0, 1, 2, 4, 5, 7, 11, 12], [0, 1, 2, 4, 5, 6, 8, 9, 10]], ""batch_size"": 64, ""num_workers"": 0, ""epochs"": 150, ""early_stopping_patience"": 40, ""lr"": 0.001, ""weight_decay"": 0.0001, ""optimizer"": ""adam"", ""grad_clip"": 1.0, ""lr_scheduler"": ""cosine"", ""lr_min"": 1e-05, ""latent_dim"": 64, ""head_hidden"": 32, ""groups"": [{""name"": ""cleveland"", ""encoder"": ""mlp_tabular_ln"", ""input_dim"": 10, ""hidden_dim"": 64, ""dropout"": 0.1}, {""name"": ""hungarian"", ""encoder"": ""mlp_tabular_ln"", ""input_dim"": 8, ""hidden_dim"": 64, ""dropout"": 0.1}, {""name"": ""switzerland"", ""encoder"": ""mlp_tabular_ln"", ""input_dim"": 8, ""hidden_dim"": 64, ""dropout"": 0.1}, {""name"": ""va_long_beach"", ""encoder"": ""mlp_tabular_ln"", ""input_dim"": 9, ""hidden_dim"": 64, ""dropout"": 0.1}], ""anchor_eps"": 0.0001, ""sep_samples_per_class"": 4, ""sep_method"": ""classifier"", ""sep_margin"": 1.0, ""lambda_fit"": 0.0, ""lambda_sep"": 0.0, ""groupdro_enabled"": false, ""groupdro_eta"": 2.0, ""groupdro_gamma"": 0.9, ""groupdro_update_mode"": ""softmax"", ""groupdro_objective"": ""weighted"", ""groupdro_kl_lambda"": 0.0, ""groupdro_uniform_init"": true, ""log_interval"": 20, ""save_every"": 10, ""common_encoder"": false}","{""num_groups"": 4, ""num_classes"": 2, ""train_total"": 495, ""test_total"": 150, ""train_group_counts"": [242, 208, 20, 25], ""test_group_counts"": [61, 53, 10, 26], ""train_class_counts"": [269, 226], ""test_class_counts"": [73, 77], ""train_group_class_counts"": [[131, 111], [130, 78], [0, 20], [8, 17]], ""test_group_class_counts"": [[33, 28], [33, 20], [1, 9], [6, 20]], ""group_proportions"": [0.4888888888888889, 0.4202020202020202, 0.04040404040404041, 0.050505050505050504]}",,2026-09-07T00:57:41.814132,37,0.2439876910113641,0.8936651613377877,0.001,0.7066666666666667,0.7226682766661114,0.5384615384615384,0.9,"[0.7540983606557377, 0.6981132075471698, 0.9, 0.5384615384615384]","[0.9320070765204975, 0.8727494695153579, 0.8709508827760146, 1.6301959306359863]","[0.7534246575342466, 0.6623376623376623]","[[0.8181818181818182, 0.6785714285714286], [0.7575757575757576, 0.6], [0.0, 1.0], [0.5, 0.55]]","[61, 53, 10, 26]",,,
"{""run_name"": ""fedheart_ablation_pergroup_noanchor"", ""seed"": 7, ""run_dir"": ""runs/ablation_fedheart_fedheart/pergroup_erm_s7"", ""use_fedheart"": true, ""num_classes"": 2, ""stratified_batching"": true, ""train_frac"": 0.8, ""data_split_seed"": 43, ""group_max_train_samples"": [null, null, 20, 25], ""true_hetero_input_dim"": true, ""feature_mask"": [[0, 1, 2, 3, 5, 6, 7, 8, 9, 10], [0, 1, 2, 3, 5, 6, 11, 12], [0, 1, 2, 4, 5, 7, 11, 12], [0, 1, 2, 4, 5, 6, 8, 9, 10]], ""batch_size"": 64, ""num_workers"": 0, ""epochs"": 150, ""early_stopping_patience"": 40, ""lr"": 0.001, ""weight_decay"": 0.0001, ""optimizer"": ""adam"", ""grad_clip"": 1.0, ""lr_scheduler"": ""cosine"", ""lr_min"": 1e-05, ""latent_dim"": 64, ""head_hidden"": 32, ""groups"": [{""name"": ""cleveland"", ""encoder"": ""mlp_tabular_ln"", ""input_dim"": 10, ""hidden_dim"": 64, ""dropout"": 0.1}, {""name"": ""hungarian"", ""encoder"": ""mlp_tabular_ln"", ""input_dim"": 8, ""hidden_dim"": 64, ""dropout"": 0.1}, {""name"": ""switzerland"", ""encoder"": ""mlp_tabular_ln"", ""input_dim"": 8, ""hidden_dim"": 64, ""dropout"": 0.1}, {""name"": ""va_long_beach"", ""encoder"": ""mlp_tabular_ln"", ""input_dim"": 9, ""hidden_dim"": 64, ""dropout"": 0.1}], ""anchor_eps"": 0.0001, ""sep_samples_per_class"": 4, ""sep_method"": ""classifier"", ""sep_margin"": 1.0, ""lambda_fit"": 0.0, ""lambda_sep"": 0.0, ""groupdro_enabled"": false, ""groupdro_eta"": 2.0, ""groupdro_gamma"": 0.9, ""groupdro_update_mode"": ""softmax"", ""groupdro_objective"": ""weighted"", ""groupdro_kl_lambda"": 0.0, ""groupdro_uniform_init"": true, ""log_interval"": 20, ""save_every"": 10, ""common_encoder"": false}","{""num_groups"": 4, ""num_classes"": 2, ""train_total"": 495, ""test_total"": 150, ""train_group_counts"": [242, 208, 20, 25], ""test_group_counts"": [61, 53, 10, 26], ""train_class_counts"": [269, 226], ""test_class_counts"": [73, 77], ""train_group_class_counts"": [[131, 111], [130, 78], [0, 20], [8, 17]], ""test_group_class_counts"": [[33, 28], [33, 20], [1, 9], [6, 20]], ""group_proportions"": [0.4888888888888889, 0.4202020202020202, 0.04040404040404041, 0.050505050505050504]}",,2026-09-07T00:57:41.814132,38,0.25639677391602445,0.8914027178988737,0.001,0.7066666666666667,0.7226682766661114,0.5384615384615384,0.9,"[0.7540983606557377, 0.6981132075471698, 0.9, 0.5384615384615384]","[0.9601328717642483, 0.9328387400908571, 0.8940812305652799, 1.6445321863933573]","[0.7534246575342466, 0.6623376623376623]","[[0.8181818181818182, 0.6785714285714286], [0.7575757575757576, 0.6], [0.0, 1.0], [0.5, 0.55]]","[61, 53, 10, 26]",,,
"{""run_name"": ""fedheart_ablation_pergroup_noanchor"", ""seed"": 7, ""run_dir"": ""runs/ablation_fedheart_fedheart/pergroup_erm_s7"", ""use_fedheart"": true, ""num_classes"": 2, ""stratified_batching"": true, ""train_frac"": 0.8, ""data_split_seed"": 43, ""group_max_train_samples"": [null, null, 20, 25], ""true_hetero_input_dim"": true, ""feature_mask"": [[0, 1, 2, 3, 5, 6, 7, 8, 9, 10], [0, 1, 2, 3, 5, 6, 11, 12], [0, 1, 2, 4, 5, 7, 11, 12], [0, 1, 2, 4, 5, 6, 8, 9, 10]], ""batch_size"": 64, ""num_workers"": 0, ""epochs"": 150, ""early_stopping_patience"": 40, ""lr"": 0.001, ""weight_decay"": 0.0001, ""optimizer"": ""adam"", ""grad_clip"": 1.0, ""lr_scheduler"": ""cosine"", ""lr_min"": 1e-05, ""latent_dim"": 64, ""head_hidden"": 32, ""groups"": [{""name"": ""cleveland"", ""encoder"": ""mlp_tabular_ln"", ""input_dim"": 10, ""hidden_dim"": 64, ""dropout"": 0.1}, {""name"": ""hungarian"", ""encoder"": ""mlp_tabular_ln"", ""input_dim"": 8, ""hidden_dim"": 64, ""dropout"": 0.1}, {""name"": ""switzerland"", ""encoder"": ""mlp_tabular_ln"", ""input_dim"": 8, ""hidden_dim"": 64, ""dropout"": 0.1}, {""name"": ""va_long_beach"", ""encoder"": ""mlp_tabular_ln"", ""input_dim"": 9, ""hidden_dim"": 64, ""dropout"": 0.1}], ""anchor_eps"": 0.0001, ""sep_samples_per_class"": 4, ""sep_method"": ""classifier"", ""sep_margin"": 1.0, ""lambda_fit"": 0.0, ""lambda_sep"": 0.0, ""groupdro_enabled"": false, ""groupdro_eta"": 2.0, ""groupdro_gamma"": 0.9, ""groupdro_update_mode"": ""softmax"", ""groupdro_objective"": ""weighted"", ""groupdro_kl_lambda"": 0.0, ""groupdro_uniform_init"": true, ""log_interval"": 20, ""save_every"": 10, ""common_encoder"": false}","{""num_groups"": 4, ""num_classes"": 2, ""train_total"": 495, ""test_total"": 150, ""train_group_counts"": [242, 208, 20, 25], ""test_group_counts"": [61, 53, 10, 26], ""train_class_counts"": [269, 226], ""test_class_counts"": [73, 77], ""train_group_class_counts"": [[131, 111], [130, 78], [0, 20], [8, 17]], ""test_group_class_counts"": [[33, 28], [33, 20], [1, 9], [6, 20]], ""group_proportions"": [0.4888888888888889, 0.4202020202020202, 0.04040404040404041, 0.050505050505050504]}",,2026-09-07T00:57:41.814132,39,0.25643623273027427,0.8891402744599597,0.001,0.7,0.7185699160103738,0.5384615384615384,0.9,"[0.7377049180327869, 0.6981132075471698, 0.9, 0.5384615384615384]","[0.9629578684103822, 0.9280768478429824, 0.8960149604905382, 1.7666732900117774]","[0.7534246575342466, 0.6493506493506493]","[[0.8181818181818182, 0.6428571428571429], [0.7575757575757576, 0.6], [0.0, 1.0], [0.5, 0.55]]","[61, 53, 10, 26]",,,
"{""run_name"": ""fedheart_ablation_pergroup_noanchor"", ""seed"": 7, ""run_dir"": ""runs/ablation_fedheart_fedheart/pergroup_erm_s7"", ""use_fedheart"": true, ""num_classes"": 2, ""stratified_batching"": true, ""train_frac"": 0.8, ""data_split_seed"": 43, ""group_max_train_samples"": [null, null, 20, 25], ""true_hetero_input_dim"": true, ""feature_mask"": [[0, 1, 2, 3, 5, 6, 7, 8, 9, 10], [0, 1, 2, 3, 5, 6, 11, 12], [0, 1, 2, 4, 5, 7, 11, 12], [0, 1, 2, 4, 5, 6, 8, 9, 10]], ""batch_size"": 64, ""num_workers"": 0, ""epochs"": 150, ""early_stopping_patience"": 40, ""lr"": 0.001, ""weight_decay"": 0.0001, ""optimizer"": ""adam"", ""grad_clip"": 1.0, ""lr_scheduler"": ""cosine"", ""lr_min"": 1e-05, ""latent_dim"": 64, ""head_hidden"": 32, ""groups"": [{""name"": ""cleveland"", ""encoder"": ""mlp_tabular_ln"", ""input_dim"": 10, ""hidden_dim"": 64, ""dropout"": 0.1}, {""name"": ""hungarian"", ""encoder"": ""mlp_tabular_ln"", ""input_dim"": 8, ""hidden_dim"": 64, ""dropout"": 0.1}, {""name"": ""switzerland"", ""encoder"": ""mlp_tabular_ln"", ""input_dim"": 8, ""hidden_dim"": 64, ""dropout"": 0.1}, {""name"": ""va_long_beach"", ""encoder"": ""mlp_tabular_ln"", ""input_dim"": 9, ""hidden_dim"": 64, ""dropout"": 0.1}], ""anchor_eps"": 0.0001, ""sep_samples_per_class"": 4, ""sep_method"": ""classifier"", ""sep_margin"": 1.0, ""lambda_fit"": 0.0, ""lambda_sep"": 0.0, ""groupdro_enabled"": false, ""groupdro_eta"": 2.0, ""groupdro_gamma"": 0.9, ""groupdro_update_mode"": ""softmax"", ""groupdro_objective"": ""weighted"", ""groupdro_kl_lambda"": 0.0, ""groupdro_uniform_init"": true, ""log_interval"": 20, ""save_every"": 10, ""common_encoder"": false}","{""num_groups"": 4, ""num_classes"": 2, ""train_total"": 495, ""test_total"": 150, ""train_group_counts"": [242, 208, 20, 25], ""test_group_counts"": [61, 53, 10, 26], ""train_class_counts"": [269, 226], ""test_class_counts"": [73, 77], ""train_group_class_counts"": [[131, 111], [130, 78], [0, 20], [8, 17]], ""test_group_class_counts"": [[33, 28], [33, 20], [1, 9], [6, 20]], ""group_proportions"": [0.4888888888888889, 0.4202020202020202, 0.04040404040404041, 0.050505050505050504]}",,2026-09-07T00:57:41.814132,40,0.24088367421972265,0.9049773785323579,0.001,0.7,0.7185699160103738,0.5384615384615384,0.9,"[0.7377049180327869, 0.6981132075471698, 0.9, 0.5384615384615384]","[0.9892223519457983, 0.9241012406605735, 0.8969319184869164, 1.8634558884883659]","[0.7671232876712328, 0.6363636363636364]","[[0.8484848484848485, 0.6071428571428571], [0.7575757575757576, 0.6], [0.0, 1.0], [0.5, 0.55]]","[61, 53, 10, 26]",,,
"{""run_name"": ""fedheart_ablation_pergroup_noanchor"", ""seed"": 7, ""run_dir"": ""runs/ablation_fedheart_fedheart/pergroup_erm_s7"", ""use_fedheart"": true, ""num_classes"": 2, ""stratified_batching"": true, ""train_frac"": 0.8, ""data_split_seed"": 43, ""group_max_train_samples"": [null, null, 20, 25], ""true_hetero_input_dim"": true, ""feature_mask"": [[0, 1, 2, 3, 5, 6, 7, 8, 9, 10], [0, 1, 2, 3, 5, 6, 11, 12], [0, 1, 2, 4, 5, 7, 11, 12], [0, 1, 2, 4, 5, 6, 8, 9, 10]], ""batch_size"": 64, ""num_workers"": 0, ""epochs"": 150, ""early_stopping_patience"": 40, ""lr"": 0.001, ""weight_decay"": 0.0001, ""optimizer"": ""adam"", ""grad_clip"": 1.0, ""lr_scheduler"": ""cosine"", ""lr_min"": 1e-05, ""latent_dim"": 64, ""head_hidden"": 32, ""groups"": [{""name"": ""cleveland"", ""encoder"": ""mlp_tabular_ln"", ""input_dim"": 10, ""hidden_dim"": 64, ""dropout"": 0.1}, {""name"": ""hungarian"", ""encoder"": ""mlp_tabular_ln"", ""input_dim"": 8, ""hidden_dim"": 64, ""dropout"": 0.1}, {""name"": ""switzerland"", ""encoder"": ""mlp_tabular_ln"", ""input_dim"": 8, ""hidden_dim"": 64, ""dropout"": 0.1}, {""name"": ""va_long_beach"", ""encoder"": ""mlp_tabular_ln"", ""input_dim"": 9, ""hidden_dim"": 64, ""dropout"": 0.1}], ""anchor_eps"": 0.0001, ""sep_samples_per_class"": 4, ""sep_method"": ""classifier"", ""sep_margin"": 1.0, ""lambda_fit"": 0.0, ""lambda_sep"": 0.0, ""groupdro_enabled"": false, ""groupdro_eta"": 2.0, ""groupdro_gamma"": 0.9, ""groupdro_update_mode"": ""softmax"", ""groupdro_objective"": ""weighted"", ""groupdro_kl_lambda"": 0.0, ""groupdro_uniform_init"": true, ""log_interval"": 20, ""save_every"": 10, ""common_encoder"": false}","{""num_groups"": 4, ""num_classes"": 2, ""train_total"": 495, ""test_total"": 150, ""train_group_counts"": [242, 208, 20, 25], ""test_group_counts"": [61, 53, 10, 26], ""train_class_counts"": [269, 226], ""test_class_counts"": [73, 77], ""train_group_class_counts"": [[131, 111], [130, 78], [0, 20], [8, 17]], ""test_group_class_counts"": [[33, 28], [33, 20], [1, 9], [6, 20]], ""group_proportions"": [0.4888888888888889, 0.4202020202020202, 0.04040404040404041, 0.050505050505050504]}",,2026-09-07T00:57:41.814132,41,0.22203745588457963,0.9004524916545298,0.001,0.6866666666666666,0.7097545742225606,0.5384615384615384,0.9,"[0.7213114754098361, 0.6792452830188679, 0.9, 0.5384615384615384]","[1.0144232990826478, 0.9737741579257725, 0.9096595376213372, 1.9823126226166585]","[0.7534246575342466, 0.6233766233766234]","[[0.8484848484848485, 0.5714285714285714], [0.7272727272727273, 0.6], [0.0, 1.0], [0.5, 0.55]]","[61, 53, 10, 26]",,,
"{""run_name"": ""fedheart_ablation_pergroup_noanchor"", ""seed"": 7, ""run_dir"": ""runs/ablation_fedheart_fedheart/pergroup_erm_s7"", ""use_fedheart"": true, ""num_classes"": 2, ""stratified_batching"": true, ""train_frac"": 0.8, ""data_split_seed"": 43, ""group_max_train_samples"": [null, null, 20, 25], ""true_hetero_input_dim"": true, ""feature_mask"": [[0, 1, 2, 3, 5, 6, 7, 8, 9, 10], [0, 1, 2, 3, 5, 6, 11, 12], [0, 1, 2, 4, 5, 7, 11, 12], [0, 1, 2, 4, 5, 6, 8, 9, 10]], ""batch_size"": 64, ""num_workers"": 0, ""epochs"": 150, ""early_stopping_patience"": 40, ""lr"": 0.001, ""weight_decay"": 0.0001, ""optimizer"": ""adam"", ""grad_clip"": 1.0, ""lr_scheduler"": ""cosine"", ""lr_min"": 1e-05, ""latent_dim"": 64, ""head_hidden"": 32, ""groups"": [{""name"": ""cleveland"", ""encoder"": ""mlp_tabular_ln"", ""input_dim"": 10, ""hidden_dim"": 64, ""dropout"": 0.1}, {""name"": ""hungarian"", ""encoder"": ""mlp_tabular_ln"", ""input_dim"": 8, ""hidden_dim"": 64, ""dropout"": 0.1}, {""name"": ""switzerland"", ""encoder"": ""mlp_tabular_ln"", ""input_dim"": 8, ""hidden_dim"": 64, ""dropout"": 0.1}, {""name"": ""va_long_beach"", ""encoder"": ""mlp_tabular_ln"", ""input_dim"": 9, ""hidden_dim"": 64, ""dropout"": 0.1}], ""anchor_eps"": 0.0001, ""sep_samples_per_class"": 4, ""sep_method"": ""classifier"", ""sep_margin"": 1.0, ""lambda_fit"": 0.0, ""lambda_sep"": 0.0, ""groupdro_enabled"": false, ""groupdro_eta"": 2.0, ""groupdro_gamma"": 0.9, ""groupdro_update_mode"": ""softmax"", ""groupdro_objective"": ""weighted"", ""groupdro_kl_lambda"": 0.0, ""groupdro_uniform_init"": true, ""log_interval"": 20, ""save_every"": 10, ""common_encoder"": false}","{""num_groups"": 4, ""num_classes"": 2, ""train_total"": 495, ""test_total"": 150, ""train_group_counts"": [242, 208, 20, 25], ""test_group_counts"": [61, 53, 10, 26], ""train_class_counts"": [269, 226], ""test_class_counts"": [73, 77], ""train_group_class_counts"": [[131, 111], [130, 78], [0, 20], [8, 17]], ""test_group_class_counts"": [[33, 28], [33, 20], [1, 9], [6, 20]], ""group_proportions"": [0.4888888888888889, 0.4202020202020202, 0.04040404040404041, 0.050505050505050504]}",,2026-09-07T00:57:41.814132,42,0.220386526568443,0.9117647061520572,0.001,0.68,0.7044189726141474,0.5384615384615384,0.9,"[0.7377049180327869, 0.6415094339622641, 0.9, 0.5384615384615384]","[0.9639023248373185, 0.9682778653662371, 0.9268987157758601, 2.067602275866263]","[0.6986301369863014, 0.6623376623376623]","[[0.7878787878787878, 0.6785714285714286], [0.6666666666666666, 0.6], [0.0, 1.0], [0.5, 0.55]]","[61, 53, 10, 26]",,,
"{""run_name"": ""fedheart_ablation_pergroup_noanchor"", ""seed"": 7, ""run_dir"": ""runs/ablation_fedheart_fedheart/pergroup_erm_s7"", ""use_fedheart"": true, ""num_classes"": 2, ""stratified_batching"": true, ""train_frac"": 0.8, ""data_split_seed"": 43, ""group_max_train_samples"": [null, null, 20, 25], ""true_hetero_input_dim"": true, ""feature_mask"": [[0, 1, 2, 3, 5, 6, 7, 8, 9, 10], [0, 1, 2, 3, 5, 6, 11, 12], [0, 1, 2, 4, 5, 7, 11, 12], [0, 1, 2, 4, 5, 6, 8, 9, 10]], ""batch_size"": 64, ""num_workers"": 0, ""epochs"": 150, ""early_stopping_patience"": 40, ""lr"": 0.001, ""weight_decay"": 0.0001, ""optimizer"": ""adam"", ""grad_clip"": 1.0, ""lr_scheduler"": ""cosine"", ""lr_min"": 1e-05, ""latent_dim"": 64, ""head_hidden"": 32, ""groups"": [{""name"": ""cleveland"", ""encoder"": ""mlp_tabular_ln"", ""input_dim"": 10, ""hidden_dim"": 64, ""dropout"": 0.1}, {""name"": ""hungarian"", ""encoder"": ""mlp_tabular_ln"", ""input_dim"": 8, ""hidden_dim"": 64, ""dropout"": 0.1}, {""name"": ""switzerland"", ""encoder"": ""mlp_tabular_ln"", ""input_dim"": 8, ""hidden_dim"": 64, ""dropout"": 0.1}, {""name"": ""va_long_beach"", ""encoder"": ""mlp_tabular_ln"", ""input_dim"": 9, ""hidden_dim"": 64, ""dropout"": 0.1}], ""anchor_eps"": 0.0001, ""sep_samples_per_class"": 4, ""sep_method"": ""classifier"", ""sep_margin"": 1.0, ""lambda_fit"": 0.0, ""lambda_sep"": 0.0, ""groupdro_enabled"": false, ""groupdro_eta"": 2.0, ""groupdro_gamma"": 0.9, ""groupdro_update_mode"": ""softmax"", ""groupdro_objective"": ""weighted"", ""groupdro_kl_lambda"": 0.0, ""groupdro_uniform_init"": true, ""log_interval"": 20, ""save_every"": 10, ""common_encoder"": false}","{""num_groups"": 4, ""num_classes"": 2, ""train_total"": 495, ""test_total"": 150, ""train_group_counts"": [242, 208, 20, 25], ""test_group_counts"": [61, 53, 10, 26], ""train_class_counts"": [269, 226], ""test_class_counts"": [73, 77], ""train_group_class_counts"": [[131, 111], [130, 78], [0, 20], [8, 17]], ""test_group_class_counts"": [[33, 28], [33, 20], [1, 9], [6, 20]], ""group_proportions"": [0.4888888888888889, 0.4202020202020202, 0.04040404040404041, 0.050505050505050504]}",,2026-09-07T00:57:41.814132,43,0.23620654649324546,0.9004524892271913,0.001,0.6933333333333334,0.7138529348782983,0.5384615384615384,0.9,"[0.7377049180327869, 0.6792452830188679, 0.9, 0.5384615384615384]","[0.996483778641855, 0.927946831589512, 0.9425046428970745, 2.057224303526499]","[0.7397260273972602, 0.6493506493506493]","[[0.7878787878787878, 0.6785714285714286], [0.7575757575757576, 0.55], [0.0, 1.0], [0.5, 0.55]]","[61, 53, 10, 26]",,,
