config,dataset_info,groupdro_config,start_time,epoch,train_loss,train_acc,learning_rate,test_overall_acc,test_balanced_acc,test_worst_group_acc,test_best_group_acc,test_worst_group_bal_acc,test_per_group_bal_acc,test_per_group_acc,test_per_group_loss,test_per_class_acc,test_per_group_per_class_acc,test_per_group_counts,test_overall_auroc,test_per_group_sensitivity,test_per_group_specificity,test_per_group_f1,test_per_group_pos_f1,test_per_group_auroc,test_mean_group_f1,test_worst_group_f1,val_overall_acc,val_balanced_acc,val_worst_group_acc,val_best_group_acc,val_worst_group_bal_acc,val_per_group_bal_acc,val_per_group_acc,val_per_group_loss,val_per_class_acc,val_per_group_per_class_acc,val_per_group_counts,val_overall_auroc,val_per_group_sensitivity,val_per_group_specificity,val_per_group_f1,val_per_group_pos_f1,val_per_group_auroc,val_mean_group_f1,val_worst_group_f1,groupdro_weights,train_per_group_loss,groupdro_weights_mean,groupdro_pi
"{""run_name"": ""nhanes_pergroup_gdro"", ""seed"": 7, ""run_dir"": ""runs/gamma/g0.02_RegretDRO_s7"", ""use_nhanes"": true, ""num_classes"": 2, ""stratified_batching"": true, ""train_frac"": 0.8, ""use_post_pandemic"": true, ""data_split_seed"": 100, ""batch_size"": 128, ""num_workers"": 0, ""epochs"": 100, ""early_stopping_patience"": 25, ""lr"": 0.001, ""weight_decay"": 0.0001, ""optimizer"": ""adam"", ""grad_clip"": 1.0, ""lr_scheduler"": ""cosine"", ""lr_min"": 1e-05, ""latent_dim"": 64, ""head_hidden"": 32, ""common_encoder"": false, ""groups"": [{""name"": ""survey_only"", ""encoder"": ""mlp_tabular_ln"", ""input_dim"": 10, ""hidden_dim"": 64, ""dropout"": 0.1}, {""name"": ""exam"", ""encoder"": ""mlp_tabular_ln"", ""input_dim"": 13, ""hidden_dim"": 64, ""dropout"": 0.1}, {""name"": ""vitals_labs"", ""encoder"": ""mlp_tabular_ln"", ""input_dim"": 20, ""hidden_dim"": 64, ""dropout"": 0.1}], ""anchor_eps"": 0.0001, ""sep_samples_per_class"": 4, ""sep_method"": ""classifier"", ""sep_margin"": 1.0, ""lambda_fit"": 0.001, ""lambda_sep"": 0.001, ""groupdro_enabled"": true, ""groupdro_eta"": 0.02, ""groupdro_gamma"": 0.9, ""groupdro_update_mode"": ""exp"", ""groupdro_objective"": ""weighted"", ""groupdro_kl_lambda"": 0.0, ""groupdro_uniform_init"": false, ""log_interval"": 20, ""save_every"": 10, ""groupdro_ema_decay"": 0.9, ""groupdro_update_every"": 1, ""dro_signal"": ""val"", ""val_frac"": 0.15, ""use_regret"": true, ""optimal_losses"": [0.306561, 0.270789, 0.264331]}","{""num_groups"": 3, ""num_classes"": 2, ""train_total"": 11563, ""test_total"": 3401, ""train_group_counts"": [1813, 1800, 7950], ""test_group_counts"": [533, 530, 2338], ""train_class_counts"": [10348, 1215], ""test_class_counts"": [3043, 358], ""train_group_class_counts"": [[1595, 218], [1622, 178], [7131, 819]], ""test_group_class_counts"": [[469, 64], [477, 53], [2097, 241]], ""group_proportions"": [0.15679321975265934, 0.1556689440456629, 0.6875378362016777], ""group_names"": [""survey_only"", ""exam"", ""vitals_labs""], ""group_feature_counts"": {""0"": 10, ""1"": 13, ""2"": 20}, ""max_features"": 20, ""feature_mode"": ""nested"", ""val_total"": 2041}","{""num_groups"": 3, ""eta"": 0.02, ""update_mode"": ""exp"", ""robust_objective"": ""weighted"", ""gamma"": 0.9, ""kl_lambda"": 0.0, ""initial_pi"": [0.15679322183132172, 0.1556689441204071, 0.6875378489494324]}",2026-09-15T20:18:32.494801,1,0.6152416871653663,0.7157986111111111,0.001,0.7103793002058219,0.7317802640320972,0.6754221388367729,0.8283018867924529,0.6446540880503144,"[0.7008761993603412, 0.6446540880503144, 0.7528013740237487]","[0.6754221388367729, 0.8283018867924529, 0.6916167664670658]","[0.5656310457449693, 0.3517627973460926, 0.5409681932208781]","[0.705553729871837, 0.7513966480446927]","[[0.6673773987206824, 0.734375], [0.8742138364779874, 0.41509433962264153], [0.675727229375298, 0.8298755186721992]]","[533, 530, 2338]",0.7968907484344508,"[0.734375, 0.41509433962264153, 0.8298755186721992]","[0.6673773987206824, 0.8742138364779874, 0.675727229375298]","[0.567769637140058, 0.6137737737737738, 0.5770056622640776]","[0.35205992509363293, 0.32592592592592595, 0.35682426404995543]","[0.7879797441364604, 0.7907123927059847, 0.8131909445819656]",0.5861830243926365,0.567769637140058,0.7212150906418422,0.7406378692484359,0.684375,0.8333333333333334,0.6298076923076923,"[0.7209143169997263, 0.6298076923076923, 0.7613846968493514]","[0.684375, 0.8333333333333334, 0.7042052744119743]","[0.5987912470940501, 0.38032673747987494, 0.5238363459196502]","[0.7174151150054765, 0.7534883720930232]","[[0.6725978647686833, 0.7692307692307693], [0.8846153846153846, 0.375], [0.6894360603653693, 0.8333333333333334]]","[320, 318, 1403]",0.8051555057439059,"[0.7692307692307693, 0.375, 0.8333333333333334]","[0.6725978647686833, 0.8846153846153846, 0.6894360603653693]","[0.5809074287789002, 0.6084380735543526, 0.5867393472235529]","[0.3726708074534162, 0.31168831168831174, 0.36641221374045796]","[0.7434528697873893, 0.7402753496503496, 0.8429336554584768]",0.592028283185602,0.5809074287789002,"[0.15560179948806763, 0.16365234553813934, 0.6807457804679871]","[0.6201409127977159, 0.616455771194564, 0.5780203637149599]","[0.15559346593088574, 0.15978140549527275, 0.6846251255936093]","[0.15679322183132172, 0.1556689441204071, 0.6875378489494324]"
"{""run_name"": ""nhanes_pergroup_gdro"", ""seed"": 7, ""run_dir"": ""runs/gamma/g0.02_RegretDRO_s7"", ""use_nhanes"": true, ""num_classes"": 2, ""stratified_batching"": true, ""train_frac"": 0.8, ""use_post_pandemic"": true, ""data_split_seed"": 100, ""batch_size"": 128, ""num_workers"": 0, ""epochs"": 100, ""early_stopping_patience"": 25, ""lr"": 0.001, ""weight_decay"": 0.0001, ""optimizer"": ""adam"", ""grad_clip"": 1.0, ""lr_scheduler"": ""cosine"", ""lr_min"": 1e-05, ""latent_dim"": 64, ""head_hidden"": 32, ""common_encoder"": false, ""groups"": [{""name"": ""survey_only"", ""encoder"": ""mlp_tabular_ln"", ""input_dim"": 10, ""hidden_dim"": 64, ""dropout"": 0.1}, {""name"": ""exam"", ""encoder"": ""mlp_tabular_ln"", ""input_dim"": 13, ""hidden_dim"": 64, ""dropout"": 0.1}, {""name"": ""vitals_labs"", ""encoder"": ""mlp_tabular_ln"", ""input_dim"": 20, ""hidden_dim"": 64, ""dropout"": 0.1}], ""anchor_eps"": 0.0001, ""sep_samples_per_class"": 4, ""sep_method"": ""classifier"", ""sep_margin"": 1.0, ""lambda_fit"": 0.001, ""lambda_sep"": 0.001, ""groupdro_enabled"": true, ""groupdro_eta"": 0.02, ""groupdro_gamma"": 0.9, ""groupdro_update_mode"": ""exp"", ""groupdro_objective"": ""weighted"", ""groupdro_kl_lambda"": 0.0, ""groupdro_uniform_init"": false, ""log_interval"": 20, ""save_every"": 10, ""groupdro_ema_decay"": 0.9, ""groupdro_update_every"": 1, ""dro_signal"": ""val"", ""val_frac"": 0.15, ""use_regret"": true, ""optimal_losses"": [0.306561, 0.270789, 0.264331]}","{""num_groups"": 3, ""num_classes"": 2, ""train_total"": 11563, ""test_total"": 3401, ""train_group_counts"": [1813, 1800, 7950], ""test_group_counts"": [533, 530, 2338], ""train_class_counts"": [10348, 1215], ""test_class_counts"": [3043, 358], ""train_group_class_counts"": [[1595, 218], [1622, 178], [7131, 819]], ""test_group_class_counts"": [[469, 64], [477, 53], [2097, 241]], ""group_proportions"": [0.15679321975265934, 0.1556689440456629, 0.6875378362016777], ""group_names"": [""survey_only"", ""exam"", ""vitals_labs""], ""group_feature_counts"": {""0"": 10, ""1"": 13, ""2"": 20}, ""max_features"": 20, ""feature_mode"": ""nested"", ""val_total"": 2041}","{""num_groups"": 3, ""eta"": 0.02, ""update_mode"": ""exp"", ""robust_objective"": ""weighted"", ""gamma"": 0.9, ""kl_lambda"": 0.0, ""initial_pi"": [0.15679322183132172, 0.1556689441204071, 0.6875378489494324]}",2026-09-15T20:18:32.494801,2,0.5548539525932736,0.6969618055555555,0.001,0.7230226403998824,0.7241972344534822,0.7219846022241232,0.726078799249531,0.7229144456289979,"[0.7229144456289979, 0.7714884696016772, 0.7330052614187033]","[0.726078799249531, 0.7245283018867924, 0.7219846022241232]","[0.468596797709058, 0.476279761835511, 0.46103444417350636]","[0.7193558987840947, 0.7541899441340782]","[[0.7270788912579957, 0.71875], [0.7127882599580713, 0.8301886792452831], [0.7191225560324273, 0.7468879668049793]]","[533, 530, 2338]",0.8051513043031264,"[0.71875, 0.8301886792452831, 0.7468879668049793]","[0.7270788912579957, 0.7127882599580713, 0.7191225560324273]","[0.6051130597166402, 0.5996564640632437, 0.5895653395126748]","[0.3865546218487395, 0.376068376068376, 0.3564356435643564]","[0.7833655383795309, 0.7981488074047703, 0.811918627084335]",0.5981116210975196,0.5895653395126748,0.7172954434100931,0.6925049562482909,0.6415094339622641,0.7391304347826086,0.6619318181818181,"[0.6949082945524226, 0.6619318181818181, 0.7685442591121702]","[0.696875, 0.6415094339622641, 0.7391304347826086]","[0.49286508237128146, 0.5469125930407325, 0.44709217768754606]","[0.7113910186199343, 0.7674418604651163]","[[0.697508896797153, 0.6923076923076923], [0.6363636363636364, 0.6875], [0.7315329626687848, 0.8055555555555556]]","[320, 318, 1403]",0.8118673425201866,"[0.6923076923076923, 0.6875, 0.8055555555555556]","[0.697508896797153, 0.6363636363636364, 0.7315329626687848]","[0.579625942929888, 0.5199936444044277, 0.6110994983277592]","[0.3576158940397351, 0.27848101265822783, 0.3879598662207358]","[0.7495209416917603, 0.7420236013986015, 0.8481543994351779]",0.5702396952206916,0.5199936444044277,"[0.15320724248886108, 0.16163919866085052, 0.6851535439491272]","[0.5604024986426036, 0.5363742689291636, 0.5342099997732375]","[0.15583845062388313, 0.16304439736737145, 0.6811171498563554]","[0.15679322183132172, 0.1556689441204071, 0.6875378489494324]"
"{""run_name"": ""nhanes_pergroup_gdro"", ""seed"": 7, ""run_dir"": ""runs/gamma/g0.02_RegretDRO_s7"", ""use_nhanes"": true, ""num_classes"": 2, ""stratified_batching"": true, ""train_frac"": 0.8, ""use_post_pandemic"": true, ""data_split_seed"": 100, ""batch_size"": 128, ""num_workers"": 0, ""epochs"": 100, ""early_stopping_patience"": 25, ""lr"": 0.001, ""weight_decay"": 0.0001, ""optimizer"": ""adam"", ""grad_clip"": 1.0, ""lr_scheduler"": ""cosine"", ""lr_min"": 1e-05, ""latent_dim"": 64, ""head_hidden"": 32, ""common_encoder"": false, ""groups"": [{""name"": ""survey_only"", ""encoder"": ""mlp_tabular_ln"", ""input_dim"": 10, ""hidden_dim"": 64, ""dropout"": 0.1}, {""name"": ""exam"", ""encoder"": ""mlp_tabular_ln"", ""input_dim"": 13, ""hidden_dim"": 64, ""dropout"": 0.1}, {""name"": ""vitals_labs"", ""encoder"": ""mlp_tabular_ln"", ""input_dim"": 20, ""hidden_dim"": 64, ""dropout"": 0.1}], ""anchor_eps"": 0.0001, ""sep_samples_per_class"": 4, ""sep_method"": ""classifier"", ""sep_margin"": 1.0, ""lambda_fit"": 0.001, ""lambda_sep"": 0.001, ""groupdro_enabled"": true, ""groupdro_eta"": 0.02, ""groupdro_gamma"": 0.9, ""groupdro_update_mode"": ""exp"", ""groupdro_objective"": ""weighted"", ""groupdro_kl_lambda"": 0.0, ""groupdro_uniform_init"": false, ""log_interval"": 20, ""save_every"": 10, ""groupdro_ema_decay"": 0.9, ""groupdro_update_every"": 1, ""dro_signal"": ""val"", ""val_frac"": 0.15, ""use_regret"": true, ""optimal_losses"": [0.306561, 0.270789, 0.264331]}","{""num_groups"": 3, ""num_classes"": 2, ""train_total"": 11563, ""test_total"": 3401, ""train_group_counts"": [1813, 1800, 7950], ""test_group_counts"": [533, 530, 2338], ""train_class_counts"": [10348, 1215], ""test_class_counts"": [3043, 358], ""train_group_class_counts"": [[1595, 218], [1622, 178], [7131, 819]], ""test_group_class_counts"": [[469, 64], [477, 53], [2097, 241]], ""group_proportions"": [0.15679321975265934, 0.1556689440456629, 0.6875378362016777], ""group_names"": [""survey_only"", ""exam"", ""vitals_labs""], ""group_feature_counts"": {""0"": 10, ""1"": 13, ""2"": 20}, ""max_features"": 20, ""feature_mode"": ""nested"", ""val_total"": 2041}","{""num_groups"": 3, ""eta"": 0.02, ""update_mode"": ""exp"", ""robust_objective"": ""weighted"", ""gamma"": 0.9, ""kl_lambda"": 0.0, ""initial_pi"": [0.15679322183132172, 0.1556689441204071, 0.6875378489494324]}",2026-09-15T20:18:32.494801,3,0.5352442042695151,0.7064236111111111,0.001,0.7115554248750368,0.7201278624890673,0.7040205303678357,0.7471698113207547,0.6834381551362683,"[0.7268123667377399, 0.6834381551362683, 0.7431897375622555]","[0.7091932457786116, 0.7471698113207547, 0.7040205303678357]","[0.4550145046582785, 0.3957379615197907, 0.48212693482788777]","[0.706210976010516, 0.7569832402234636]","[[0.7036247334754797, 0.75], [0.7631027253668763, 0.6037735849056604], [0.6938483547925608, 0.7925311203319502]]","[533, 530, 2338]",0.8030781333475308,"[0.75, 0.6037735849056604, 0.7925311203319502]","[0.7036247334754797, 0.7631027253668763, 0.6938483547925608]","[0.5961430352210788, 0.5838899435187139, 0.5817821053273734]","[0.38247011952191234, 0.32323232323232326, 0.3556797020484171]","[0.789195762260128, 0.7895257307859658, 0.8157078774855208]",0.5872716946890554,0.5817821053273734,0.7168054875061245,0.7181879369754242,0.70625,0.7327044025157232,0.6848776223776224,"[0.7112875262341454, 0.6848776223776224, 0.7554386197158238]","[0.70625, 0.7327044025157232, 0.7156094084105489]","[0.46799053384165745, 0.44577372245455404, 0.46536531561357647]","[0.7113910186199343, 0.7627906976744186]","[[0.7046263345195729, 0.717948717948718], [0.7447552447552448, 0.625], [0.7053216838760922, 0.8055555555555556]]","[320, 318, 1403]",0.8117514455284139,"[0.717948717948718, 0.625, 0.8055555555555556]","[0.7046263345195729, 0.7447552447552448, 0.7053216838760922]","[0.5907482993197278, 0.576829745596869, 0.5921110443193618]","[0.3733333333333333, 0.31999999999999995, 0.3676703645007924]","[0.755954010402409, 0.7434440559440559, 0.8452365192833818]",0.5865630297453195,0.576829745596869,"[0.15286891162395477, 0.16541358828544617, 0.6817174553871155]","[0.5580990092621909, 0.5264682885673311, 0.5135392119487127]","[0.15223222672939302, 0.16383896718422572, 0.683928805589676]","[0.15679322183132172, 0.1556689441204071, 0.6875378489494324]"
"{""run_name"": ""nhanes_pergroup_gdro"", ""seed"": 7, ""run_dir"": ""runs/gamma/g0.02_RegretDRO_s7"", ""use_nhanes"": true, ""num_classes"": 2, ""stratified_batching"": true, ""train_frac"": 0.8, ""use_post_pandemic"": true, ""data_split_seed"": 100, ""batch_size"": 128, ""num_workers"": 0, ""epochs"": 100, ""early_stopping_patience"": 25, ""lr"": 0.001, ""weight_decay"": 0.0001, ""optimizer"": ""adam"", ""grad_clip"": 1.0, ""lr_scheduler"": ""cosine"", ""lr_min"": 1e-05, ""latent_dim"": 64, ""head_hidden"": 32, ""common_encoder"": false, ""groups"": [{""name"": ""survey_only"", ""encoder"": ""mlp_tabular_ln"", ""input_dim"": 10, ""hidden_dim"": 64, ""dropout"": 0.1}, {""name"": ""exam"", ""encoder"": ""mlp_tabular_ln"", ""input_dim"": 13, ""hidden_dim"": 64, ""dropout"": 0.1}, {""name"": ""vitals_labs"", ""encoder"": ""mlp_tabular_ln"", ""input_dim"": 20, ""hidden_dim"": 64, ""dropout"": 0.1}], ""anchor_eps"": 0.0001, ""sep_samples_per_class"": 4, ""sep_method"": ""classifier"", ""sep_margin"": 1.0, ""lambda_fit"": 0.001, ""lambda_sep"": 0.001, ""groupdro_enabled"": true, ""groupdro_eta"": 0.02, ""groupdro_gamma"": 0.9, ""groupdro_update_mode"": ""exp"", ""groupdro_objective"": ""weighted"", ""groupdro_kl_lambda"": 0.0, ""groupdro_uniform_init"": false, ""log_interval"": 20, ""save_every"": 10, ""groupdro_ema_decay"": 0.9, ""groupdro_update_every"": 1, ""dro_signal"": ""val"", ""val_frac"": 0.15, ""use_regret"": true, ""optimal_losses"": [0.306561, 0.270789, 0.264331]}","{""num_groups"": 3, ""num_classes"": 2, ""train_total"": 11563, ""test_total"": 3401, ""train_group_counts"": [1813, 1800, 7950], ""test_group_counts"": [533, 530, 2338], ""train_class_counts"": [10348, 1215], ""test_class_counts"": [3043, 358], ""train_group_class_counts"": [[1595, 218], [1622, 178], [7131, 819]], ""test_group_class_counts"": [[469, 64], [477, 53], [2097, 241]], ""group_proportions"": [0.15679321975265934, 0.1556689440456629, 0.6875378362016777], ""group_names"": [""survey_only"", ""exam"", ""vitals_labs""], ""group_feature_counts"": {""0"": 10, ""1"": 13, ""2"": 20}, ""max_features"": 20, ""feature_mode"": ""nested"", ""val_total"": 2041}","{""num_groups"": 3, ""eta"": 0.02, ""update_mode"": ""exp"", ""robust_objective"": ""weighted"", ""gamma"": 0.9, ""kl_lambda"": 0.0, ""initial_pi"": [0.15679322183132172, 0.1556689441204071, 0.6875378489494324]}",2026-09-15T20:18:32.494801,4,0.5206943588124381,0.7008680555555555,0.001,0.6821523081446633,0.6884219242494868,0.6766467065868264,0.7113207547169811,0.7221815031982942,"[0.7221815031982942, 0.7389937106918238, 0.7407836130255234]","[0.6772983114446529, 0.7113207547169811, 0.6766467065868264]","[0.49230922083239337, 0.46309423468093264, 0.5327211337174401]","[0.6674334538284588, 0.8072625698324022]","[[0.6631130063965884, 0.78125], [0.7044025157232704, 0.7735849056603774], [0.6599904625655698, 0.8215767634854771]]","[533, 530, 2338]",0.8030281055339025,"[0.78125, 0.7735849056603774, 0.8215767634854771]","[0.6631130063965884, 0.7044025157232704, 0.6599904625655698]","[0.5755111868424951, 0.5817408123791104, 0.5646105278093076]","[0.36764705882352944, 0.348936170212766, 0.34375]","[0.7893123667377397, 0.7905937265139829, 0.8138162203661821]",0.573954175676971,0.5646105278093076,0.6854483096521313,0.676303637122309,0.6635220125786163,0.6935138987883107,0.6741695804195804,"[0.735879186057122, 0.6741695804195804, 0.7646528329361928]","[0.671875, 0.6635220125786163, 0.6935138987883107]","[0.514329489285592, 0.529511301608393, 0.5135896312828286]","[0.6692223439211391, 0.8232558139534883]","[[0.6512455516014235, 0.8205128205128205], [0.6608391608391608, 0.6875], [0.6751389992057188, 0.8541666666666666]]","[320, 318, 1403]",0.8128760284266028,"[0.8205128205128205, 0.6875, 0.8541666666666666]","[0.6512455516014235, 0.6608391608391608, 0.6751389992057188]","[0.5778841442731693, 0.5353860858878952, 0.5810136955857432]","[0.378698224852071, 0.2913907284768212, 0.36390532544378695]","[0.7610183410895154, 0.7339379370629371, 0.846157664813344]",0.5647613085822693,0.5353860858878952,"[0.14587904512882233, 0.16509078443050385, 0.6890301704406738]","[0.5246186160378986, 0.507494150267707, 0.5073564847310384]","[0.1503708079457283, 0.16514877710077497, 0.6844804141256544]","[0.15679322183132172, 0.1556689441204071, 0.6875378489494324]"
"{""run_name"": ""nhanes_pergroup_gdro"", ""seed"": 7, ""run_dir"": ""runs/gamma/g0.02_RegretDRO_s7"", ""use_nhanes"": true, ""num_classes"": 2, ""stratified_batching"": true, ""train_frac"": 0.8, ""use_post_pandemic"": true, ""data_split_seed"": 100, ""batch_size"": 128, ""num_workers"": 0, ""epochs"": 100, ""early_stopping_patience"": 25, ""lr"": 0.001, ""weight_decay"": 0.0001, ""optimizer"": ""adam"", ""grad_clip"": 1.0, ""lr_scheduler"": ""cosine"", ""lr_min"": 1e-05, ""latent_dim"": 64, ""head_hidden"": 32, ""common_encoder"": false, ""groups"": [{""name"": ""survey_only"", ""encoder"": ""mlp_tabular_ln"", ""input_dim"": 10, ""hidden_dim"": 64, ""dropout"": 0.1}, {""name"": ""exam"", ""encoder"": ""mlp_tabular_ln"", ""input_dim"": 13, ""hidden_dim"": 64, ""dropout"": 0.1}, {""name"": ""vitals_labs"", ""encoder"": ""mlp_tabular_ln"", ""input_dim"": 20, ""hidden_dim"": 64, ""dropout"": 0.1}], ""anchor_eps"": 0.0001, ""sep_samples_per_class"": 4, ""sep_method"": ""classifier"", ""sep_margin"": 1.0, ""lambda_fit"": 0.001, ""lambda_sep"": 0.001, ""groupdro_enabled"": true, ""groupdro_eta"": 0.02, ""groupdro_gamma"": 0.9, ""groupdro_update_mode"": ""exp"", ""groupdro_objective"": ""weighted"", ""groupdro_kl_lambda"": 0.0, ""groupdro_uniform_init"": false, ""log_interval"": 20, ""save_every"": 10, ""groupdro_ema_decay"": 0.9, ""groupdro_update_every"": 1, ""dro_signal"": ""val"", ""val_frac"": 0.15, ""use_regret"": true, ""optimal_losses"": [0.306561, 0.270789, 0.264331]}","{""num_groups"": 3, ""num_classes"": 2, ""train_total"": 11563, ""test_total"": 3401, ""train_group_counts"": [1813, 1800, 7950], ""test_group_counts"": [533, 530, 2338], ""train_class_counts"": [10348, 1215], ""test_class_counts"": [3043, 358], ""train_group_class_counts"": [[1595, 218], [1622, 178], [7131, 819]], ""test_group_class_counts"": [[469, 64], [477, 53], [2097, 241]], ""group_proportions"": [0.15679321975265934, 0.1556689440456629, 0.6875378362016777], ""group_names"": [""survey_only"", ""exam"", ""vitals_labs""], ""group_feature_counts"": {""0"": 10, ""1"": 13, ""2"": 20}, ""max_features"": 20, ""feature_mode"": ""nested"", ""val_total"": 2041}","{""num_groups"": 3, ""eta"": 0.02, ""update_mode"": ""exp"", ""robust_objective"": ""weighted"", ""gamma"": 0.9, ""kl_lambda"": 0.0, ""initial_pi"": [0.15679322183132172, 0.1556689441204071, 0.6875378489494324]}",2026-09-15T20:18:32.494801,5,0.5124666270282533,0.7052951388888888,0.001,0.6706850926198177,0.6723422596456098,0.5816135084427767,0.7660377358490567,0.6947961087420043,"[0.6947961087420043, 0.7526205450733752, 0.7385664563286418]","[0.5816135084427767, 0.7660377358490567, 0.6693755346449958]","[0.6124669728323635, 0.3976540879733017, 0.5316460140274919]","[0.6536312849162011, 0.8156424581005587]","[[0.5458422174840085, 0.84375], [0.7693920335429769, 0.7358490566037735], [0.6514067715784454, 0.8257261410788381]]","[533, 530, 2338]",0.801347813555059,"[0.84375, 0.7358490566037735, 0.8257261410788381]","[0.5458422174840085, 0.7693920335429769, 0.6514067715784454]","[0.5114413136855951, 0.6208082346696208, 0.5596691806629788]","[0.3262839879154078, 0.3861386138613861, 0.33988044406490175]","[0.7867637260127932, 0.7963292591274079, 0.8143148580168864]",0.5639729096727315,0.5114413136855951,0.6795688388045076,0.667961618447143,0.584375,0.7295597484276729,0.7108828671328671,"[0.719180582169906, 0.7108828671328671, 0.7657422116318066]","[0.584375, 0.7295597484276729, 0.6899501069137562]","[0.6328015141334618, 0.4569458943387529, 0.5130757802283539]","[0.660460021905805, 0.8418604651162791]","[[0.5409252669039146, 0.8974358974358975], [0.7342657342657343, 0.6875], [0.670373312152502, 0.8611111111111112]]","[320, 318, 1403]",0.8125321582312336,"[0.8974358974358975, 0.6875, 0.8611111111111112]","[0.5409252669039146, 0.7342657342657343, 0.670373312152502]","[0.52023988005997, 0.584250532076619, 0.5791026124665433]","[0.3448275862068965, 0.3384615384615384, 0.363103953147877]","[0.757915868236153, 0.7348120629370629, 0.8465823846085958]",0.5611976748677108,0.52023988005997,"[0.14294247329235077, 0.16322508454322815, 0.6938323974609375]","[0.5254197070995966, 0.4972890582349565, 0.5001495516962475]","[0.14519673933585484, 0.1622930881049898, 0.6925101737181346]","[0.15679322183132172, 0.1556689441204071, 0.6875378489494324]"
"{""run_name"": ""nhanes_pergroup_gdro"", ""seed"": 7, ""run_dir"": ""runs/gamma/g0.02_RegretDRO_s7"", ""use_nhanes"": true, ""num_classes"": 2, ""stratified_batching"": true, ""train_frac"": 0.8, ""use_post_pandemic"": true, ""data_split_seed"": 100, ""batch_size"": 128, ""num_workers"": 0, ""epochs"": 100, ""early_stopping_patience"": 25, ""lr"": 0.001, ""weight_decay"": 0.0001, ""optimizer"": ""adam"", ""grad_clip"": 1.0, ""lr_scheduler"": ""cosine"", ""lr_min"": 1e-05, ""latent_dim"": 64, ""head_hidden"": 32, ""common_encoder"": false, ""groups"": [{""name"": ""survey_only"", ""encoder"": ""mlp_tabular_ln"", ""input_dim"": 10, ""hidden_dim"": 64, ""dropout"": 0.1}, {""name"": ""exam"", ""encoder"": ""mlp_tabular_ln"", ""input_dim"": 13, ""hidden_dim"": 64, ""dropout"": 0.1}, {""name"": ""vitals_labs"", ""encoder"": ""mlp_tabular_ln"", ""input_dim"": 20, ""hidden_dim"": 64, ""dropout"": 0.1}], ""anchor_eps"": 0.0001, ""sep_samples_per_class"": 4, ""sep_method"": ""classifier"", ""sep_margin"": 1.0, ""lambda_fit"": 0.001, ""lambda_sep"": 0.001, ""groupdro_enabled"": true, ""groupdro_eta"": 0.02, ""groupdro_gamma"": 0.9, ""groupdro_update_mode"": ""exp"", ""groupdro_objective"": ""weighted"", ""groupdro_kl_lambda"": 0.0, ""groupdro_uniform_init"": false, ""log_interval"": 20, ""save_every"": 10, ""groupdro_ema_decay"": 0.9, ""groupdro_update_every"": 1, ""dro_signal"": ""val"", ""val_frac"": 0.15, ""use_regret"": true, ""optimal_losses"": [0.306561, 0.270789, 0.264331]}","{""num_groups"": 3, ""num_classes"": 2, ""train_total"": 11563, ""test_total"": 3401, ""train_group_counts"": [1813, 1800, 7950], ""test_group_counts"": [533, 530, 2338], ""train_class_counts"": [10348, 1215], ""test_class_counts"": [3043, 358], ""train_group_class_counts"": [[1595, 218], [1622, 178], [7131, 819]], ""test_group_class_counts"": [[469, 64], [477, 53], [2097, 241]], ""group_proportions"": [0.15679321975265934, 0.1556689440456629, 0.6875378362016777], ""group_names"": [""survey_only"", ""exam"", ""vitals_labs""], ""group_feature_counts"": {""0"": 10, ""1"": 13, ""2"": 20}, ""max_features"": 20, ""feature_mode"": ""nested"", ""val_total"": 2041}","{""num_groups"": 3, ""eta"": 0.02, ""update_mode"": ""exp"", ""robust_objective"": ""weighted"", ""gamma"": 0.9, ""kl_lambda"": 0.0, ""initial_pi"": [0.15679322183132172, 0.1556689441204071, 0.6875378489494324]}",2026-09-15T20:18:32.494801,6,0.507591438624594,0.7082465277777777,0.001,0.69685386650985,0.6888406192828181,0.624765478424015,0.7377358490566037,0.6923307569296375,"[0.6923307569296375, 0.7368972746331237, 0.7340084728826204]","[0.624765478424015, 0.7377358490566037, 0.7040205303678357]","[0.568513269329358, 0.4256209185368926, 0.49031811656404073]","[0.6884653302661847, 0.7681564245810056]","[[0.603411513859275, 0.78125], [0.7379454926624738, 0.7358490566037735], [0.6962327134000954, 0.7717842323651453]]","[533, 530, 2338]",0.8043150595652263,"[0.78125, 0.7358490566037735, 0.7717842323651453]","[0.603411513859275, 0.7379454926624738, 0.6962327134000954]","[0.536118363794604, 0.5972798486861165, 0.5790202249810573]","[0.3333333333333333, 0.3594470046082949, 0.34962406015037595]","[0.7819996002132196, 0.7880226256872751, 0.8164845254137011]",0.5708061458205926,0.536118363794604,0.7074963253307203,0.6943496621495417,0.64375,0.720125786163522,0.6917613636363636,"[0.7419472579614929, 0.6917613636363636, 0.7543492410202101]","[0.64375, 0.720125786163522, 0.7191732002851033]","[0.5827695321502688, 0.4869920075724616, 0.4708712068047834]","[0.6976998904709748, 0.7906976744186046]","[[0.6120996441281139, 0.8717948717948718], [0.7272727272727273, 0.65625], [0.710087370929309, 0.7986111111111112]]","[320, 318, 1403]",0.8155174609643647,"[0.8717948717948718, 0.65625, 0.7986111111111112]","[0.6120996441281139, 0.7272727272727273, 0.710087370929309]","[0.5623590383415711, 0.5721865316302623, 0.5940107288067875]","[0.3736263736263737, 0.3206106870229008, 0.36858974358974367]","[0.7645770599507253, 0.7337194055944056, 0.8489321330862237]",0.5761854329262069,0.5623590383415711,"[0.1379362940788269, 0.15928426384925842, 0.7027794718742371]","[0.518164508541425, 0.4910395051042239, 0.4981147415108151]","[0.14043723940849304, 0.16192339344157114, 0.6976393706268734]","[0.15679322183132172, 0.1556689441204071, 0.6875378489494324]"
"{""run_name"": ""nhanes_pergroup_gdro"", ""seed"": 7, ""run_dir"": ""runs/gamma/g0.02_RegretDRO_s7"", ""use_nhanes"": true, ""num_classes"": 2, ""stratified_batching"": true, ""train_frac"": 0.8, ""use_post_pandemic"": true, ""data_split_seed"": 100, ""batch_size"": 128, ""num_workers"": 0, ""epochs"": 100, ""early_stopping_patience"": 25, ""lr"": 0.001, ""weight_decay"": 0.0001, ""optimizer"": ""adam"", ""grad_clip"": 1.0, ""lr_scheduler"": ""cosine"", ""lr_min"": 1e-05, ""latent_dim"": 64, ""head_hidden"": 32, ""common_encoder"": false, ""groups"": [{""name"": ""survey_only"", ""encoder"": ""mlp_tabular_ln"", ""input_dim"": 10, ""hidden_dim"": 64, ""dropout"": 0.1}, {""name"": ""exam"", ""encoder"": ""mlp_tabular_ln"", ""input_dim"": 13, ""hidden_dim"": 64, ""dropout"": 0.1}, {""name"": ""vitals_labs"", ""encoder"": ""mlp_tabular_ln"", ""input_dim"": 20, ""hidden_dim"": 64, ""dropout"": 0.1}], ""anchor_eps"": 0.0001, ""sep_samples_per_class"": 4, ""sep_method"": ""classifier"", ""sep_margin"": 1.0, ""lambda_fit"": 0.001, ""lambda_sep"": 0.001, ""groupdro_enabled"": true, ""groupdro_eta"": 0.02, ""groupdro_gamma"": 0.9, ""groupdro_update_mode"": ""exp"", ""groupdro_objective"": ""weighted"", ""groupdro_kl_lambda"": 0.0, ""groupdro_uniform_init"": false, ""log_interval"": 20, ""save_every"": 10, ""groupdro_ema_decay"": 0.9, ""groupdro_update_every"": 1, ""dro_signal"": ""val"", ""val_frac"": 0.15, ""use_regret"": true, ""optimal_losses"": [0.306561, 0.270789, 0.264331]}","{""num_groups"": 3, ""num_classes"": 2, ""train_total"": 11563, ""test_total"": 3401, ""train_group_counts"": [1813, 1800, 7950], ""test_group_counts"": [533, 530, 2338], ""train_class_counts"": [10348, 1215], ""test_class_counts"": [3043, 358], ""train_group_class_counts"": [[1595, 218], [1622, 178], [7131, 819]], ""test_group_class_counts"": [[469, 64], [477, 53], [2097, 241]], ""group_proportions"": [0.15679321975265934, 0.1556689440456629, 0.6875378362016777], ""group_names"": [""survey_only"", ""exam"", ""vitals_labs""], ""group_feature_counts"": {""0"": 10, ""1"": 13, ""2"": 20}, ""max_features"": 20, ""feature_mode"": ""nested"", ""val_total"": 2041}","{""num_groups"": 3, ""eta"": 0.02, ""update_mode"": ""exp"", ""robust_objective"": ""weighted"", ""gamma"": 0.9, ""kl_lambda"": 0.0, ""initial_pi"": [0.15679322183132172, 0.1556689441204071, 0.6875378489494324]}",2026-09-15T20:18:32.494801,7,0.496500904361407,0.7111979166666667,0.001,0.6724492796236401,0.6614613609190493,0.6153846153846154,0.6867924528301886,0.6937466684434968,"[0.6937466684434968, 0.7169811320754718, 0.7402107733434644]","[0.6153846153846154, 0.6867924528301886, 0.6822070145423439]","[0.569641440340814, 0.5085372497301267, 0.5290497111670842]","[0.6572461386789352, 0.8016759776536313]","[[0.5906183368869936, 0.796875], [0.6792452830188679, 0.7547169811320755], [0.6671435383881735, 0.8132780082987552]]","[533, 530, 2338]",0.8034209845106544,"[0.796875, 0.7547169811320755, 0.8132780082987552]","[0.5906183368869936, 0.6792452830188679, 0.6671435383881735]","[0.5310776651946458, 0.5606360240506582, 0.5677733585300949]","[0.33224755700325725, 0.3252032520325203, 0.3453744493392071]","[0.779484275053305, 0.7858866342312408, 0.8154229416851184]",0.5531623492584663,0.5310776651946458,0.6820186183243508,0.668207889913946,0.646875,0.6942266571632216,0.6741695804195804,"[0.7437266173920978, 0.6741695804195804, 0.7588998102550526]","[0.646875, 0.6635220125786163, 0.6942266571632216]","[0.5783008604317729, 0.5729518810846497, 0.5089668231808494]","[0.6653888280394304, 0.8232558139534883]","[[0.6156583629893239, 0.8717948717948718], [0.6608391608391608, 0.6875], [0.6775218427323273, 0.8402777777777778]]","[320, 318, 1403]",0.8125703660307191,"[0.8717948717948718, 0.6875, 0.8402777777777778]","[0.6156583629893239, 0.6608391608391608, 0.6775218427323273]","[0.564751621950192, 0.5353860858878952, 0.5798594847775176]","[0.37569060773480667, 0.2913907284768212, 0.36065573770491804]","[0.7597408522675426, 0.7198426573426573, 0.8472884123201836]",0.5599990642052016,0.5353860858878952,"[0.1351686716079712, 0.160735622048378, 0.704095721244812]","[0.5130257258812586, 0.4897457828124364, 0.48522073494063483]","[0.13696822242604362, 0.15977150549491245, 0.7032602734035915]","[0.15679322183132172, 0.1556689441204071, 0.6875378489494324]"
"{""run_name"": ""nhanes_pergroup_gdro"", ""seed"": 7, ""run_dir"": ""runs/gamma/g0.02_RegretDRO_s7"", ""use_nhanes"": true, ""num_classes"": 2, ""stratified_batching"": true, ""train_frac"": 0.8, ""use_post_pandemic"": true, ""data_split_seed"": 100, ""batch_size"": 128, ""num_workers"": 0, ""epochs"": 100, ""early_stopping_patience"": 25, ""lr"": 0.001, ""weight_decay"": 0.0001, ""optimizer"": ""adam"", ""grad_clip"": 1.0, ""lr_scheduler"": ""cosine"", ""lr_min"": 1e-05, ""latent_dim"": 64, ""head_hidden"": 32, ""common_encoder"": false, ""groups"": [{""name"": ""survey_only"", ""encoder"": ""mlp_tabular_ln"", ""input_dim"": 10, ""hidden_dim"": 64, ""dropout"": 0.1}, {""name"": ""exam"", ""encoder"": ""mlp_tabular_ln"", ""input_dim"": 13, ""hidden_dim"": 64, ""dropout"": 0.1}, {""name"": ""vitals_labs"", ""encoder"": ""mlp_tabular_ln"", ""input_dim"": 20, ""hidden_dim"": 64, ""dropout"": 0.1}], ""anchor_eps"": 0.0001, ""sep_samples_per_class"": 4, ""sep_method"": ""classifier"", ""sep_margin"": 1.0, ""lambda_fit"": 0.001, ""lambda_sep"": 0.001, ""groupdro_enabled"": true, ""groupdro_eta"": 0.02, ""groupdro_gamma"": 0.9, ""groupdro_update_mode"": ""exp"", ""groupdro_objective"": ""weighted"", ""groupdro_kl_lambda"": 0.0, ""groupdro_uniform_init"": false, ""log_interval"": 20, ""save_every"": 10, ""groupdro_ema_decay"": 0.9, ""groupdro_update_every"": 1, ""dro_signal"": ""val"", ""val_frac"": 0.15, ""use_regret"": true, ""optimal_losses"": [0.306561, 0.270789, 0.264331]}","{""num_groups"": 3, ""num_classes"": 2, ""train_total"": 11563, ""test_total"": 3401, ""train_group_counts"": [1813, 1800, 7950], ""test_group_counts"": [533, 530, 2338], ""train_class_counts"": [10348, 1215], ""test_class_counts"": [3043, 358], ""train_group_class_counts"": [[1595, 218], [1622, 178], [7131, 819]], ""test_group_class_counts"": [[469, 64], [477, 53], [2097, 241]], ""group_proportions"": [0.15679321975265934, 0.1556689440456629, 0.6875378362016777], ""group_names"": [""survey_only"", ""exam"", ""vitals_labs""], ""group_feature_counts"": {""0"": 10, ""1"": 13, ""2"": 20}, ""max_features"": 20, ""feature_mode"": ""nested"", ""val_total"": 2041}","{""num_groups"": 3, ""eta"": 0.02, ""update_mode"": ""exp"", ""robust_objective"": ""weighted"", ""gamma"": 0.9, ""kl_lambda"": 0.0, ""initial_pi"": [0.15679322183132172, 0.1556689441204071, 0.6875378489494324]}",2026-09-15T20:18:32.494801,8,0.48918048507637446,0.7111111111111111,0.001,0.6645104381064393,0.6523292289616062,0.5797373358348968,0.7018867924528301,0.6869836087420043,"[0.6869836087420043, 0.7337526205450734, 0.736395799571409]","[0.5797373358348968, 0.7018867924528301, 0.6753635585970915]","[0.6378909374091872, 0.49773740525893373, 0.5241424228304019]","[0.6473874465987512, 0.8100558659217877]","[[0.5458422174840085, 0.828125], [0.6939203354297694, 0.7735849056603774], [0.6595135908440629, 0.8132780082987552]]","[533, 530, 2338]",0.8029147397543956,"[0.828125, 0.7735849056603774, 0.8132780082987552]","[0.5458422174840085, 0.6939203354297694, 0.6595135908440629]","[0.5084321475625824, 0.5744918699186992, 0.5626271327430357]","[0.32121212121212117, 0.3416666666666667, 0.3405734144222416]","[0.7761693763326226, 0.7837901981725406, 0.8147145596257843]",0.5485170500747724,0.5084321475625824,0.6702596766291034,0.6471824330836438,0.609375,0.6906628652886672,0.6619318181818181,"[0.7444566110046538, 0.6619318181818181, 0.7569141073162122]","[0.609375, 0.6415094339622641, 0.6906628652886672]","[0.6450524741201662, 0.5659390163868548, 0.5047340459618134]","[0.6511500547645126, 0.8325581395348837]","[[0.5658362989323843, 0.9230769230769231], [0.6363636363636364, 0.6875], [0.6735504368546466, 0.8402777777777778]]","[320, 318, 1403]",0.814694719682111,"[0.9230769230769231, 0.6875, 0.8402777777777778]","[0.5658362989323843, 0.6363636363636364, 0.6735504368546466]","[0.5416575953065738, 0.5199936444044277, 0.5771161485679362]","[0.36548223350253806, 0.27848101265822783, 0.3579881656804734]","[0.7743407245186604, 0.7251966783216783, 0.8450103697820138]",0.5462557960929793,0.5199936444044277,"[0.13212667405605316, 0.15962480008602142, 0.7082484364509583]","[0.5077131162087123, 0.4796027017964257, 0.4798996130625407]","[0.13310863806141748, 0.16025912049743865, 0.7066322406133015]","[0.15679322183132172, 0.1556689441204071, 0.6875378489494324]"
"{""run_name"": ""nhanes_pergroup_gdro"", ""seed"": 7, ""run_dir"": ""runs/gamma/g0.02_RegretDRO_s7"", ""use_nhanes"": true, ""num_classes"": 2, ""stratified_batching"": true, ""train_frac"": 0.8, ""use_post_pandemic"": true, ""data_split_seed"": 100, ""batch_size"": 128, ""num_workers"": 0, ""epochs"": 100, ""early_stopping_patience"": 25, ""lr"": 0.001, ""weight_decay"": 0.0001, ""optimizer"": ""adam"", ""grad_clip"": 1.0, ""lr_scheduler"": ""cosine"", ""lr_min"": 1e-05, ""latent_dim"": 64, ""head_hidden"": 32, ""common_encoder"": false, ""groups"": [{""name"": ""survey_only"", ""encoder"": ""mlp_tabular_ln"", ""input_dim"": 10, ""hidden_dim"": 64, ""dropout"": 0.1}, {""name"": ""exam"", ""encoder"": ""mlp_tabular_ln"", ""input_dim"": 13, ""hidden_dim"": 64, ""dropout"": 0.1}, {""name"": ""vitals_labs"", ""encoder"": ""mlp_tabular_ln"", ""input_dim"": 20, ""hidden_dim"": 64, ""dropout"": 0.1}], ""anchor_eps"": 0.0001, ""sep_samples_per_class"": 4, ""sep_method"": ""classifier"", ""sep_margin"": 1.0, ""lambda_fit"": 0.001, ""lambda_sep"": 0.001, ""groupdro_enabled"": true, ""groupdro_eta"": 0.02, ""groupdro_gamma"": 0.9, ""groupdro_update_mode"": ""exp"", ""groupdro_objective"": ""weighted"", ""groupdro_kl_lambda"": 0.0, ""groupdro_uniform_init"": false, ""log_interval"": 20, ""save_every"": 10, ""groupdro_ema_decay"": 0.9, ""groupdro_update_every"": 1, ""dro_signal"": ""val"", ""val_frac"": 0.15, ""use_regret"": true, ""optimal_losses"": [0.306561, 0.270789, 0.264331]}","{""num_groups"": 3, ""num_classes"": 2, ""train_total"": 11563, ""test_total"": 3401, ""train_group_counts"": [1813, 1800, 7950], ""test_group_counts"": [533, 530, 2338], ""train_class_counts"": [10348, 1215], ""test_class_counts"": [3043, 358], ""train_group_class_counts"": [[1595, 218], [1622, 178], [7131, 819]], ""test_group_class_counts"": [[469, 64], [477, 53], [2097, 241]], ""group_proportions"": [0.15679321975265934, 0.1556689440456629, 0.6875378362016777], ""group_names"": [""survey_only"", ""exam"", ""vitals_labs""], ""group_feature_counts"": {""0"": 10, ""1"": 13, ""2"": 20}, ""max_features"": 20, ""feature_mode"": ""nested"", ""val_total"": 2041}","{""num_groups"": 3, ""eta"": 0.02, ""update_mode"": ""exp"", ""robust_objective"": ""weighted"", ""gamma"": 0.9, ""kl_lambda"": 0.0, ""initial_pi"": [0.15679322183132172, 0.1556689441204071, 0.6875378489494324]}",2026-09-15T20:18:32.494801,9,0.4911471936437819,0.7060763888888889,0.001,0.6956777418406351,0.6954665950157709,0.6772983114446529,0.7132075471698113,0.7221815031982942,"[0.7221815031982942, 0.7232704402515723, 0.744168215015721]","[0.6772983114446529, 0.7132075471698113, 0.6958939264328486]","[0.5207890042348016, 0.4747833267937168, 0.4942663929210474]","[0.6845218534341111, 0.7905027932960894]","[[0.6631130063965884, 0.78125], [0.710691823899371, 0.7358490566037735], [0.6833571769194087, 0.8049792531120332]]","[533, 530, 2338]",0.8015162558266339,"[0.78125, 0.7358490566037735, 0.8049792531120332]","[0.6631130063965884, 0.710691823899371, 0.6833571769194087]","[0.5755111868424951, 0.5779989523310634, 0.5771391533666079]","[0.36764705882352944, 0.33913043478260874, 0.35304822565969063]","[0.7848147654584221, 0.7785293303271231, 0.8140734540748786]",0.5768830975133888,0.5755111868424951,0.699657030867222,0.6856189790969038,0.6698113207547169,0.7120456165359943,0.6637893356643356,"[0.7376585454877269, 0.6637893356643356, 0.7596030800458917]","[0.675, 0.6698113207547169, 0.7120456165359943]","[0.5351744522973604, 0.5439822853219977, 0.47340695041892966]","[0.6883899233296824, 0.7953488372093023]","[[0.6548042704626335, 0.8205128205128205], [0.6713286713286714, 0.65625], [0.6997617156473391, 0.8194444444444444]]","[320, 318, 1403]",0.8097837438549121,"[0.8205128205128205, 0.65625, 0.8194444444444444]","[0.6548042704626335, 0.6713286713286714, 0.6997617156473391]","[0.5803066989507668, 0.5354951796669587, 0.5911155355493998]","[0.380952380952381, 0.2857142857142857, 0.36875]","[0.7666757915868236, 0.7255244755244755, 0.8453247727473302]",0.5689724713890417,0.5354951796669587,"[0.133634552359581, 0.15259605646133423, 0.7137693762779236]","[0.5222101642025841, 0.46827699922853044, 0.4836877375841141]","[0.13434175617165037, 0.15655027677615482, 0.7091079751650492]","[0.15679322183132172, 0.1556689441204071, 0.6875378489494324]"
"{""run_name"": ""nhanes_pergroup_gdro"", ""seed"": 7, ""run_dir"": ""runs/gamma/g0.02_RegretDRO_s7"", ""use_nhanes"": true, ""num_classes"": 2, ""stratified_batching"": true, ""train_frac"": 0.8, ""use_post_pandemic"": true, ""data_split_seed"": 100, ""batch_size"": 128, ""num_workers"": 0, ""epochs"": 100, ""early_stopping_patience"": 25, ""lr"": 0.001, ""weight_decay"": 0.0001, ""optimizer"": ""adam"", ""grad_clip"": 1.0, ""lr_scheduler"": ""cosine"", ""lr_min"": 1e-05, ""latent_dim"": 64, ""head_hidden"": 32, ""common_encoder"": false, ""groups"": [{""name"": ""survey_only"", ""encoder"": ""mlp_tabular_ln"", ""input_dim"": 10, ""hidden_dim"": 64, ""dropout"": 0.1}, {""name"": ""exam"", ""encoder"": ""mlp_tabular_ln"", ""input_dim"": 13, ""hidden_dim"": 64, ""dropout"": 0.1}, {""name"": ""vitals_labs"", ""encoder"": ""mlp_tabular_ln"", ""input_dim"": 20, ""hidden_dim"": 64, ""dropout"": 0.1}], ""anchor_eps"": 0.0001, ""sep_samples_per_class"": 4, ""sep_method"": ""classifier"", ""sep_margin"": 1.0, ""lambda_fit"": 0.001, ""lambda_sep"": 0.001, ""groupdro_enabled"": true, ""groupdro_eta"": 0.02, ""groupdro_gamma"": 0.9, ""groupdro_update_mode"": ""exp"", ""groupdro_objective"": ""weighted"", ""groupdro_kl_lambda"": 0.0, ""groupdro_uniform_init"": false, ""log_interval"": 20, ""save_every"": 10, ""groupdro_ema_decay"": 0.9, ""groupdro_update_every"": 1, ""dro_signal"": ""val"", ""val_frac"": 0.15, ""use_regret"": true, ""optimal_losses"": [0.306561, 0.270789, 0.264331]}","{""num_groups"": 3, ""num_classes"": 2, ""train_total"": 11563, ""test_total"": 3401, ""train_group_counts"": [1813, 1800, 7950], ""test_group_counts"": [533, 530, 2338], ""train_class_counts"": [10348, 1215], ""test_class_counts"": [3043, 358], ""train_group_class_counts"": [[1595, 218], [1622, 178], [7131, 819]], ""test_group_class_counts"": [[469, 64], [477, 53], [2097, 241]], ""group_proportions"": [0.15679321975265934, 0.1556689440456629, 0.6875378362016777], ""group_names"": [""survey_only"", ""exam"", ""vitals_labs""], ""group_feature_counts"": {""0"": 10, ""1"": 13, ""2"": 20}, ""max_features"": 20, ""feature_mode"": ""nested"", ""val_total"": 2041}","{""num_groups"": 3, ""eta"": 0.02, ""update_mode"": ""exp"", ""robust_objective"": ""weighted"", ""gamma"": 0.9, ""kl_lambda"": 0.0, ""initial_pi"": [0.15679322183132172, 0.1556689441204071, 0.6875378489494324]}",2026-09-15T20:18:32.494801,10,0.4778671668635474,0.71640625,0.001,0.6847985886503969,0.6791396962627442,0.6060037523452158,0.7415094339622641,0.7054507337526206,"[0.7086553837953091, 0.7054507337526206, 0.7261400894777562]","[0.6060037523452158, 0.7415094339622641, 0.6899059024807528]","[0.6261571268524841, 0.44498700354652443, 0.5128915421745877]","[0.6749917844232665, 0.7681564245810056]","[[0.5735607675906184, 0.84375], [0.750524109014675, 0.660377358490566], [0.6804959465903672, 0.7717842323651453]]","[533, 530, 2338]",0.7982538916131354,"[0.84375, 0.660377358490566, 0.7717842323651453]","[0.5735607675906184, 0.750524109014675, 0.6804959465903672]","[0.5294369892039149, 0.5887773190388003, 0.5682680520396122]","[0.33962264150943394, 0.3381642512077294, 0.3391066545123063]","[0.7855143923240938, 0.769392033542977, 0.8115881807047016]",0.5621607867607757,0.5294369892039149,0.6967172954434101,0.6843048355127004,0.621875,0.7232704402515723,0.6796328671328671,"[0.7515740487270737, 0.6796328671328671, 0.7633703997881918]","[0.621875, 0.7232704402515723, 0.7077690662865289]","[0.6327044462210324, 0.505196649338845, 0.49031965657773263]","[0.6823658269441402, 0.8186046511627907]","[[0.5800711743772242, 0.9230769230769231], [0.7342657342657343, 0.625], [0.69340746624305, 0.8333333333333334]]","[320, 318, 1403]",0.8105326167248273,"[0.9230769230769231, 0.625, 0.8333333333333334]","[0.5800711743772242, 0.7342657342657343, 0.69340746624305]","[0.5511817412572011, 0.5696358267716535, 0.5895318966747538]","[0.37305699481865284, 0.3125, 0.3692307692307692]","[0.7652158043617118, 0.7190777972027972, 0.843863074750684]",0.5701164882345361,0.5511817412572011,"[0.1302766352891922, 0.14694103598594666, 0.7227823138237]","[0.4979921978380945, 0.45054574327336416, 0.47518783377276524]","[0.13133943958414926, 0.15057181153032514, 0.7180887599786122]","[0.15679322183132172, 0.1556689441204071, 0.6875378489494324]"
"{""run_name"": ""nhanes_pergroup_gdro"", ""seed"": 7, ""run_dir"": ""runs/gamma/g0.02_RegretDRO_s7"", ""use_nhanes"": true, ""num_classes"": 2, ""stratified_batching"": true, ""train_frac"": 0.8, ""use_post_pandemic"": true, ""data_split_seed"": 100, ""batch_size"": 128, ""num_workers"": 0, ""epochs"": 100, ""early_stopping_patience"": 25, ""lr"": 0.001, ""weight_decay"": 0.0001, ""optimizer"": ""adam"", ""grad_clip"": 1.0, ""lr_scheduler"": ""cosine"", ""lr_min"": 1e-05, ""latent_dim"": 64, ""head_hidden"": 32, ""common_encoder"": false, ""groups"": [{""name"": ""survey_only"", ""encoder"": ""mlp_tabular_ln"", ""input_dim"": 10, ""hidden_dim"": 64, ""dropout"": 0.1}, {""name"": ""exam"", ""encoder"": ""mlp_tabular_ln"", ""input_dim"": 13, ""hidden_dim"": 64, ""dropout"": 0.1}, {""name"": ""vitals_labs"", ""encoder"": ""mlp_tabular_ln"", ""input_dim"": 20, ""hidden_dim"": 64, ""dropout"": 0.1}], ""anchor_eps"": 0.0001, ""sep_samples_per_class"": 4, ""sep_method"": ""classifier"", ""sep_margin"": 1.0, ""lambda_fit"": 0.001, ""lambda_sep"": 0.001, ""groupdro_enabled"": true, ""groupdro_eta"": 0.02, ""groupdro_gamma"": 0.9, ""groupdro_update_mode"": ""exp"", ""groupdro_objective"": ""weighted"", ""groupdro_kl_lambda"": 0.0, ""groupdro_uniform_init"": false, ""log_interval"": 20, ""save_every"": 10, ""groupdro_ema_decay"": 0.9, ""groupdro_update_every"": 1, ""dro_signal"": ""val"", ""val_frac"": 0.15, ""use_regret"": true, ""optimal_losses"": [0.306561, 0.270789, 0.264331]}","{""num_groups"": 3, ""num_classes"": 2, ""train_total"": 11563, ""test_total"": 3401, ""train_group_counts"": [1813, 1800, 7950], ""test_group_counts"": [533, 530, 2338], ""train_class_counts"": [10348, 1215], ""test_class_counts"": [3043, 358], ""train_group_class_counts"": [[1595, 218], [1622, 178], [7131, 819]], ""test_group_class_counts"": [[469, 64], [477, 53], [2097, 241]], ""group_proportions"": [0.15679321975265934, 0.1556689440456629, 0.6875378362016777], ""group_names"": [""survey_only"", ""exam"", ""vitals_labs""], ""group_feature_counts"": {""0"": 10, ""1"": 13, ""2"": 20}, ""max_features"": 20, ""feature_mode"": ""nested"", ""val_total"": 2041}","{""num_groups"": 3, ""eta"": 0.02, ""update_mode"": ""exp"", ""robust_objective"": ""weighted"", ""gamma"": 0.9, ""kl_lambda"": 0.0, ""initial_pi"": [0.15679322183132172, 0.1556689441204071, 0.6875378489494324]}",2026-09-15T20:18:32.494801,11,0.4769695440928141,0.7199652777777777,0.001,0.6715671861217289,0.6974114377758998,0.6488451668092386,0.7754716981132076,0.6907756813417191,"[0.7235974147121536, 0.6907756813417191, 0.738139052628038]","[0.6679174484052532, 0.7754716981132076, 0.6488451668092386]","[0.533351742959971, 0.3927809093223296, 0.5552191512252486]","[0.6562602694709169, 0.8016759776536313]","[[0.650319829424307, 0.796875], [0.7966457023060797, 0.5849056603773585], [0.625655698617072, 0.8506224066390041]]","[533, 530, 2338]",0.7928738362796197,"[0.796875, 0.5849056603773585, 0.8506224066390041]","[0.650319829424307, 0.7966457023060797, 0.625655698617072]","[0.5703433482258747, 0.6035801607803946, 0.5473730750955894]","[0.3655913978494623, 0.3425414364640884, 0.3330625507717303]","[0.7874133795309168, 0.7661880463589257, 0.8123203074140691]",0.5737655280339529,0.5473730750955894,0.6761391474767271,0.6912708719037224,0.659375,0.7515723270440252,0.6537368881118881,"[0.728761748334702, 0.6537368881118881, 0.7506508692966198]","[0.659375, 0.7515723270440252, 0.6628652886671419]","[0.5492300693336801, 0.44297614086305126, 0.5379331319679852]","[0.6610076670317634, 0.8046511627906977]","[[0.6370106761565836, 0.8205128205128205], [0.7762237762237763, 0.53125], [0.6401906274821286, 0.8611111111111112]]","[320, 318, 1403]",0.801523217606154,"[0.8205128205128205, 0.53125, 0.8611111111111112]","[0.6370106761565836, 0.7762237762237763, 0.6401906274821286]","[0.5682687428055104, 0.5749166652566033, 0.5585540998546517]","[0.3699421965317919, 0.30088495575221236, 0.3439667128987517]","[0.7661282963774066, 0.7180944055944056, 0.840520474803636]",0.5672465026389218,0.5585540998546517,"[0.1285790652036667, 0.14388224482536316, 0.7275386452674866]","[0.4994443381826083, 0.4599366068840027, 0.4741701506906085]","[0.13094511379798254, 0.14686501539415783, 0.7221898674964905]","[0.15679322183132172, 0.1556689441204071, 0.6875378489494324]"
"{""run_name"": ""nhanes_pergroup_gdro"", ""seed"": 7, ""run_dir"": ""runs/gamma/g0.02_RegretDRO_s7"", ""use_nhanes"": true, ""num_classes"": 2, ""stratified_batching"": true, ""train_frac"": 0.8, ""use_post_pandemic"": true, ""data_split_seed"": 100, ""batch_size"": 128, ""num_workers"": 0, ""epochs"": 100, ""early_stopping_patience"": 25, ""lr"": 0.001, ""weight_decay"": 0.0001, ""optimizer"": ""adam"", ""grad_clip"": 1.0, ""lr_scheduler"": ""cosine"", ""lr_min"": 1e-05, ""latent_dim"": 64, ""head_hidden"": 32, ""common_encoder"": false, ""groups"": [{""name"": ""survey_only"", ""encoder"": ""mlp_tabular_ln"", ""input_dim"": 10, ""hidden_dim"": 64, ""dropout"": 0.1}, {""name"": ""exam"", ""encoder"": ""mlp_tabular_ln"", ""input_dim"": 13, ""hidden_dim"": 64, ""dropout"": 0.1}, {""name"": ""vitals_labs"", ""encoder"": ""mlp_tabular_ln"", ""input_dim"": 20, ""hidden_dim"": 64, ""dropout"": 0.1}], ""anchor_eps"": 0.0001, ""sep_samples_per_class"": 4, ""sep_method"": ""classifier"", ""sep_margin"": 1.0, ""lambda_fit"": 0.001, ""lambda_sep"": 0.001, ""groupdro_enabled"": true, ""groupdro_eta"": 0.02, ""groupdro_gamma"": 0.9, ""groupdro_update_mode"": ""exp"", ""groupdro_objective"": ""weighted"", ""groupdro_kl_lambda"": 0.0, ""groupdro_uniform_init"": false, ""log_interval"": 20, ""save_every"": 10, ""groupdro_ema_decay"": 0.9, ""groupdro_update_every"": 1, ""dro_signal"": ""val"", ""val_frac"": 0.15, ""use_regret"": true, ""optimal_losses"": [0.306561, 0.270789, 0.264331]}","{""num_groups"": 3, ""num_classes"": 2, ""train_total"": 11563, ""test_total"": 3401, ""train_group_counts"": [1813, 1800, 7950], ""test_group_counts"": [533, 530, 2338], ""train_class_counts"": [10348, 1215], ""test_class_counts"": [3043, 358], ""train_group_class_counts"": [[1595, 218], [1622, 178], [7131, 819]], ""test_group_class_counts"": [[469, 64], [477, 53], [2097, 241]], ""group_proportions"": [0.15679321975265934, 0.1556689440456629, 0.6875378362016777], ""group_names"": [""survey_only"", ""exam"", ""vitals_labs""], ""group_feature_counts"": {""0"": 10, ""1"": 13, ""2"": 20}, ""max_features"": 20, ""feature_mode"": ""nested"", ""val_total"": 2041}","{""num_groups"": 3, ""eta"": 0.02, ""update_mode"": ""exp"", ""robust_objective"": ""weighted"", ""gamma"": 0.9, ""kl_lambda"": 0.0, ""initial_pi"": [0.15679322183132172, 0.1556689441204071, 0.6875378489494324]}",2026-09-15T20:18:32.494801,12,0.4725645595126682,0.7142361111111111,0.001,0.6774478094678036,0.671663286051353,0.6172607879924953,0.7150943396226415,0.7083055703624733,"[0.7083055703624733, 0.7327044025157232, 0.7220866798449475]","[0.6172607879924953, 0.7150943396226415, 0.6826347305389222]","[0.6285502362234507, 0.48988085931879777, 0.5065505982390727]","[0.6654617154124219, 0.7793296089385475]","[[0.5884861407249466, 0.828125], [0.710691823899371, 0.7547169811320755], [0.6723891273247496, 0.7717842323651453]]","[533, 530, 2338]",0.7967181754259709,"[0.828125, 0.7547169811320755, 0.7717842323651453]","[0.5884861407249466, 0.710691823899371, 0.6723891273247496]","[0.536047107014849, 0.5820865905304988, 0.5628109195709348]","[0.3419354838709678, 0.3463203463203463, 0.3339317773788151]","[0.7800173240938166, 0.772754242316364, 0.8080027385496372]",0.5603148723720942,0.536047107014849,0.6805487506124449,0.6529758222497165,0.6125,0.7049180327868853,0.6341783216783217,"[0.7351948170453508, 0.6341783216783217, 0.7679320007060277]","[0.6125, 0.6415094339622641, 0.7049180327868853]","[0.6367199732074369, 0.5646647592690194, 0.4837528032048075]","[0.6637458926615553, 0.8232558139534883]","[[0.5729537366548043, 0.8974358974358975], [0.6433566433566433, 0.625], [0.6886417791898332, 0.8472222222222222]]","[320, 318, 1403]",0.8079192032400215,"[0.8974358974358975, 0.625, 0.8472222222222222]","[0.5729537366548043, 0.6433566433566433, 0.6886417791898332]","[0.5413989182192225, 0.5116128684593415, 0.5890416192627057]","[0.36082474226804123, 0.2597402597402597, 0.3708206686930091]","[0.7640295647413085, 0.7189685314685315, 0.84136991439414]",0.5473511353137566,0.5116128684593415,"[0.12971347570419312, 0.13918165862560272, 0.7311049103736877]","[0.5180242157644696, 0.45307103395462034, 0.47004336052470735]","[0.12848910606569713, 0.14310740679502487, 0.7284034940931532]","[0.15679322183132172, 0.1556689441204071, 0.6875378489494324]"
"{""run_name"": ""nhanes_pergroup_gdro"", ""seed"": 7, ""run_dir"": ""runs/gamma/g0.02_RegretDRO_s7"", ""use_nhanes"": true, ""num_classes"": 2, ""stratified_batching"": true, ""train_frac"": 0.8, ""use_post_pandemic"": true, ""data_split_seed"": 100, ""batch_size"": 128, ""num_workers"": 0, ""epochs"": 100, ""early_stopping_patience"": 25, ""lr"": 0.001, ""weight_decay"": 0.0001, ""optimizer"": ""adam"", ""grad_clip"": 1.0, ""lr_scheduler"": ""cosine"", ""lr_min"": 1e-05, ""latent_dim"": 64, ""head_hidden"": 32, ""common_encoder"": false, ""groups"": [{""name"": ""survey_only"", ""encoder"": ""mlp_tabular_ln"", ""input_dim"": 10, ""hidden_dim"": 64, ""dropout"": 0.1}, {""name"": ""exam"", ""encoder"": ""mlp_tabular_ln"", ""input_dim"": 13, ""hidden_dim"": 64, ""dropout"": 0.1}, {""name"": ""vitals_labs"", ""encoder"": ""mlp_tabular_ln"", ""input_dim"": 20, ""hidden_dim"": 64, ""dropout"": 0.1}], ""anchor_eps"": 0.0001, ""sep_samples_per_class"": 4, ""sep_method"": ""classifier"", ""sep_margin"": 1.0, ""lambda_fit"": 0.001, ""lambda_sep"": 0.001, ""groupdro_enabled"": true, ""groupdro_eta"": 0.02, ""groupdro_gamma"": 0.9, ""groupdro_update_mode"": ""exp"", ""groupdro_objective"": ""weighted"", ""groupdro_kl_lambda"": 0.0, ""groupdro_uniform_init"": false, ""log_interval"": 20, ""save_every"": 10, ""groupdro_ema_decay"": 0.9, ""groupdro_update_every"": 1, ""dro_signal"": ""val"", ""val_frac"": 0.15, ""use_regret"": true, ""optimal_losses"": [0.306561, 0.270789, 0.264331]}","{""num_groups"": 3, ""num_classes"": 2, ""train_total"": 11563, ""test_total"": 3401, ""train_group_counts"": [1813, 1800, 7950], ""test_group_counts"": [533, 530, 2338], ""train_class_counts"": [10348, 1215], ""test_class_counts"": [3043, 358], ""train_group_class_counts"": [[1595, 218], [1622, 178], [7131, 819]], ""test_group_class_counts"": [[469, 64], [477, 53], [2097, 241]], ""group_proportions"": [0.15679321975265934, 0.1556689440456629, 0.6875378362016777], ""group_names"": [""survey_only"", ""exam"", ""vitals_labs""], ""group_feature_counts"": {""0"": 10, ""1"": 13, ""2"": 20}, ""max_features"": 20, ""feature_mode"": ""nested"", ""val_total"": 2041}","{""num_groups"": 3, ""eta"": 0.02, ""update_mode"": ""exp"", ""robust_objective"": ""weighted"", ""gamma"": 0.9, ""kl_lambda"": 0.0, ""initial_pi"": [0.15679322183132172, 0.1556689441204071, 0.6875378489494324]}",2026-09-15T20:18:32.494801,13,0.46887237826983136,0.7213541666666666,0.001,0.7189062040576301,0.6976057836638562,0.6153846153846154,0.7396226415094339,0.6960167714884695,"[0.7139858742004264, 0.6960167714884695, 0.7253011118432378]","[0.6153846153846154, 0.7396226415094339, 0.7378100940975193]","[0.6160761343001162, 0.4442192977199876, 0.43524699110572723]","[0.7183700295760762, 0.723463687150838]","[[0.5842217484008528, 0.84375], [0.750524109014675, 0.6415094339622641], [0.7410586552217453, 0.7095435684647303]]","[533, 530, 2338]",0.7961871462482811,"[0.84375, 0.6415094339622641, 0.7095435684647303]","[0.5842217484008528, 0.750524109014675, 0.7410586552217453]","[0.5364017837064945, 0.5842522907619199, 0.5966872610667345]","[0.3450479233226837, 0.33009708737864074, 0.3581151832460733]","[0.7810001332622601, 0.7603734029508326, 0.81094509643296]",0.5724471118450496,0.5364017837064945,0.7236648701616855,0.6917042004180919,0.61875,0.751960085531005,0.6552666083916083,"[0.7497946892964686, 0.6552666083916083, 0.7603173815197246]","[0.61875, 0.7044025157232704, 0.751960085531005]","[0.6255836981545144, 0.49775620159376766, 0.4125757030247815]","[0.7179627601314348, 0.772093023255814]","[[0.5765124555160143, 0.9230769230769231], [0.7167832167832168, 0.59375], [0.749801429706116, 0.7708333333333334]]","[320, 318, 1403]",0.812611121016837,"[0.9230769230769231, 0.59375, 0.7708333333333334]","[0.5765124555160143, 0.7167832167832168, 0.749801429706116]","[0.5487957098608478, 0.5506854256854258, 0.6169193107993598]","[0.3711340206185567, 0.2878787878787879, 0.3894736842105263]","[0.7656720503695592, 0.7163461538461539, 0.8464665519371636]",0.5721334821152112,0.5487957098608478,"[0.12706415355205536, 0.1329609602689743, 0.7399749159812927]","[0.49797353214687773, 0.4563612096839481, 0.4731813487079408]","[0.12772014306651222, 0.13478183481428357, 0.7374980171521505]","[0.15679322183132172, 0.1556689441204071, 0.6875378489494324]"
"{""run_name"": ""nhanes_pergroup_gdro"", ""seed"": 7, ""run_dir"": ""runs/gamma/g0.02_RegretDRO_s7"", ""use_nhanes"": true, ""num_classes"": 2, ""stratified_batching"": true, ""train_frac"": 0.8, ""use_post_pandemic"": true, ""data_split_seed"": 100, ""batch_size"": 128, ""num_workers"": 0, ""epochs"": 100, ""early_stopping_patience"": 25, ""lr"": 0.001, ""weight_decay"": 0.0001, ""optimizer"": ""adam"", ""grad_clip"": 1.0, ""lr_scheduler"": ""cosine"", ""lr_min"": 1e-05, ""latent_dim"": 64, ""head_hidden"": 32, ""common_encoder"": false, ""groups"": [{""name"": ""survey_only"", ""encoder"": ""mlp_tabular_ln"", ""input_dim"": 10, ""hidden_dim"": 64, ""dropout"": 0.1}, {""name"": ""exam"", ""encoder"": ""mlp_tabular_ln"", ""input_dim"": 13, ""hidden_dim"": 64, ""dropout"": 0.1}, {""name"": ""vitals_labs"", ""encoder"": ""mlp_tabular_ln"", ""input_dim"": 20, ""hidden_dim"": 64, ""dropout"": 0.1}], ""anchor_eps"": 0.0001, ""sep_samples_per_class"": 4, ""sep_method"": ""classifier"", ""sep_margin"": 1.0, ""lambda_fit"": 0.001, ""lambda_sep"": 0.001, ""groupdro_enabled"": true, ""groupdro_eta"": 0.02, ""groupdro_gamma"": 0.9, ""groupdro_update_mode"": ""exp"", ""groupdro_objective"": ""weighted"", ""groupdro_kl_lambda"": 0.0, ""groupdro_uniform_init"": false, ""log_interval"": 20, ""save_every"": 10, ""groupdro_ema_decay"": 0.9, ""groupdro_update_every"": 1, ""dro_signal"": ""val"", ""val_frac"": 0.15, ""use_regret"": true, ""optimal_losses"": [0.306561, 0.270789, 0.264331]}","{""num_groups"": 3, ""num_classes"": 2, ""train_total"": 11563, ""test_total"": 3401, ""train_group_counts"": [1813, 1800, 7950], ""test_group_counts"": [533, 530, 2338], ""train_class_counts"": [10348, 1215], ""test_class_counts"": [3043, 358], ""train_group_class_counts"": [[1595, 218], [1622, 178], [7131, 819]], ""test_group_class_counts"": [[469, 64], [477, 53], [2097, 241]], ""group_proportions"": [0.15679321975265934, 0.1556689440456629, 0.6875378362016777], ""group_names"": [""survey_only"", ""exam"", ""vitals_labs""], ""group_feature_counts"": {""0"": 10, ""1"": 13, ""2"": 20}, ""max_features"": 20, ""feature_mode"": ""nested"", ""val_total"": 2041}","{""num_groups"": 3, ""eta"": 0.02, ""update_mode"": ""exp"", ""robust_objective"": ""weighted"", ""gamma"": 0.9, ""kl_lambda"": 0.0, ""initial_pi"": [0.15679322183132172, 0.1556689441204071, 0.6875378489494324]}",2026-09-15T20:18:32.494801,14,0.45421346061759527,0.7222222222222222,0.001,0.7200823287268451,0.7102784029549918,0.6454033771106942,0.7566037735849057,0.6886792452830188,"[0.710804237739872, 0.6886792452830188, 0.7184577058314883]","[0.6454033771106942, 0.7566037735849057, 0.7288280581693756]","[0.5546181497914764, 0.40833192194687346, 0.4437220144261653]","[0.7216562602694709, 0.7067039106145251]","[[0.6247334754797441, 0.796875], [0.7735849056603774, 0.6037735849056604], [0.7315212207916071, 0.7053941908713693]]","[533, 530, 2338]",0.7923634607864557,"[0.796875, 0.6037735849056604, 0.7053941908713693]","[0.6247334754797441, 0.7735849056603774, 0.7315212207916071]","[0.5533222480877952, 0.5914086451404701, 0.5889085981604926]","[0.3505154639175258, 0.3316062176165803, 0.3490759753593429]","[0.7739538912579957, 0.7600965151694947, 0.8107769051618889]",0.5778798304629192,0.5533222480877952,0.7290543851053405,0.7161457469468688,0.646875,0.7610062893081762,0.6867351398601398,"[0.7437266173920978, 0.6867351398601398, 0.7416628055776189]","[0.646875, 0.7610062893081762, 0.7405559515324305]","[0.556746798380027, 0.45895167662339825, 0.42445028035610904]","[0.7272727272727273, 0.7441860465116279]","[[0.6156583629893239, 0.8717948717948718], [0.7797202797202797, 0.59375], [0.7402700555996823, 0.7430555555555556]]","[320, 318, 1403]",0.806218956162918,"[0.8717948717948718, 0.59375, 0.7430555555555556]","[0.6156583629893239, 0.7797202797202797, 0.7402700555996823]","[0.564751621950192, 0.5938697318007663, 0.6034334950581774]","[0.37569060773480667, 0.3333333333333333, 0.3702422145328719]","[0.7673601605985948, 0.7155812937062938, 0.8425337569499602]",0.587351616269712,0.564751621950192,"[0.12456212937831879, 0.12775377929210663, 0.7476840615272522]","[0.49304275115331014, 0.4407105526990361, 0.46920075913270315]","[0.12586493740479152, 0.13155148608816994, 0.7425835755136277]","[0.15679322183132172, 0.1556689441204071, 0.6875378489494324]"
"{""run_name"": ""nhanes_pergroup_gdro"", ""seed"": 7, ""run_dir"": ""runs/gamma/g0.02_RegretDRO_s7"", ""use_nhanes"": true, ""num_classes"": 2, ""stratified_batching"": true, ""train_frac"": 0.8, ""use_post_pandemic"": true, ""data_split_seed"": 100, ""batch_size"": 128, ""num_workers"": 0, ""epochs"": 100, ""early_stopping_patience"": 25, ""lr"": 0.001, ""weight_decay"": 0.0001, ""optimizer"": ""adam"", ""grad_clip"": 1.0, ""lr_scheduler"": ""cosine"", ""lr_min"": 1e-05, ""latent_dim"": 64, ""head_hidden"": 32, ""common_encoder"": false, ""groups"": [{""name"": ""survey_only"", ""encoder"": ""mlp_tabular_ln"", ""input_dim"": 10, ""hidden_dim"": 64, ""dropout"": 0.1}, {""name"": ""exam"", ""encoder"": ""mlp_tabular_ln"", ""input_dim"": 13, ""hidden_dim"": 64, ""dropout"": 0.1}, {""name"": ""vitals_labs"", ""encoder"": ""mlp_tabular_ln"", ""input_dim"": 20, ""hidden_dim"": 64, ""dropout"": 0.1}], ""anchor_eps"": 0.0001, ""sep_samples_per_class"": 4, ""sep_method"": ""classifier"", ""sep_margin"": 1.0, ""lambda_fit"": 0.001, ""lambda_sep"": 0.001, ""groupdro_enabled"": true, ""groupdro_eta"": 0.02, ""groupdro_gamma"": 0.9, ""groupdro_update_mode"": ""exp"", ""groupdro_objective"": ""weighted"", ""groupdro_kl_lambda"": 0.0, ""groupdro_uniform_init"": false, ""log_interval"": 20, ""save_every"": 10, ""groupdro_ema_decay"": 0.9, ""groupdro_update_every"": 1, ""dro_signal"": ""val"", ""val_frac"": 0.15, ""use_regret"": true, ""optimal_losses"": [0.306561, 0.270789, 0.264331]}","{""num_groups"": 3, ""num_classes"": 2, ""train_total"": 11563, ""test_total"": 3401, ""train_group_counts"": [1813, 1800, 7950], ""test_group_counts"": [533, 530, 2338], ""train_class_counts"": [10348, 1215], ""test_class_counts"": [3043, 358], ""train_group_class_counts"": [[1595, 218], [1622, 178], [7131, 819]], ""test_group_class_counts"": [[469, 64], [477, 53], [2097, 241]], ""group_proportions"": [0.15679321975265934, 0.1556689440456629, 0.6875378362016777], ""group_names"": [""survey_only"", ""exam"", ""vitals_labs""], ""group_feature_counts"": {""0"": 10, ""1"": 13, ""2"": 20}, ""max_features"": 20, ""feature_mode"": ""nested"", ""val_total"": 2041}","{""num_groups"": 3, ""eta"": 0.02, ""update_mode"": ""exp"", ""robust_objective"": ""weighted"", ""gamma"": 0.9, ""kl_lambda"": 0.0, ""initial_pi"": [0.15679322183132172, 0.1556689441204071, 0.6875378489494324]}",2026-09-15T20:18:32.494801,15,0.4279264878895548,0.7293402777777778,0.001,0.6889150249926492,0.687902248329484,0.6285178236397748,0.7452830188679245,0.69916142557652,"[0.7012093550106611, 0.69916142557652, 0.7389938600292455]","[0.6285178236397748, 0.7452830188679245, 0.6899059024807528]","[0.5808942363946152, 0.43572589435141296, 0.5332680215852798]","[0.6786066381860006, 0.776536312849162]","[[0.605543710021322, 0.796875], [0.7568134171907757, 0.6415094339622641], [0.6771578445398188, 0.8008298755186722]]","[533, 530, 2338]",0.7897620144777739,"[0.796875, 0.6415094339622641, 0.8008298755186722]","[0.605543710021322, 0.7568134171907757, 0.6771578445398188]","[0.540757180156658, 0.5887245575411993, 0.5720343422841583]","[0.34, 0.334975369458128, 0.34743474347434744]","[0.7761527185501066, 0.7547960919267434, 0.8095995662643928]",0.5671720266606718,0.540757180156658,0.6903478686918177,0.6803793785329729,0.634375,0.7075471698113207,0.6570148601398602,"[0.7366091796696779, 0.6570148601398602, 0.7586047127349749]","[0.634375, 0.7075471698113207, 0.699215965787598]","[0.5794539405997966, 0.5045677169534354, 0.5143031865262598]","[0.6768893756845564, 0.8046511627906977]","[[0.6014234875444839, 0.8717948717948718], [0.7202797202797203, 0.59375], [0.6838760921366164, 0.8333333333333334]]","[320, 318, 1403]",0.8057158868030262,"[0.8717948717948718, 0.59375, 0.8333333333333334]","[0.6014234875444839, 0.7202797202797203, 0.6838760921366164]","[0.5552123552123552, 0.5529589600181393, 0.5828547030707489]","[0.36756756756756753, 0.2900763358778626, 0.36253776435045315]","[0.7730632356966876, 0.7033435314685316, 0.8447014826581943]",0.5636753394337478,0.5529589600181393,"[0.12377434223890305, 0.123571015894413, 0.7526546120643616]","[0.49887458317809635, 0.4480104363626904, 0.45780094431506263]","[0.12408823097745578, 0.1250945003496276, 0.750817272398207]","[0.15679322183132172, 0.1556689441204071, 0.6875378489494324]"
"{""run_name"": ""nhanes_pergroup_gdro"", ""seed"": 7, ""run_dir"": ""runs/gamma/g0.02_RegretDRO_s7"", ""use_nhanes"": true, ""num_classes"": 2, ""stratified_batching"": true, ""train_frac"": 0.8, ""use_post_pandemic"": true, ""data_split_seed"": 100, ""batch_size"": 128, ""num_workers"": 0, ""epochs"": 100, ""early_stopping_patience"": 25, ""lr"": 0.001, ""weight_decay"": 0.0001, ""optimizer"": ""adam"", ""grad_clip"": 1.0, ""lr_scheduler"": ""cosine"", ""lr_min"": 1e-05, ""latent_dim"": 64, ""head_hidden"": 32, ""common_encoder"": false, ""groups"": [{""name"": ""survey_only"", ""encoder"": ""mlp_tabular_ln"", ""input_dim"": 10, ""hidden_dim"": 64, ""dropout"": 0.1}, {""name"": ""exam"", ""encoder"": ""mlp_tabular_ln"", ""input_dim"": 13, ""hidden_dim"": 64, ""dropout"": 0.1}, {""name"": ""vitals_labs"", ""encoder"": ""mlp_tabular_ln"", ""input_dim"": 20, ""hidden_dim"": 64, ""dropout"": 0.1}], ""anchor_eps"": 0.0001, ""sep_samples_per_class"": 4, ""sep_method"": ""classifier"", ""sep_margin"": 1.0, ""lambda_fit"": 0.001, ""lambda_sep"": 0.001, ""groupdro_enabled"": true, ""groupdro_eta"": 0.02, ""groupdro_gamma"": 0.9, ""groupdro_update_mode"": ""exp"", ""groupdro_objective"": ""weighted"", ""groupdro_kl_lambda"": 0.0, ""groupdro_uniform_init"": false, ""log_interval"": 20, ""save_every"": 10, ""groupdro_ema_decay"": 0.9, ""groupdro_update_every"": 1, ""dro_signal"": ""val"", ""val_frac"": 0.15, ""use_regret"": true, ""optimal_losses"": [0.306561, 0.270789, 0.264331]}","{""num_groups"": 3, ""num_classes"": 2, ""train_total"": 11563, ""test_total"": 3401, ""train_group_counts"": [1813, 1800, 7950], ""test_group_counts"": [533, 530, 2338], ""train_class_counts"": [10348, 1215], ""test_class_counts"": [3043, 358], ""train_group_class_counts"": [[1595, 218], [1622, 178], [7131, 819]], ""test_group_class_counts"": [[469, 64], [477, 53], [2097, 241]], ""group_proportions"": [0.15679321975265934, 0.1556689440456629, 0.6875378362016777], ""group_names"": [""survey_only"", ""exam"", ""vitals_labs""], ""group_feature_counts"": {""0"": 10, ""1"": 13, ""2"": 20}, ""max_features"": 20, ""feature_mode"": ""nested"", ""val_total"": 2041}","{""num_groups"": 3, ""eta"": 0.02, ""update_mode"": ""exp"", ""robust_objective"": ""weighted"", ""gamma"": 0.9, ""kl_lambda"": 0.0, ""initial_pi"": [0.15679322183132172, 0.1556689441204071, 0.6875378489494324]}",2026-09-15T20:18:32.494801,16,0.38720314221249685,0.7263888888888889,0.001,0.6959717730079389,0.7327366607616049,0.6633875106928999,0.8480300187617261,0.5628331556503199,"[0.5628331556503199, 0.7169811320754718, 0.7333921013421663]","[0.8480300187617261, 0.6867924528301886, 0.6633875106928999]","[0.3756453782882319, 0.49736168602542435, 0.5774787052239959]","[0.695695037791653, 0.6983240223463687]","[[0.9381663113006397, 0.1875], [0.6792452830188679, 0.7547169811320755], [0.6452074391988555, 0.8215767634854771]]","[533, 530, 2338]",0.7768328079647951,"[0.1875, 0.7547169811320755, 0.8215767634854771]","[0.9381663113006397, 0.6792452830188679, 0.6452074391988555]","[0.5721421138694812, 0.5606360240506582, 0.5547172112610682]","[0.22857142857142856, 0.3252032520325203, 0.3347421808960271]","[0.7712553304904052, 0.761124955500178, 0.8079176535536836]",0.5624984497270692,0.5547172112610682,0.698187163155316,0.7202202509297985,0.6383647798742138,0.84375,0.5797974267725158,"[0.5797974267725158, 0.6740603146853147, 0.7686132071308799]","[0.84375, 0.6383647798742138, 0.6785459729151817]","[0.37647558505101414, 0.5785354738351695, 0.5524210928316258]","[0.6933187294633077, 0.7395348837209302]","[[0.9288256227758007, 0.23076923076923078], [0.6293706293706294, 0.71875], [0.6552819698173153, 0.8819444444444444]]","[320, 318, 1403]",0.7941478387121426,"[0.23076923076923078, 0.71875, 0.8819444444444444]","[0.9288256227758007, 0.6293706293706294, 0.6552819698173153]","[0.5886466474701769, 0.5218045112781955, 0.5728120010396941]","[0.2647058823529412, 0.28571428571428575, 0.36028368794326243]","[0.7647139337530797, 0.7039991258741259, 0.8472277380637191]",0.5610877199293555,0.5218045112781955,"[0.12858764827251434, 0.11869054287672043, 0.7527218461036682]","[0.5138140267795986, 0.4318311113450262, 0.45152450700600943]","[0.1264414180484083, 0.12010858464572165, 0.7534500062465668]","[0.15679322183132172, 0.1556689441204071, 0.6875378489494324]"
"{""run_name"": ""nhanes_pergroup_gdro"", ""seed"": 7, ""run_dir"": ""runs/gamma/g0.02_RegretDRO_s7"", ""use_nhanes"": true, ""num_classes"": 2, ""stratified_batching"": true, ""train_frac"": 0.8, ""use_post_pandemic"": true, ""data_split_seed"": 100, ""batch_size"": 128, ""num_workers"": 0, ""epochs"": 100, ""early_stopping_patience"": 25, ""lr"": 0.001, ""weight_decay"": 0.0001, ""optimizer"": ""adam"", ""grad_clip"": 1.0, ""lr_scheduler"": ""cosine"", ""lr_min"": 1e-05, ""latent_dim"": 64, ""head_hidden"": 32, ""common_encoder"": false, ""groups"": [{""name"": ""survey_only"", ""encoder"": ""mlp_tabular_ln"", ""input_dim"": 10, ""hidden_dim"": 64, ""dropout"": 0.1}, {""name"": ""exam"", ""encoder"": ""mlp_tabular_ln"", ""input_dim"": 13, ""hidden_dim"": 64, ""dropout"": 0.1}, {""name"": ""vitals_labs"", ""encoder"": ""mlp_tabular_ln"", ""input_dim"": 20, ""hidden_dim"": 64, ""dropout"": 0.1}], ""anchor_eps"": 0.0001, ""sep_samples_per_class"": 4, ""sep_method"": ""classifier"", ""sep_margin"": 1.0, ""lambda_fit"": 0.001, ""lambda_sep"": 0.001, ""groupdro_enabled"": true, ""groupdro_eta"": 0.02, ""groupdro_gamma"": 0.9, ""groupdro_update_mode"": ""exp"", ""groupdro_objective"": ""weighted"", ""groupdro_kl_lambda"": 0.0, ""groupdro_uniform_init"": false, ""log_interval"": 20, ""save_every"": 10, ""groupdro_ema_decay"": 0.9, ""groupdro_update_every"": 1, ""dro_signal"": ""val"", ""val_frac"": 0.15, ""use_regret"": true, ""optimal_losses"": [0.306561, 0.270789, 0.264331]}","{""num_groups"": 3, ""num_classes"": 2, ""train_total"": 11563, ""test_total"": 3401, ""train_group_counts"": [1813, 1800, 7950], ""test_group_counts"": [533, 530, 2338], ""train_class_counts"": [10348, 1215], ""test_class_counts"": [3043, 358], ""train_group_class_counts"": [[1595, 218], [1622, 178], [7131, 819]], ""test_group_class_counts"": [[469, 64], [477, 53], [2097, 241]], ""group_proportions"": [0.15679321975265934, 0.1556689440456629, 0.6875378362016777], ""group_names"": [""survey_only"", ""exam"", ""vitals_labs""], ""group_feature_counts"": {""0"": 10, ""1"": 13, ""2"": 20}, ""max_features"": 20, ""feature_mode"": ""nested"", ""val_total"": 2041}","{""num_groups"": 3, ""eta"": 0.02, ""update_mode"": ""exp"", ""robust_objective"": ""weighted"", ""gamma"": 0.9, ""kl_lambda"": 0.0, ""initial_pi"": [0.15679322183132172, 0.1556689441204071, 0.6875378489494324]}",2026-09-15T20:18:32.494801,17,0.3533528831270006,0.7159722222222222,0.001,0.716847985886504,0.7082202122004708,0.6472795497185742,0.7528301886792453,0.7033542976939203,"[0.718616737739872, 0.7033542976939203, 0.7215821060317347]","[0.6472795497185742, 0.7528301886792453, 0.7245508982035929]","[0.5525455658234267, 0.4334892675538799, 0.46073379107239504]","[0.7160696680906999, 0.723463687150838]","[[0.6247334754797441, 0.8125], [0.7651991614255765, 0.6415094339622641], [0.7253218884120172, 0.7178423236514523]]","[533, 530, 2338]",0.7932575358410272,"[0.8125, 0.6415094339622641, 0.7178423236514523]","[0.6247334754797441, 0.7651991614255765, 0.7253218884120172]","[0.5566351633570493, 0.5947799391848908, 0.587389905566791]","[0.3561643835616438, 0.3417085427135678, 0.3494949494949495]","[0.7723547441364605, 0.7597800719908231, 0.8112221173500178]",0.579601669369577,0.5566351633570493,0.7197452229299363,0.7003024179991661,0.6375,0.736992159657876,0.6536276223776224,"[0.7163062323204672, 0.6536276223776224, 0.7519774291765953]","[0.6375, 0.7264150943396226, 0.736992159657876]","[0.5560135525574879, 0.49973987576225876, 0.4394081420620296]","[0.7163198247535597, 0.7488372093023256]","[[0.6120996441281139, 0.8205128205128205], [0.7447552447552448, 0.5625], [0.7331215250198571, 0.7708333333333334]]","[320, 318, 1403]",0.8090144934919382,"[0.8205128205128205, 0.5625, 0.7708333333333334]","[0.6120996441281139, 0.7447552447552448, 0.7331215250198571]","[0.5516908212560386, 0.5615461417772072, 0.6045215478223007]","[0.3555555555555555, 0.2926829268292683, 0.3756345177664974]","[0.7677707820056575, 0.7144886363636364, 0.8454516371017563]",0.5725861702851822,0.5516908212560386,"[0.1302952766418457, 0.11030126363039017, 0.7594034075737]","[0.5051614118946923, 0.4178963005542755, 0.4617647217379676]","[0.13001224017805524, 0.11518371187978321, 0.7548040522469415]","[0.15679322183132172, 0.1556689441204071, 0.6875378489494324]"
"{""run_name"": ""nhanes_pergroup_gdro"", ""seed"": 7, ""run_dir"": ""runs/gamma/g0.02_RegretDRO_s7"", ""use_nhanes"": true, ""num_classes"": 2, ""stratified_batching"": true, ""train_frac"": 0.8, ""use_post_pandemic"": true, ""data_split_seed"": 100, ""batch_size"": 128, ""num_workers"": 0, ""epochs"": 100, ""early_stopping_patience"": 25, ""lr"": 0.001, ""weight_decay"": 0.0001, ""optimizer"": ""adam"", ""grad_clip"": 1.0, ""lr_scheduler"": ""cosine"", ""lr_min"": 1e-05, ""latent_dim"": 64, ""head_hidden"": 32, ""common_encoder"": false, ""groups"": [{""name"": ""survey_only"", ""encoder"": ""mlp_tabular_ln"", ""input_dim"": 10, ""hidden_dim"": 64, ""dropout"": 0.1}, {""name"": ""exam"", ""encoder"": ""mlp_tabular_ln"", ""input_dim"": 13, ""hidden_dim"": 64, ""dropout"": 0.1}, {""name"": ""vitals_labs"", ""encoder"": ""mlp_tabular_ln"", ""input_dim"": 20, ""hidden_dim"": 64, ""dropout"": 0.1}], ""anchor_eps"": 0.0001, ""sep_samples_per_class"": 4, ""sep_method"": ""classifier"", ""sep_margin"": 1.0, ""lambda_fit"": 0.001, ""lambda_sep"": 0.001, ""groupdro_enabled"": true, ""groupdro_eta"": 0.02, ""groupdro_gamma"": 0.9, ""groupdro_update_mode"": ""exp"", ""groupdro_objective"": ""weighted"", ""groupdro_kl_lambda"": 0.0, ""groupdro_uniform_init"": false, ""log_interval"": 20, ""save_every"": 10, ""groupdro_ema_decay"": 0.9, ""groupdro_update_every"": 1, ""dro_signal"": ""val"", ""val_frac"": 0.15, ""use_regret"": true, ""optimal_losses"": [0.306561, 0.270789, 0.264331]}","{""num_groups"": 3, ""num_classes"": 2, ""train_total"": 11563, ""test_total"": 3401, ""train_group_counts"": [1813, 1800, 7950], ""test_group_counts"": [533, 530, 2338], ""train_class_counts"": [10348, 1215], ""test_class_counts"": [3043, 358], ""train_group_class_counts"": [[1595, 218], [1622, 178], [7131, 819]], ""test_group_class_counts"": [[469, 64], [477, 53], [2097, 241]], ""group_proportions"": [0.15679321975265934, 0.1556689440456629, 0.6875378362016777], ""group_names"": [""survey_only"", ""exam"", ""vitals_labs""], ""group_feature_counts"": {""0"": 10, ""1"": 13, ""2"": 20}, ""max_features"": 20, ""feature_mode"": ""nested"", ""val_total"": 2041}","{""num_groups"": 3, ""eta"": 0.02, ""update_mode"": ""exp"", ""robust_objective"": ""weighted"", ""gamma"": 0.9, ""kl_lambda"": 0.0, ""initial_pi"": [0.15679322183132172, 0.1556689441204071, 0.6875378489494324]}",2026-09-15T20:18:32.494801,18,0.331236839791139,0.7143229166666667,0.001,0.7371361364304616,0.7126829534772967,0.6604127579737336,0.7587681779298546,0.6761006289308176,"[0.7125866204690832, 0.6761006289308176, 0.7020956632375435]","[0.6604127579737336, 0.7188679245283018, 0.7587681779298546]","[0.516847217256339, 0.44552978417945405, 0.408447362425448]","[0.7466316135392704, 0.6564245810055865]","[[0.6439232409381663, 0.78125], [0.7295597484276729, 0.6226415094339622], [0.7734859322842156, 0.6307053941908713]]","[533, 530, 2338]",0.7899653385276586,"[0.78125, 0.6226415094339622, 0.6307053941908713]","[0.6439232409381663, 0.7295597484276729, 0.7734859322842156]","[0.5626493188566766, 0.5653226916196504, 0.6010605855245323]","[0.3558718861209964, 0.3069767441860465, 0.35023041474654376]","[0.7711720415778252, 0.7520272141133657, 0.8076861432158566]",0.5763441986669532,0.5626493188566766,0.7447329740323371,0.7163938535423493,0.675,0.7697790449037776,0.6413898601398602,"[0.7376585454877269, 0.6413898601398602, 0.7456452431382932]","[0.675, 0.7044025157232704, 0.7697790449037776]","[0.5153211350561833, 0.502210002341553, 0.3880146096546671]","[0.7486308871851041, 0.7116279069767442]","[[0.6548042704626335, 0.8205128205128205], [0.7202797202797203, 0.5625], [0.7760127084988085, 0.7152777777777778]]","[320, 318, 1403]",0.8094780814590286,"[0.8205128205128205, 0.5625, 0.7152777777777778]","[0.6548042704626335, 0.7202797202797203, 0.7760127084988085]","[0.5803066989507668, 0.5455761629674674, 0.6237803364457428]","[0.380952380952381, 0.27692307692307694, 0.38941398865784493]","[0.7667670407883931, 0.7078234265734267, 0.8455233430412145]",0.5832210661213256,0.5455761629674674,"[0.13625872135162354, 0.10371673852205276, 0.7600245475769043]","[0.5270124091042413, 0.43218511872821386, 0.4558759712510639]","[0.13256461454762353, 0.1061295285820961, 0.7613058673010932]","[0.15679322183132172, 0.1556689441204071, 0.6875378489494324]"
"{""run_name"": ""nhanes_pergroup_gdro"", ""seed"": 7, ""run_dir"": ""runs/gamma/g0.02_RegretDRO_s7"", ""use_nhanes"": true, ""num_classes"": 2, ""stratified_batching"": true, ""train_frac"": 0.8, ""use_post_pandemic"": true, ""data_split_seed"": 100, ""batch_size"": 128, ""num_workers"": 0, ""epochs"": 100, ""early_stopping_patience"": 25, ""lr"": 0.001, ""weight_decay"": 0.0001, ""optimizer"": ""adam"", ""grad_clip"": 1.0, ""lr_scheduler"": ""cosine"", ""lr_min"": 1e-05, ""latent_dim"": 64, ""head_hidden"": 32, ""common_encoder"": false, ""groups"": [{""name"": ""survey_only"", ""encoder"": ""mlp_tabular_ln"", ""input_dim"": 10, ""hidden_dim"": 64, ""dropout"": 0.1}, {""name"": ""exam"", ""encoder"": ""mlp_tabular_ln"", ""input_dim"": 13, ""hidden_dim"": 64, ""dropout"": 0.1}, {""name"": ""vitals_labs"", ""encoder"": ""mlp_tabular_ln"", ""input_dim"": 20, ""hidden_dim"": 64, ""dropout"": 0.1}], ""anchor_eps"": 0.0001, ""sep_samples_per_class"": 4, ""sep_method"": ""classifier"", ""sep_margin"": 1.0, ""lambda_fit"": 0.001, ""lambda_sep"": 0.001, ""groupdro_enabled"": true, ""groupdro_eta"": 0.02, ""groupdro_gamma"": 0.9, ""groupdro_update_mode"": ""exp"", ""groupdro_objective"": ""weighted"", ""groupdro_kl_lambda"": 0.0, ""groupdro_uniform_init"": false, ""log_interval"": 20, ""save_every"": 10, ""groupdro_ema_decay"": 0.9, ""groupdro_update_every"": 1, ""dro_signal"": ""val"", ""val_frac"": 0.15, ""use_regret"": true, ""optimal_losses"": [0.306561, 0.270789, 0.264331]}","{""num_groups"": 3, ""num_classes"": 2, ""train_total"": 11563, ""test_total"": 3401, ""train_group_counts"": [1813, 1800, 7950], ""test_group_counts"": [533, 530, 2338], ""train_class_counts"": [10348, 1215], ""test_class_counts"": [3043, 358], ""train_group_class_counts"": [[1595, 218], [1622, 178], [7131, 819]], ""test_group_class_counts"": [[469, 64], [477, 53], [2097, 241]], ""group_proportions"": [0.15679321975265934, 0.1556689440456629, 0.6875378362016777], ""group_names"": [""survey_only"", ""exam"", ""vitals_labs""], ""group_feature_counts"": {""0"": 10, ""1"": 13, ""2"": 20}, ""max_features"": 20, ""feature_mode"": ""nested"", ""val_total"": 2041}","{""num_groups"": 3, ""eta"": 0.02, ""update_mode"": ""exp"", ""robust_objective"": ""weighted"", ""gamma"": 0.9, ""kl_lambda"": 0.0, ""initial_pi"": [0.15679322183132172, 0.1556689441204071, 0.6875378489494324]}",2026-09-15T20:18:32.494801,19,0.3134159959024853,0.7318576388888889,0.001,0.6733313731255514,0.6677501623788524,0.6022514071294559,0.7226415094339622,0.6698113207547169,"[0.6997767857142857, 0.6698113207547169, 0.7343923447248293]","[0.6022514071294559, 0.7226415094339622, 0.6783575705731394]","[0.6278730004041193, 0.45827908989140614, 0.5447113355172628]","[0.6608609924416694, 0.7793296089385475]","[[0.5714285714285714, 0.828125], [0.7358490566037735, 0.6037735849056604], [0.6638054363376252, 0.8049792531120332]]","[533, 530, 2338]",0.7879242955257694,"[0.828125, 0.6037735849056604, 0.8049792531120332]","[0.5714285714285714, 0.7358490566037735, 0.6638054363376252]","[0.5249554367201426, 0.5650863296099677, 0.563840596967532]","[0.33333333333333326, 0.30331753554502366, 0.3403508771929825]","[0.7807169509594883, 0.7400814841185079, 0.8070549312691319]",0.551294121099214,0.5249554367201426,0.677609015188633,0.6669195548696937,0.628125,0.6870990734141126,0.6447770979020979,"[0.7551327675882836, 0.6447770979020979, 0.7641536492807344]","[0.628125, 0.6855345911949685, 0.6870990734141126]","[0.6262563983157406, 0.5197657060079961, 0.5230012254460202]","[0.6593647316538883, 0.8325581395348837]","[[0.5871886120996441, 0.9230769230769231], [0.6958041958041958, 0.59375], [0.6671961874503575, 0.8611111111111112]]","[320, 318, 1403]",0.8084209990065971,"[0.9230769230769231, 0.59375, 0.8611111111111112]","[0.5871886120996441, 0.6958041958041958, 0.6671961874503575]","[0.5559649716064785, 0.5372795529945871, 0.576908307934107]","[0.37696335078534027, 0.2753623188405797, 0.36098981077147013]","[0.7758919609453416, 0.7034527972027972, 0.845854293531021]",0.5567176108450576,0.5372795529945871,"[0.14150752127170563, 0.0968339815735817, 0.7616585493087769]","[0.5005992846356497, 0.40960028270880383, 0.44555667804347143]","[0.13981901208559672, 0.09908035869399706, 0.7611006266540952]","[0.15679322183132172, 0.1556689441204071, 0.6875378489494324]"
"{""run_name"": ""nhanes_pergroup_gdro"", ""seed"": 7, ""run_dir"": ""runs/gamma/g0.02_RegretDRO_s7"", ""use_nhanes"": true, ""num_classes"": 2, ""stratified_batching"": true, ""train_frac"": 0.8, ""use_post_pandemic"": true, ""data_split_seed"": 100, ""batch_size"": 128, ""num_workers"": 0, ""epochs"": 100, ""early_stopping_patience"": 25, ""lr"": 0.001, ""weight_decay"": 0.0001, ""optimizer"": ""adam"", ""grad_clip"": 1.0, ""lr_scheduler"": ""cosine"", ""lr_min"": 1e-05, ""latent_dim"": 64, ""head_hidden"": 32, ""common_encoder"": false, ""groups"": [{""name"": ""survey_only"", ""encoder"": ""mlp_tabular_ln"", ""input_dim"": 10, ""hidden_dim"": 64, ""dropout"": 0.1}, {""name"": ""exam"", ""encoder"": ""mlp_tabular_ln"", ""input_dim"": 13, ""hidden_dim"": 64, ""dropout"": 0.1}, {""name"": ""vitals_labs"", ""encoder"": ""mlp_tabular_ln"", ""input_dim"": 20, ""hidden_dim"": 64, ""dropout"": 0.1}], ""anchor_eps"": 0.0001, ""sep_samples_per_class"": 4, ""sep_method"": ""classifier"", ""sep_margin"": 1.0, ""lambda_fit"": 0.001, ""lambda_sep"": 0.001, ""groupdro_enabled"": true, ""groupdro_eta"": 0.02, ""groupdro_gamma"": 0.9, ""groupdro_update_mode"": ""exp"", ""groupdro_objective"": ""weighted"", ""groupdro_kl_lambda"": 0.0, ""groupdro_uniform_init"": false, ""log_interval"": 20, ""save_every"": 10, ""groupdro_ema_decay"": 0.9, ""groupdro_update_every"": 1, ""dro_signal"": ""val"", ""val_frac"": 0.15, ""use_regret"": true, ""optimal_losses"": [0.306561, 0.270789, 0.264331]}","{""num_groups"": 3, ""num_classes"": 2, ""train_total"": 11563, ""test_total"": 3401, ""train_group_counts"": [1813, 1800, 7950], ""test_group_counts"": [533, 530, 2338], ""train_class_counts"": [10348, 1215], ""test_class_counts"": [3043, 358], ""train_group_class_counts"": [[1595, 218], [1622, 178], [7131, 819]], ""test_group_class_counts"": [[469, 64], [477, 53], [2097, 241]], ""group_proportions"": [0.15679321975265934, 0.1556689440456629, 0.6875378362016777], ""group_names"": [""survey_only"", ""exam"", ""vitals_labs""], ""group_feature_counts"": {""0"": 10, ""1"": 13, ""2"": 20}, ""max_features"": 20, ""feature_mode"": ""nested"", ""val_total"": 2041}","{""num_groups"": 3, ""eta"": 0.02, ""update_mode"": ""exp"", ""robust_objective"": ""weighted"", ""gamma"": 0.9, ""kl_lambda"": 0.0, ""initial_pi"": [0.15679322183132172, 0.1556689441204071, 0.6875378489494324]}",2026-09-15T20:18:32.494801,20,0.3054475466410319,0.7272569444444444,0.001,0.6806821523081447,0.7046325043585929,0.6595380667236954,0.7298311444652908,0.670859538784067,"[0.7115538379530917, 0.670859538784067, 0.72206491391575]","[0.7298311444652908, 0.7245283018867924, 0.6595380667236954]","[0.47396380036077607, 0.4329569690431526, 0.5813762281268267]","[0.6723627998685507, 0.7513966480446927]","[[0.7356076759061834, 0.6875], [0.7379454926624738, 0.6037735849056604], [0.6432999523128279, 0.8008298755186722]]","[533, 530, 2338]",0.7787210137011954,"[0.6875, 0.6037735849056604, 0.8008298755186722]","[0.7356076759061834, 0.7379454926624738, 0.6432999523128279]","[0.6033242371619946, 0.5664985994397759, 0.5493730126675945]","[0.37931034482758624, 0.30476190476190473, 0.32656514382402707]","[0.7688566098081023, 0.761085400102844, 0.8036357016643021]",0.5730652830897883,0.5493730126675945,0.6878980891719745,0.69761323537762,0.6729559748427673,0.740625,0.6239073426573427,"[0.741901633360708, 0.6239073426573427, 0.7444096946430148]","[0.740625, 0.6729559748427673, 0.6792587312900926]","[0.4689920787752726, 0.5230650264324449, 0.5623114459064935]","[0.6779846659364732, 0.772093023255814]","[[0.7402135231316725, 0.7435897435897436], [0.6853146853146853, 0.5625], [0.6624305003971406, 0.8263888888888888]]","[320, 318, 1403]",0.7896991772587177,"[0.7435897435897436, 0.5625, 0.8263888888888888]","[0.7402135231316725, 0.6853146853146853, 0.6624305003971406]","[0.6225074261999175, 0.5237327188940092, 0.566732821661506]","[0.4113475177304965, 0.2571428571428572, 0.3459302325581395]","[0.7695045168354776, 0.6853146853146853, 0.836808313476304]",0.5709909889184775,0.5237327188940092,"[0.14513759315013885, 0.09132786840200424, 0.7635344862937927]","[0.499914997153812, 0.41903894907898376, 0.4395699477858014]","[0.14214879522720972, 0.09384743827912542, 0.764003766907586]","[0.15679322183132172, 0.1556689441204071, 0.6875378489494324]"
"{""run_name"": ""nhanes_pergroup_gdro"", ""seed"": 7, ""run_dir"": ""runs/gamma/g0.02_RegretDRO_s7"", ""use_nhanes"": true, ""num_classes"": 2, ""stratified_batching"": true, ""train_frac"": 0.8, ""use_post_pandemic"": true, ""data_split_seed"": 100, ""batch_size"": 128, ""num_workers"": 0, ""epochs"": 100, ""early_stopping_patience"": 25, ""lr"": 0.001, ""weight_decay"": 0.0001, ""optimizer"": ""adam"", ""grad_clip"": 1.0, ""lr_scheduler"": ""cosine"", ""lr_min"": 1e-05, ""latent_dim"": 64, ""head_hidden"": 32, ""common_encoder"": false, ""groups"": [{""name"": ""survey_only"", ""encoder"": ""mlp_tabular_ln"", ""input_dim"": 10, ""hidden_dim"": 64, ""dropout"": 0.1}, {""name"": ""exam"", ""encoder"": ""mlp_tabular_ln"", ""input_dim"": 13, ""hidden_dim"": 64, ""dropout"": 0.1}, {""name"": ""vitals_labs"", ""encoder"": ""mlp_tabular_ln"", ""input_dim"": 20, ""hidden_dim"": 64, ""dropout"": 0.1}], ""anchor_eps"": 0.0001, ""sep_samples_per_class"": 4, ""sep_method"": ""classifier"", ""sep_margin"": 1.0, ""lambda_fit"": 0.001, ""lambda_sep"": 0.001, ""groupdro_enabled"": true, ""groupdro_eta"": 0.02, ""groupdro_gamma"": 0.9, ""groupdro_update_mode"": ""exp"", ""groupdro_objective"": ""weighted"", ""groupdro_kl_lambda"": 0.0, ""groupdro_uniform_init"": false, ""log_interval"": 20, ""save_every"": 10, ""groupdro_ema_decay"": 0.9, ""groupdro_update_every"": 1, ""dro_signal"": ""val"", ""val_frac"": 0.15, ""use_regret"": true, ""optimal_losses"": [0.306561, 0.270789, 0.264331]}","{""num_groups"": 3, ""num_classes"": 2, ""train_total"": 11563, ""test_total"": 3401, ""train_group_counts"": [1813, 1800, 7950], ""test_group_counts"": [533, 530, 2338], ""train_class_counts"": [10348, 1215], ""test_class_counts"": [3043, 358], ""train_group_class_counts"": [[1595, 218], [1622, 178], [7131, 819]], ""test_group_class_counts"": [[469, 64], [477, 53], [2097, 241]], ""group_proportions"": [0.15679321975265934, 0.1556689440456629, 0.6875378362016777], ""group_names"": [""survey_only"", ""exam"", ""vitals_labs""], ""group_feature_counts"": {""0"": 10, ""1"": 13, ""2"": 20}, ""max_features"": 20, ""feature_mode"": ""nested"", ""val_total"": 2041}","{""num_groups"": 3, ""eta"": 0.02, ""update_mode"": ""exp"", ""robust_objective"": ""weighted"", ""gamma"": 0.9, ""kl_lambda"": 0.0, ""initial_pi"": [0.15679322183132172, 0.1556689441204071, 0.6875378489494324]}",2026-09-15T20:18:32.494801,21,0.3128426379627652,0.7243923611111112,0.001,0.7047927080270509,0.726494464079028,0.6856287425149701,0.7523452157598499,0.6635220125786163,"[0.7243470149253731, 0.6635220125786163, 0.7329369955498568]","[0.7523452157598499, 0.7415094339622641, 0.6856287425149701]","[0.4630244784506598, 0.4238665341003688, 0.5444064187057644]","[0.700624383831745, 0.7402234636871509]","[[0.7611940298507462, 0.6875], [0.7610062893081762, 0.5660377358490566], [0.6733428707677634, 0.7925311203319502]]","[533, 530, 2338]",0.7824460204480655,"[0.6875, 0.5660377358490566, 0.7925311203319502]","[0.7611940298507462, 0.7610062893081762, 0.6733428707677634]","[0.6219858156028368, 0.5729099881772356, 0.5677343907020244]","[0.4, 0.3045685279187817, 0.34198746642793193]","[0.7702891791044776, 0.7570111941774456, 0.8074744200863909]",0.5875433981606989,0.5677343907020244,0.7055365017148456,0.7191167922585774,0.6935138987883107,0.75,0.618881118881119,"[0.7030750980928917, 0.618881118881119, 0.749277424763922]","[0.75, 0.7138364779874213, 0.6935138987883107]","[0.45781680275944725, 0.5053179202060055, 0.5251456622943687]","[0.7015334063526835, 0.7395348837209302]","[[0.7651245551601423, 0.6410256410256411], [0.7377622377622378, 0.5], [0.6791104050833995, 0.8194444444444444]]","[320, 318, 1403]",0.7937950533635599,"[0.6410256410256411, 0.5, 0.8194444444444444]","[0.7651245551601423, 0.7377622377622378, 0.6791104050833995]","[0.6138763197586727, 0.5413873436979985, 0.5767098874575509]","[0.38461538461538464, 0.2601626016260163, 0.35435435435435436]","[0.7600145998722511, 0.6888111888111889, 0.8400130173859324]",0.5773245169714074,0.5413873436979985,"[0.14826935529708862, 0.08814097195863724, 0.7635896801948547]","[0.49745487189955184, 0.42063428345653747, 0.44423729313744437]","[0.14647089673413172, 0.08994975462555885, 0.76357933945126]","[0.15679322183132172, 0.1556689441204071, 0.6875378489494324]"
"{""run_name"": ""nhanes_pergroup_gdro"", ""seed"": 7, ""run_dir"": ""runs/gamma/g0.02_RegretDRO_s7"", ""use_nhanes"": true, ""num_classes"": 2, ""stratified_batching"": true, ""train_frac"": 0.8, ""use_post_pandemic"": true, ""data_split_seed"": 100, ""batch_size"": 128, ""num_workers"": 0, ""epochs"": 100, ""early_stopping_patience"": 25, ""lr"": 0.001, ""weight_decay"": 0.0001, ""optimizer"": ""adam"", ""grad_clip"": 1.0, ""lr_scheduler"": ""cosine"", ""lr_min"": 1e-05, ""latent_dim"": 64, ""head_hidden"": 32, ""common_encoder"": false, ""groups"": [{""name"": ""survey_only"", ""encoder"": ""mlp_tabular_ln"", ""input_dim"": 10, ""hidden_dim"": 64, ""dropout"": 0.1}, {""name"": ""exam"", ""encoder"": ""mlp_tabular_ln"", ""input_dim"": 13, ""hidden_dim"": 64, ""dropout"": 0.1}, {""name"": ""vitals_labs"", ""encoder"": ""mlp_tabular_ln"", ""input_dim"": 20, ""hidden_dim"": 64, ""dropout"": 0.1}], ""anchor_eps"": 0.0001, ""sep_samples_per_class"": 4, ""sep_method"": ""classifier"", ""sep_margin"": 1.0, ""lambda_fit"": 0.001, ""lambda_sep"": 0.001, ""groupdro_enabled"": true, ""groupdro_eta"": 0.02, ""groupdro_gamma"": 0.9, ""groupdro_update_mode"": ""exp"", ""groupdro_objective"": ""weighted"", ""groupdro_kl_lambda"": 0.0, ""groupdro_uniform_init"": false, ""log_interval"": 20, ""save_every"": 10, ""groupdro_ema_decay"": 0.9, ""groupdro_update_every"": 1, ""dro_signal"": ""val"", ""val_frac"": 0.15, ""use_regret"": true, ""optimal_losses"": [0.306561, 0.270789, 0.264331]}","{""num_groups"": 3, ""num_classes"": 2, ""train_total"": 11563, ""test_total"": 3401, ""train_group_counts"": [1813, 1800, 7950], ""test_group_counts"": [533, 530, 2338], ""train_class_counts"": [10348, 1215], ""test_class_counts"": [3043, 358], ""train_group_class_counts"": [[1595, 218], [1622, 178], [7131, 819]], ""test_group_class_counts"": [[469, 64], [477, 53], [2097, 241]], ""group_proportions"": [0.15679321975265934, 0.1556689440456629, 0.6875378362016777], ""group_names"": [""survey_only"", ""exam"", ""vitals_labs""], ""group_feature_counts"": {""0"": 10, ""1"": 13, ""2"": 20}, ""max_features"": 20, ""feature_mode"": ""nested"", ""val_total"": 2041}","{""num_groups"": 3, ""eta"": 0.02, ""update_mode"": ""exp"", ""robust_objective"": ""weighted"", ""gamma"": 0.9, ""kl_lambda"": 0.0, ""initial_pi"": [0.15679322183132172, 0.1556689441204071, 0.6875378489494324]}",2026-09-15T20:18:32.494801,22,0.312545525862111,0.7276909722222222,0.001,0.7047927080270509,0.7106039207345108,0.6679174484052532,0.7641509433962265,0.6341719077568134,"[0.716851012793177, 0.6341719077568134, 0.7334603672110127]","[0.6679174484052532, 0.7641509433962265, 0.699743370402053]","[0.5348301287638846, 0.4369268493488116, 0.5098345661574168]","[0.7016102530397634, 0.7318435754189944]","[[0.652452025586354, 0.78125], [0.7966457023060797, 0.4716981132075472], [0.6909871244635193, 0.7759336099585062]]","[533, 530, 2338]",0.7828646017877829,"[0.78125, 0.4716981132075472, 0.7759336099585062]","[0.652452025586354, 0.7966457023060797, 0.6909871244635193]","[0.5683381147822267, 0.5722356739305892, 0.5762918215613383]","[0.3610108303249097, 0.2857142857142857, 0.3475836431226766]","[0.7760194562899786, 0.7426525849452158, 0.8065602510600997]",0.5722885367580514,0.5683381147822267,0.7021068103870651,0.7062882808776042,0.6625,0.7578616352201258,0.6433566433566433,"[0.7415822611552149, 0.6433566433566433, 0.742832163974936]","[0.6625, 0.7578616352201258, 0.6985032074126871]","[0.5282811613267399, 0.48578567679885726, 0.48968120789334507]","[0.6949616648411829, 0.7627906976744186]","[[0.6370106761565836, 0.8461538461538461], [0.7867132867132867, 0.5], [0.687053216838761, 0.7986111111111112]]","[320, 318, 1403]",0.7975980030056803,"[0.8461538461538461, 0.5, 0.7986111111111112]","[0.6370106761565836, 0.7867132867132867, 0.687053216838761]","[0.5737753440876129, 0.57373396236269, 0.5778752394358383]","[0.37931034482758624, 0.29357798165137616, 0.3522205206738132]","[0.77443197372023, 0.7022508741258742, 0.8370730738681494]",0.5751281819620471,0.57373396236269,"[0.15684428811073303, 0.07797551900148392, 0.7651801705360413]","[0.5132613632414076, 0.3774704095390108, 0.44055573840936024]","[0.15335984958542717, 0.08264635196990437, 0.7639937976996104]","[0.15679322183132172, 0.1556689441204071, 0.6875378489494324]"
"{""run_name"": ""nhanes_pergroup_gdro"", ""seed"": 7, ""run_dir"": ""runs/gamma/g0.02_RegretDRO_s7"", ""use_nhanes"": true, ""num_classes"": 2, ""stratified_batching"": true, ""train_frac"": 0.8, ""use_post_pandemic"": true, ""data_split_seed"": 100, ""batch_size"": 128, ""num_workers"": 0, ""epochs"": 100, ""early_stopping_patience"": 25, ""lr"": 0.001, ""weight_decay"": 0.0001, ""optimizer"": ""adam"", ""grad_clip"": 1.0, ""lr_scheduler"": ""cosine"", ""lr_min"": 1e-05, ""latent_dim"": 64, ""head_hidden"": 32, ""common_encoder"": false, ""groups"": [{""name"": ""survey_only"", ""encoder"": ""mlp_tabular_ln"", ""input_dim"": 10, ""hidden_dim"": 64, ""dropout"": 0.1}, {""name"": ""exam"", ""encoder"": ""mlp_tabular_ln"", ""input_dim"": 13, ""hidden_dim"": 64, ""dropout"": 0.1}, {""name"": ""vitals_labs"", ""encoder"": ""mlp_tabular_ln"", ""input_dim"": 20, ""hidden_dim"": 64, ""dropout"": 0.1}], ""anchor_eps"": 0.0001, ""sep_samples_per_class"": 4, ""sep_method"": ""classifier"", ""sep_margin"": 1.0, ""lambda_fit"": 0.001, ""lambda_sep"": 0.001, ""groupdro_enabled"": true, ""groupdro_eta"": 0.02, ""groupdro_gamma"": 0.9, ""groupdro_update_mode"": ""exp"", ""groupdro_objective"": ""weighted"", ""groupdro_kl_lambda"": 0.0, ""groupdro_uniform_init"": false, ""log_interval"": 20, ""save_every"": 10, ""groupdro_ema_decay"": 0.9, ""groupdro_update_every"": 1, ""dro_signal"": ""val"", ""val_frac"": 0.15, ""use_regret"": true, ""optimal_losses"": [0.306561, 0.270789, 0.264331]}","{""num_groups"": 3, ""num_classes"": 2, ""train_total"": 11563, ""test_total"": 3401, ""train_group_counts"": [1813, 1800, 7950], ""test_group_counts"": [533, 530, 2338], ""train_class_counts"": [10348, 1215], ""test_class_counts"": [3043, 358], ""train_group_class_counts"": [[1595, 218], [1622, 178], [7131, 819]], ""test_group_class_counts"": [[469, 64], [477, 53], [2097, 241]], ""group_proportions"": [0.15679321975265934, 0.1556689440456629, 0.6875378362016777], ""group_names"": [""survey_only"", ""exam"", ""vitals_labs""], ""group_feature_counts"": {""0"": 10, ""1"": 13, ""2"": 20}, ""max_features"": 20, ""feature_mode"": ""nested"", ""val_total"": 2041}","{""num_groups"": 3, ""eta"": 0.02, ""update_mode"": ""exp"", ""robust_objective"": ""weighted"", ""gamma"": 0.9, ""kl_lambda"": 0.0, ""initial_pi"": [0.15679322183132172, 0.1556689441204071, 0.6875378489494324]}",2026-09-15T20:18:32.494801,23,0.3092630931072765,0.7184895833333333,0.001,0.7033225521905322,0.7238503286029955,0.6852010265183918,0.7448405253283302,0.6970649895178197,"[0.7133362206823028, 0.6970649895178197, 0.7363710655609574]","[0.7448405253283302, 0.7415094339622641, 0.6852010265183918]","[0.4752730170249459, 0.48037449636844337, 0.5530227919372454]","[0.6973381531383503, 0.7541899441340782]","[[0.7547974413646056, 0.671875], [0.7526205450733753, 0.6415094339622641], [0.6719122556032427, 0.8008298755186722]]","[533, 530, 2338]",0.7825814168243996,"[0.671875, 0.6415094339622641, 0.8008298755186722]","[0.7547974413646056, 0.7526205450733753, 0.6719122556032427]","[0.6131249733145467, 0.5857366994722579, 0.5684689591803366]","[0.3873873873873874, 0.3317073170731707, 0.3440285204991087]","[0.7678738006396589, 0.7467267908706142, 0.8110677771247999]",0.5891102106557137,0.5684689591803366,0.7035766780989711,0.7133157590577842,0.6949394155381325,0.74375,0.6396416083916083,"[0.6995163792316818, 0.6396416083916083, 0.7654471141117289]","[0.74375, 0.7012578616352201, 0.6949394155381325]","[0.4650275269984313, 0.5574932669695205, 0.537807480253075]","[0.6955093099671413, 0.772093023255814]","[[0.7580071174377224, 0.6410256410256411], [0.7167832167832168, 0.5625], [0.6767275615567911, 0.8541666666666666]]","[320, 318, 1403]",0.7964759672941236,"[0.6410256410256411, 0.5625, 0.8541666666666666]","[0.7580071174377224, 0.7167832167832168, 0.6767275615567911]","[0.6086852779766165, 0.5433451742120777, 0.5821173470807979]","[0.3787878787878788, 0.2748091603053435, 0.3649851632047478]","[0.7648964321562186, 0.6959134615384616, 0.841739475774424]",0.578049266423164,0.5433451742120777,"[0.16818730533123016, 0.07067514210939407, 0.7611375451087952]","[0.5197563423050775, 0.3948547490768962, 0.4376533312930001]","[0.16277983552879757, 0.07433426496055391, 0.7628859049744077]","[0.15679322183132172, 0.1556689441204071, 0.6875378489494324]"
"{""run_name"": ""nhanes_pergroup_gdro"", ""seed"": 7, ""run_dir"": ""runs/gamma/g0.02_RegretDRO_s7"", ""use_nhanes"": true, ""num_classes"": 2, ""stratified_batching"": true, ""train_frac"": 0.8, ""use_post_pandemic"": true, ""data_split_seed"": 100, ""batch_size"": 128, ""num_workers"": 0, ""epochs"": 100, ""early_stopping_patience"": 25, ""lr"": 0.001, ""weight_decay"": 0.0001, ""optimizer"": ""adam"", ""grad_clip"": 1.0, ""lr_scheduler"": ""cosine"", ""lr_min"": 1e-05, ""latent_dim"": 64, ""head_hidden"": 32, ""common_encoder"": false, ""groups"": [{""name"": ""survey_only"", ""encoder"": ""mlp_tabular_ln"", ""input_dim"": 10, ""hidden_dim"": 64, ""dropout"": 0.1}, {""name"": ""exam"", ""encoder"": ""mlp_tabular_ln"", ""input_dim"": 13, ""hidden_dim"": 64, ""dropout"": 0.1}, {""name"": ""vitals_labs"", ""encoder"": ""mlp_tabular_ln"", ""input_dim"": 20, ""hidden_dim"": 64, ""dropout"": 0.1}], ""anchor_eps"": 0.0001, ""sep_samples_per_class"": 4, ""sep_method"": ""classifier"", ""sep_margin"": 1.0, ""lambda_fit"": 0.001, ""lambda_sep"": 0.001, ""groupdro_enabled"": true, ""groupdro_eta"": 0.02, ""groupdro_gamma"": 0.9, ""groupdro_update_mode"": ""exp"", ""groupdro_objective"": ""weighted"", ""groupdro_kl_lambda"": 0.0, ""groupdro_uniform_init"": false, ""log_interval"": 20, ""save_every"": 10, ""groupdro_ema_decay"": 0.9, ""groupdro_update_every"": 1, ""dro_signal"": ""val"", ""val_frac"": 0.15, ""use_regret"": true, ""optimal_losses"": [0.306561, 0.270789, 0.264331]}","{""num_groups"": 3, ""num_classes"": 2, ""train_total"": 11563, ""test_total"": 3401, ""train_group_counts"": [1813, 1800, 7950], ""test_group_counts"": [533, 530, 2338], ""train_class_counts"": [10348, 1215], ""test_class_counts"": [3043, 358], ""train_group_class_counts"": [[1595, 218], [1622, 178], [7131, 819]], ""test_group_class_counts"": [[469, 64], [477, 53], [2097, 241]], ""group_proportions"": [0.15679321975265934, 0.1556689440456629, 0.6875378362016777], ""group_names"": [""survey_only"", ""exam"", ""vitals_labs""], ""group_feature_counts"": {""0"": 10, ""1"": 13, ""2"": 20}, ""max_features"": 20, ""feature_mode"": ""nested"", ""val_total"": 2041}","{""num_groups"": 3, ""eta"": 0.02, ""update_mode"": ""exp"", ""robust_objective"": ""weighted"", ""gamma"": 0.9, ""kl_lambda"": 0.0, ""initial_pi"": [0.15679322183132172, 0.1556689441204071, 0.6875378489494324]}",2026-09-15T20:18:32.494801,24,0.3003170205487145,0.7303819444444445,0.001,0.6995001470155836,0.6751422224958356,0.574108818011257,0.730188679245283,0.6907756813417191,"[0.7040245202558635, 0.6907756813417191, 0.7233471250175612]","[0.574108818011257, 0.730188679245283, 0.7211291702309667]","[0.6664691521259752, 0.45476158702929853, 0.45343027223405474]","[0.6947091685836345, 0.7402234636871509]","[[0.5330490405117271, 0.875], [0.740041928721174, 0.6415094339622641], [0.7205531711969481, 0.7261410788381742]]","[533, 530, 2338]",0.789503154965054,"[0.875, 0.6415094339622641, 0.7261410788381742]","[0.5330490405117271, 0.740041928721174, 0.7205531711969481]","[0.5090706950209574, 0.576920715198812, 0.5859190709490111]","[0.33038348082595875, 0.3222748815165877, 0.3493013972055888]","[0.7750533049040512, 0.7500889996440014, 0.8080502278497043]",0.5573034937229268,0.5090706950209574,0.7011268985791279,0.6703352943527721,0.571875,0.7284390591589451,0.6448863636363636,"[0.7120631444474861, 0.6448863636363636, 0.7441366604889241]","[0.571875, 0.710691823899371, 0.7284390591589451]","[0.6611958162049859, 0.5275670281095797, 0.4372001506765868]","[0.6944140197152245, 0.7581395348837209]","[[0.5266903914590747, 0.8974358974358975], [0.7272727272727273, 0.5625], [0.7243844320889595, 0.7638888888888888]]","[320, 318, 1403]",0.801327084235462,"[0.8974358974358975, 0.5625, 0.7638888888888888]","[0.5266903914590747, 0.7272727272727273, 0.7243844320889595]","[0.5108835112851581, 0.5500738188976377, 0.5966337283665546]","[0.33816425120772947, 0.28125, 0.36605657237936773]","[0.7715119992700064, 0.7026879370629371, 0.8358816521048451]",0.5525303528497835,0.5108835112851581,"[0.1755264550447464, 0.06629499047994614, 0.7581785917282104]","[0.494743561413553, 0.4068871208363109, 0.42944242457548776]","[0.17383236636718113, 0.0681730249689685, 0.7579946067598131]","[0.15679322183132172, 0.1556689441204071, 0.6875378489494324]"
"{""run_name"": ""nhanes_pergroup_gdro"", ""seed"": 7, ""run_dir"": ""runs/gamma/g0.02_RegretDRO_s7"", ""use_nhanes"": true, ""num_classes"": 2, ""stratified_batching"": true, ""train_frac"": 0.8, ""use_post_pandemic"": true, ""data_split_seed"": 100, ""batch_size"": 128, ""num_workers"": 0, ""epochs"": 100, ""early_stopping_patience"": 25, ""lr"": 0.001, ""weight_decay"": 0.0001, ""optimizer"": ""adam"", ""grad_clip"": 1.0, ""lr_scheduler"": ""cosine"", ""lr_min"": 1e-05, ""latent_dim"": 64, ""head_hidden"": 32, ""common_encoder"": false, ""groups"": [{""name"": ""survey_only"", ""encoder"": ""mlp_tabular_ln"", ""input_dim"": 10, ""hidden_dim"": 64, ""dropout"": 0.1}, {""name"": ""exam"", ""encoder"": ""mlp_tabular_ln"", ""input_dim"": 13, ""hidden_dim"": 64, ""dropout"": 0.1}, {""name"": ""vitals_labs"", ""encoder"": ""mlp_tabular_ln"", ""input_dim"": 20, ""hidden_dim"": 64, ""dropout"": 0.1}], ""anchor_eps"": 0.0001, ""sep_samples_per_class"": 4, ""sep_method"": ""classifier"", ""sep_margin"": 1.0, ""lambda_fit"": 0.001, ""lambda_sep"": 0.001, ""groupdro_enabled"": true, ""groupdro_eta"": 0.02, ""groupdro_gamma"": 0.9, ""groupdro_update_mode"": ""exp"", ""groupdro_objective"": ""weighted"", ""groupdro_kl_lambda"": 0.0, ""groupdro_uniform_init"": false, ""log_interval"": 20, ""save_every"": 10, ""groupdro_ema_decay"": 0.9, ""groupdro_update_every"": 1, ""dro_signal"": ""val"", ""val_frac"": 0.15, ""use_regret"": true, ""optimal_losses"": [0.306561, 0.270789, 0.264331]}","{""num_groups"": 3, ""num_classes"": 2, ""train_total"": 11563, ""test_total"": 3401, ""train_group_counts"": [1813, 1800, 7950], ""test_group_counts"": [533, 530, 2338], ""train_class_counts"": [10348, 1215], ""test_class_counts"": [3043, 358], ""train_group_class_counts"": [[1595, 218], [1622, 178], [7131, 819]], ""test_group_class_counts"": [[469, 64], [477, 53], [2097, 241]], ""group_proportions"": [0.15679321975265934, 0.1556689440456629, 0.6875378362016777], ""group_names"": [""survey_only"", ""exam"", ""vitals_labs""], ""group_feature_counts"": {""0"": 10, ""1"": 13, ""2"": 20}, ""max_features"": 20, ""feature_mode"": ""nested"", ""val_total"": 2041}","{""num_groups"": 3, ""eta"": 0.02, ""update_mode"": ""exp"", ""robust_objective"": ""weighted"", ""gamma"": 0.9, ""kl_lambda"": 0.0, ""initial_pi"": [0.15679322183132172, 0.1556689441204071, 0.6875378489494324]}",2026-09-15T20:18:32.494801,25,0.2923884105351236,0.7368055555555556,0.001,0.6930314613349015,0.6835826715663912,0.624765478424015,0.7245283018867924,0.6960167714884695,"[0.7058235607675907, 0.6960167714884695, 0.712379075422902]","[0.624765478424015, 0.7245283018867924, 0.7014542343883661]","[0.6607152849860297, 0.4716401432741135, 0.5046468705577641]","[0.6884653302661847, 0.7318435754189944]","[[0.5991471215351812, 0.8125], [0.7316561844863732, 0.660377358490566], [0.6986170720076299, 0.7261410788381742]]","[533, 530, 2338]",0.7882777030165394,"[0.8125, 0.660377358490566, 0.7261410788381742]","[0.5991471215351812, 0.7316561844863732, 0.6986170720076299]","[0.5398190357784225, 0.5755441460417764, 0.5707884814462577]","[0.34210526315789475, 0.3240740740740741, 0.333969465648855]","[0.773387526652452, 0.7532929868280527, 0.8028442133298508]",0.5620505544221522,0.5398190357784225,0.7001469867711906,0.6810844928731633,0.63125,0.7170349251603706,0.6500218531468531,"[0.7237886668491651, 0.6500218531468531, 0.7531578192569058]","[0.63125, 0.6949685534591195, 0.7170349251603706]","[0.6566807708773397, 0.5503598297537512, 0.4860588157096472]","[0.6911281489594743, 0.7767441860465116]","[[0.6014234875444839, 0.8461538461538461], [0.7062937062937062, 0.59375], [0.7077045274027005, 0.7986111111111112]]","[320, 318, 1403]",0.8007412313100181,"[0.8461538461538461, 0.59375, 0.7986111111111112]","[0.6014234875444839, 0.7062937062937062, 0.7077045274027005]","[0.5499618611746758, 0.5439343535151918, 0.5923162447400991]","[0.3586956521739131, 0.2814814814814815, 0.3668261562998405]","[0.7736107309061045, 0.7082604895104895, 0.8320757214720679]",0.562070819809989,0.5439343535151918,"[0.17871588468551636, 0.06369481235742569, 0.7575893402099609]","[0.48009375896718764, 0.4061315477722221, 0.4203123559554418]","[0.1763286868731181, 0.06428278452820248, 0.7593885368771023]","[0.15679322183132172, 0.1556689441204071, 0.6875378489494324]"
"{""run_name"": ""nhanes_pergroup_gdro"", ""seed"": 7, ""run_dir"": ""runs/gamma/g0.02_RegretDRO_s7"", ""use_nhanes"": true, ""num_classes"": 2, ""stratified_batching"": true, ""train_frac"": 0.8, ""use_post_pandemic"": true, ""data_split_seed"": 100, ""batch_size"": 128, ""num_workers"": 0, ""epochs"": 100, ""early_stopping_patience"": 25, ""lr"": 0.001, ""weight_decay"": 0.0001, ""optimizer"": ""adam"", ""grad_clip"": 1.0, ""lr_scheduler"": ""cosine"", ""lr_min"": 1e-05, ""latent_dim"": 64, ""head_hidden"": 32, ""common_encoder"": false, ""groups"": [{""name"": ""survey_only"", ""encoder"": ""mlp_tabular_ln"", ""input_dim"": 10, ""hidden_dim"": 64, ""dropout"": 0.1}, {""name"": ""exam"", ""encoder"": ""mlp_tabular_ln"", ""input_dim"": 13, ""hidden_dim"": 64, ""dropout"": 0.1}, {""name"": ""vitals_labs"", ""encoder"": ""mlp_tabular_ln"", ""input_dim"": 20, ""hidden_dim"": 64, ""dropout"": 0.1}], ""anchor_eps"": 0.0001, ""sep_samples_per_class"": 4, ""sep_method"": ""classifier"", ""sep_margin"": 1.0, ""lambda_fit"": 0.001, ""lambda_sep"": 0.001, ""groupdro_enabled"": true, ""groupdro_eta"": 0.02, ""groupdro_gamma"": 0.9, ""groupdro_update_mode"": ""exp"", ""groupdro_objective"": ""weighted"", ""groupdro_kl_lambda"": 0.0, ""groupdro_uniform_init"": false, ""log_interval"": 20, ""save_every"": 10, ""groupdro_ema_decay"": 0.9, ""groupdro_update_every"": 1, ""dro_signal"": ""val"", ""val_frac"": 0.15, ""use_regret"": true, ""optimal_losses"": [0.306561, 0.270789, 0.264331]}","{""num_groups"": 3, ""num_classes"": 2, ""train_total"": 11563, ""test_total"": 3401, ""train_group_counts"": [1813, 1800, 7950], ""test_group_counts"": [533, 530, 2338], ""train_class_counts"": [10348, 1215], ""test_class_counts"": [3043, 358], ""train_group_class_counts"": [[1595, 218], [1622, 178], [7131, 819]], ""test_group_class_counts"": [[469, 64], [477, 53], [2097, 241]], ""group_proportions"": [0.15679321975265934, 0.1556689440456629, 0.6875378362016777], ""group_names"": [""survey_only"", ""exam"", ""vitals_labs""], ""group_feature_counts"": {""0"": 10, ""1"": 13, ""2"": 20}, ""max_features"": 20, ""feature_mode"": ""nested"", ""val_total"": 2041}","{""num_groups"": 3, ""eta"": 0.02, ""update_mode"": ""exp"", ""robust_objective"": ""weighted"", ""gamma"": 0.9, ""kl_lambda"": 0.0, ""initial_pi"": [0.15679322183132172, 0.1556689441204071, 0.6875378489494324]}",2026-09-15T20:18:32.494801,26,0.3077237137489849,0.7341145833333333,0.001,0.7253748897383122,0.7103952050991245,0.6547842401500938,0.7386655260906758,0.6949685534591195,"[0.7093883262260128, 0.6949685534591195, 0.7202692247569635]","[0.6547842401500938, 0.7377358490566037, 0.7386655260906758]","[0.5631317804970134, 0.46514671188045403, 0.44676351398544895]","[0.7279000985869208, 0.7039106145251397]","[[0.6375266524520256, 0.78125], [0.7484276729559748, 0.6415094339622641], [0.7434430138292799, 0.6970954356846473]]","[533, 530, 2338]",0.7879802899593717,"[0.78125, 0.6415094339622641, 0.6970954356846473]","[0.6375266524520256, 0.7484276729559748, 0.7434430138292799]","[0.5584092792046396, 0.5827740682218485, 0.5954768739435737]","[0.352112676056338, 0.3285024154589372, 0.35480464625131997]","[0.7744536247334755, 0.7530952098413829, 0.8034239785348363]",0.5788867404566873,0.5584092792046396,0.7246447819696228,0.7050446613351742,0.66875,0.7419814682822523,0.6552666083916083,"[0.7451409800164248, 0.6552666083916083, 0.742457086753155]","[0.66875, 0.7044025157232704, 0.7419814682822523]","[0.5485710703656125, 0.5408514643519118, 0.4266284330413675]","[0.7228915662650602, 0.7395348837209302]","[[0.6441281138790036, 0.8461538461538461], [0.7167832167832168, 0.59375], [0.7418586179507546, 0.7430555555555556]]","[320, 318, 1403]",0.8017881250159199,"[0.8461538461538461, 0.59375, 0.7430555555555556]","[0.6441281138790036, 0.7167832167832168, 0.7418586179507546]","[0.5786126018684158, 0.5506854256854258, 0.6045979696063777]","[0.38372093023255816, 0.2878787878787879, 0.3715277777777778]","[0.7726069896888402, 0.7082604895104896, 0.8332450798693849]",0.5779653323867397,0.5506854256854258,"[0.18868333101272583, 0.05893915891647339, 0.7523775100708008]","[0.49745624727673, 0.3896192956301901, 0.4288912657234404]","[0.18299079123470519, 0.06221889737579558, 0.7547903060913086]","[0.15679322183132172, 0.1556689441204071, 0.6875378489494324]"
"{""run_name"": ""nhanes_pergroup_gdro"", ""seed"": 7, ""run_dir"": ""runs/gamma/g0.02_RegretDRO_s7"", ""use_nhanes"": true, ""num_classes"": 2, ""stratified_batching"": true, ""train_frac"": 0.8, ""use_post_pandemic"": true, ""data_split_seed"": 100, ""batch_size"": 128, ""num_workers"": 0, ""epochs"": 100, ""early_stopping_patience"": 25, ""lr"": 0.001, ""weight_decay"": 0.0001, ""optimizer"": ""adam"", ""grad_clip"": 1.0, ""lr_scheduler"": ""cosine"", ""lr_min"": 1e-05, ""latent_dim"": 64, ""head_hidden"": 32, ""common_encoder"": false, ""groups"": [{""name"": ""survey_only"", ""encoder"": ""mlp_tabular_ln"", ""input_dim"": 10, ""hidden_dim"": 64, ""dropout"": 0.1}, {""name"": ""exam"", ""encoder"": ""mlp_tabular_ln"", ""input_dim"": 13, ""hidden_dim"": 64, ""dropout"": 0.1}, {""name"": ""vitals_labs"", ""encoder"": ""mlp_tabular_ln"", ""input_dim"": 20, ""hidden_dim"": 64, ""dropout"": 0.1}], ""anchor_eps"": 0.0001, ""sep_samples_per_class"": 4, ""sep_method"": ""classifier"", ""sep_margin"": 1.0, ""lambda_fit"": 0.001, ""lambda_sep"": 0.001, ""groupdro_enabled"": true, ""groupdro_eta"": 0.02, ""groupdro_gamma"": 0.9, ""groupdro_update_mode"": ""exp"", ""groupdro_objective"": ""weighted"", ""groupdro_kl_lambda"": 0.0, ""groupdro_uniform_init"": false, ""log_interval"": 20, ""save_every"": 10, ""groupdro_ema_decay"": 0.9, ""groupdro_update_every"": 1, ""dro_signal"": ""val"", ""val_frac"": 0.15, ""use_regret"": true, ""optimal_losses"": [0.306561, 0.270789, 0.264331]}","{""num_groups"": 3, ""num_classes"": 2, ""train_total"": 11563, ""test_total"": 3401, ""train_group_counts"": [1813, 1800, 7950], ""test_group_counts"": [533, 530, 2338], ""train_class_counts"": [10348, 1215], ""test_class_counts"": [3043, 358], ""train_group_class_counts"": [[1595, 218], [1622, 178], [7131, 819]], ""test_group_class_counts"": [[469, 64], [477, 53], [2097, 241]], ""group_proportions"": [0.15679321975265934, 0.1556689440456629, 0.6875378362016777], ""group_names"": [""survey_only"", ""exam"", ""vitals_labs""], ""group_feature_counts"": {""0"": 10, ""1"": 13, ""2"": 20}, ""max_features"": 20, ""feature_mode"": ""nested"", ""val_total"": 2041}","{""num_groups"": 3, ""eta"": 0.02, ""update_mode"": ""exp"", ""robust_objective"": ""weighted"", ""gamma"": 0.9, ""kl_lambda"": 0.0, ""initial_pi"": [0.15679322183132172, 0.1556689441204071, 0.6875378489494324]}",2026-09-15T20:18:32.494801,27,0.30042034768395953,0.7403645833333333,0.001,0.6800940899735372,0.651773202708332,0.4971857410881801,0.7528301886792453,0.6530398322851153,"[0.673807302771855, 0.6530398322851153, 0.7163612511056102]","[0.4971857410881801, 0.7528301886792453, 0.7053036783575706]","[0.6824271406102087, 0.4174614179565119, 0.5011866822196361]","[0.6740059152152481, 0.7318435754189944]","[[0.44136460554371004, 0.90625], [0.7777777777777778, 0.5283018867924528], [0.7024320457796852, 0.7302904564315352]]","[533, 530, 2338]",0.7842318757033726,"[0.90625, 0.5283018867924528, 0.7302904564315352]","[0.44136460554371004, 0.7777777777777778, 0.7024320457796852]","[0.4545607282502444, 0.5747039834365486, 0.5742951637603775]","[0.3020833333333333, 0.2994652406417112, 0.33813640730067246]","[0.7665411780383795, 0.7463707922946087, 0.8069104846480946]",0.5345199584823902,0.4545607282502444,0.6869181773640373,0.6595100617350362,0.515625,0.7515723270440252,0.6537368881118881,"[0.6910758280865043, 0.6537368881118881, 0.7469056129203071]","[0.515625, 0.7515723270440252, 0.7113328581610834]","[0.6674847144761771, 0.4766617285582104, 0.48531481623090933]","[0.676341730558598, 0.7767441860465116]","[[0.45907473309608543, 0.9230769230769231], [0.7762237762237763, 0.53125], [0.7021445591739476, 0.7916666666666666]]","[320, 318, 1403]",0.7961741256781885,"[0.9230769230769231, 0.53125, 0.7916666666666666]","[0.45907473309608543, 0.7762237762237763, 0.7021445591739476]","[0.4709389766509157, 0.5749166652566033, 0.5869056472912936]","[0.31718061674008813, 0.30088495575221236, 0.36018957345971564]","[0.7620220823067799, 0.6980987762237761, 0.8335043244197334]",0.5442537630662708,0.4709389766509157,"[0.19068732857704163, 0.05581468716263771, 0.7534980177879333]","[0.48629715144634245, 0.4122039218743642, 0.4301441682709588]","[0.18917790568537182, 0.05707594731615649, 0.7537461459636688]","[0.15679322183132172, 0.1556689441204071, 0.6875378489494324]"
