config,dataset_info,groupdro_config,start_time,epoch,train_loss,train_acc,learning_rate,test_overall_acc,test_balanced_acc,test_worst_group_acc,test_best_group_acc,test_per_group_acc,test_per_group_loss,test_per_class_acc,test_per_group_per_class_acc,test_per_group_counts,test_overall_macro_f1,test_per_group_f1,test_worst_group_f1,test_worst_group_loss,val_overall_acc,val_balanced_acc,val_worst_group_acc,val_best_group_acc,val_per_group_acc,val_per_group_loss,val_per_class_acc,val_per_group_per_class_acc,val_per_group_counts,val_overall_macro_f1,val_per_group_f1,val_worst_group_f1,val_worst_group_loss,groupdro_weights,train_per_group_loss,groupdro_weights_mean,groupdro_pi,groupdro_kl_penalty
"{""run_name"": ""fedheart_exp_paper_hetagg_gdro"", ""seed"": 31337, ""run_dir"": ""runs/fedheart_uncapped/Shared_Anchors_GDRO_s31337_f3"", ""use_fedheart"": true, ""num_classes"": 2, ""stratified_batching"": true, ""train_frac"": 0.8, ""group_max_train_samples"": null, ""true_hetero_input_dim"": true, ""feature_mask"": [[0, 1, 2, 3, 5, 6, 7, 8, 9, 10], [0, 1, 2, 3, 5, 6, 11, 12], [0, 1, 2, 4, 5, 7, 11, 12], [0, 1, 2, 4, 5, 6, 8, 9, 10]], ""batch_size"": 64, ""num_workers"": 0, ""epochs"": 100, ""early_stopping_patience"": 30, ""lr"": 0.001, ""weight_decay"": 0.0001, ""optimizer"": ""adam"", ""grad_clip"": 1.0, ""lr_scheduler"": ""cosine"", ""lr_min"": 1e-05, ""latent_dim"": 64, ""head_hidden"": 32, ""groups"": [{""name"": ""cleveland"", ""encoder"": ""mlp_tabular_ln"", ""input_dim"": 13, ""hidden_dim"": 64, ""dropout"": 0.1}, {""name"": ""hungarian"", ""encoder"": ""mlp_tabular_ln"", ""input_dim"": 13, ""hidden_dim"": 64, ""dropout"": 0.1}, {""name"": ""switzerland"", ""encoder"": ""mlp_tabular_ln"", ""input_dim"": 13, ""hidden_dim"": 64, ""dropout"": 0.1}, {""name"": ""va_long_beach"", ""encoder"": ""mlp_tabular_ln"", ""input_dim"": 13, ""hidden_dim"": 64, ""dropout"": 0.1}], ""anchor_eps"": 0.0001, ""sep_samples_per_class"": 4, ""sep_method"": ""classifier"", ""sep_margin"": 1.0, ""lambda_fit"": 0.1, ""lambda_sep"": 0.1, ""groupdro_enabled"": true, ""groupdro_eta"": 0.02, ""groupdro_gamma"": 0.9, ""groupdro_update_mode"": ""exp"", ""groupdro_objective"": ""weighted"", ""groupdro_kl_lambda"": 0.0, ""groupdro_uniform_init"": false, ""log_interval"": 20, ""save_every"": 10, ""groupdro_ema_decay"": 0.9, ""groupdro_update_every"": 1, ""dro_signal"": ""val"", ""val_frac"": 0.15, ""impute_missing"": true, ""common_encoder"": true, ""use_regret"": false, ""data_split_seed"": 1003}","{""num_groups"": 4, ""num_classes"": 2, ""train_total"": 623, ""test_total"": 185, ""train_group_counts"": [205, 199, 83, 136], ""test_group_counts"": [61, 59, 25, 40], ""train_class_counts"": [278, 345], ""test_class_counts"": [83, 102], ""train_group_class_counts"": [[111, 94], [127, 72], [5, 78], [35, 101]], ""test_group_class_counts"": [[33, 28], [38, 21], [2, 23], [10, 30]], ""group_proportions"": [0.3290529695024077, 0.31942215088282505, 0.1332263242375602, 0.21829855537720708], ""val_group_counts"": [37, 36, 15, 24], ""val_total"": 112}","{""num_groups"": 4, ""eta"": 0.02, ""update_mode"": ""exp"", ""robust_objective"": ""weighted"", ""gamma"": 0.9, ""kl_lambda"": 0.0, ""initial_pi"": [0.32905295491218567, 0.3194221556186676, 0.13322632014751434, 0.2182985544204712]}",2026-09-16T04:09:33.465089,1,3.400842163297865,0.546875,0.001,0.6702702702702703,0.6784919422061684,0.6229508196721312,0.75,"[0.6229508196721312, 0.6610169491525424, 0.68, 0.75]","[0.6629306625147335, 0.6574632586058924, 0.6622100329399109, 0.6663609758019448]","[0.4819277108433735, 0.8235294117647058]","[[0.3939393939393939, 0.8928571428571429], [0.5526315789473685, 0.8571428571428571], [0.5, 0.6956521739130435], [0.5, 0.8333333333333334]]","[61, 59, 25, 40]",0.6505001703366471,"[0.607771875873637, 0.6601382488479262, 0.5, 0.6666666666666667]",0.5,0.6663609758019448,0.6785714285714286,0.6783971471471472,0.5277777777777778,0.8108108108108109,"[0.8108108108108109, 0.5277777777777778, 0.6666666666666666, 0.7083333333333334]","[0.6399070572208714, 0.6897987143860923, 0.6685224334398906, 0.655053215722243]","[0.5, 0.8225806451612904]","[[0.7, 0.9411764705882353], [0.43478260869565216, 0.6923076923076923], [1.0, 0.6428571428571429], [0.0, 0.9444444444444444]]","[37, 36, 15, 24]",0.6602628918099089,"[0.8102564102564103, 0.5274131274131273, 0.5341614906832298, 0.41463414634146345]",0.41463414634146345,0.6897987143860923,"[0.3289012312889099, 0.319593608379364, 0.13324113190174103, 0.21826401352882385]","[0.6754535966449313, 0.7013239330715604, 0.6819132169087728, 0.6774545179473029]","[0.32905295491218567, 0.3194221556186676, 0.13322632014751434, 0.2182985544204712]","[0.32905295491218567, 0.3194221556186676, 0.13322632014751434, 0.2182985544204712]",0.0
"{""run_name"": ""fedheart_exp_paper_hetagg_gdro"", ""seed"": 31337, ""run_dir"": ""runs/fedheart_uncapped/Shared_Anchors_GDRO_s31337_f3"", ""use_fedheart"": true, ""num_classes"": 2, ""stratified_batching"": true, ""train_frac"": 0.8, ""group_max_train_samples"": null, ""true_hetero_input_dim"": true, ""feature_mask"": [[0, 1, 2, 3, 5, 6, 7, 8, 9, 10], [0, 1, 2, 3, 5, 6, 11, 12], [0, 1, 2, 4, 5, 7, 11, 12], [0, 1, 2, 4, 5, 6, 8, 9, 10]], ""batch_size"": 64, ""num_workers"": 0, ""epochs"": 100, ""early_stopping_patience"": 30, ""lr"": 0.001, ""weight_decay"": 0.0001, ""optimizer"": ""adam"", ""grad_clip"": 1.0, ""lr_scheduler"": ""cosine"", ""lr_min"": 1e-05, ""latent_dim"": 64, ""head_hidden"": 32, ""groups"": [{""name"": ""cleveland"", ""encoder"": ""mlp_tabular_ln"", ""input_dim"": 13, ""hidden_dim"": 64, ""dropout"": 0.1}, {""name"": ""hungarian"", ""encoder"": ""mlp_tabular_ln"", ""input_dim"": 13, ""hidden_dim"": 64, ""dropout"": 0.1}, {""name"": ""switzerland"", ""encoder"": ""mlp_tabular_ln"", ""input_dim"": 13, ""hidden_dim"": 64, ""dropout"": 0.1}, {""name"": ""va_long_beach"", ""encoder"": ""mlp_tabular_ln"", ""input_dim"": 13, ""hidden_dim"": 64, ""dropout"": 0.1}], ""anchor_eps"": 0.0001, ""sep_samples_per_class"": 4, ""sep_method"": ""classifier"", ""sep_margin"": 1.0, ""lambda_fit"": 0.1, ""lambda_sep"": 0.1, ""groupdro_enabled"": true, ""groupdro_eta"": 0.02, ""groupdro_gamma"": 0.9, ""groupdro_update_mode"": ""exp"", ""groupdro_objective"": ""weighted"", ""groupdro_kl_lambda"": 0.0, ""groupdro_uniform_init"": false, ""log_interval"": 20, ""save_every"": 10, ""groupdro_ema_decay"": 0.9, ""groupdro_update_every"": 1, ""dro_signal"": ""val"", ""val_frac"": 0.15, ""impute_missing"": true, ""common_encoder"": true, ""use_regret"": false, ""data_split_seed"": 1003}","{""num_groups"": 4, ""num_classes"": 2, ""train_total"": 623, ""test_total"": 185, ""train_group_counts"": [205, 199, 83, 136], ""test_group_counts"": [61, 59, 25, 40], ""train_class_counts"": [278, 345], ""test_class_counts"": [83, 102], ""train_group_class_counts"": [[111, 94], [127, 72], [5, 78], [35, 101]], ""test_group_class_counts"": [[33, 28], [38, 21], [2, 23], [10, 30]], ""group_proportions"": [0.3290529695024077, 0.31942215088282505, 0.1332263242375602, 0.21829855537720708], ""val_group_counts"": [37, 36, 15, 24], ""val_total"": 112}","{""num_groups"": 4, ""eta"": 0.02, ""update_mode"": ""exp"", ""robust_objective"": ""weighted"", ""gamma"": 0.9, ""kl_lambda"": 0.0, ""initial_pi"": [0.32905295491218567, 0.3194221556186676, 0.13322632014751434, 0.2182985544204712]}",2026-09-16T04:09:33.465089,2,2.0827317237854004,0.6145833333333334,0.001,0.6648648648648648,0.6448878160600167,0.52,0.7288135593220338,"[0.6557377049180327, 0.7288135593220338, 0.52, 0.675]","[0.6410561067159058, 0.6369190089783426, 0.6694195103645325, 0.6614811584353447]","[0.6024096385542169, 0.7156862745098039]","[[0.5757575757575758, 0.75], [0.6578947368421053, 0.8571428571428571], [0.5, 0.5217391304347826], [0.5, 0.7333333333333333]]","[61, 59, 25, 40]",0.6596035137701803,"[0.655367231638418, 0.7249417249417249, 0.40476190476190477, 0.6033562166285278]",0.40476190476190477,0.6694195103645325,0.7142857142857143,0.6898273273273273,0.5333333333333333,0.8648648648648649,"[0.8648648648648649, 0.6111111111111112, 0.5333333333333333, 0.75]","[0.6290540083034618, 0.6753266950448354, 0.6965005079905192, 0.6531381160020828]","[0.64, 0.7741935483870968]","[[0.85, 0.8823529411764706], [0.6086956521739131, 0.6153846153846154], [0.0, 0.5714285714285714], [0.16666666666666666, 0.9444444444444444]]","[37, 36, 15, 24]",0.7083333333333334,"[0.8644688644688645, 0.6, 0.34782608695652173, 0.55]",0.34782608695652173,0.6965005079905192,"[0.32874560356140137, 0.3197590112686157, 0.1332646757364273, 0.218230739235878]","[0.6648693283398946, 0.6667057938045926, 0.6873840027385287, 0.6526657342910767]","[0.3289012312889099, 0.319593608379364, 0.13324113190174103, 0.21826401352882385]","[0.32905295491218567, 0.3194221556186676, 0.13322632014751434, 0.2182985544204712]",0.0
"{""run_name"": ""fedheart_exp_paper_hetagg_gdro"", ""seed"": 31337, ""run_dir"": ""runs/fedheart_uncapped/Shared_Anchors_GDRO_s31337_f3"", ""use_fedheart"": true, ""num_classes"": 2, ""stratified_batching"": true, ""train_frac"": 0.8, ""group_max_train_samples"": null, ""true_hetero_input_dim"": true, ""feature_mask"": [[0, 1, 2, 3, 5, 6, 7, 8, 9, 10], [0, 1, 2, 3, 5, 6, 11, 12], [0, 1, 2, 4, 5, 7, 11, 12], [0, 1, 2, 4, 5, 6, 8, 9, 10]], ""batch_size"": 64, ""num_workers"": 0, ""epochs"": 100, ""early_stopping_patience"": 30, ""lr"": 0.001, ""weight_decay"": 0.0001, ""optimizer"": ""adam"", ""grad_clip"": 1.0, ""lr_scheduler"": ""cosine"", ""lr_min"": 1e-05, ""latent_dim"": 64, ""head_hidden"": 32, ""groups"": [{""name"": ""cleveland"", ""encoder"": ""mlp_tabular_ln"", ""input_dim"": 13, ""hidden_dim"": 64, ""dropout"": 0.1}, {""name"": ""hungarian"", ""encoder"": ""mlp_tabular_ln"", ""input_dim"": 13, ""hidden_dim"": 64, ""dropout"": 0.1}, {""name"": ""switzerland"", ""encoder"": ""mlp_tabular_ln"", ""input_dim"": 13, ""hidden_dim"": 64, ""dropout"": 0.1}, {""name"": ""va_long_beach"", ""encoder"": ""mlp_tabular_ln"", ""input_dim"": 13, ""hidden_dim"": 64, ""dropout"": 0.1}], ""anchor_eps"": 0.0001, ""sep_samples_per_class"": 4, ""sep_method"": ""classifier"", ""sep_margin"": 1.0, ""lambda_fit"": 0.1, ""lambda_sep"": 0.1, ""groupdro_enabled"": true, ""groupdro_eta"": 0.02, ""groupdro_gamma"": 0.9, ""groupdro_update_mode"": ""exp"", ""groupdro_objective"": ""weighted"", ""groupdro_kl_lambda"": 0.0, ""groupdro_uniform_init"": false, ""log_interval"": 20, ""save_every"": 10, ""groupdro_ema_decay"": 0.9, ""groupdro_update_every"": 1, ""dro_signal"": ""val"", ""val_frac"": 0.15, ""impute_missing"": true, ""common_encoder"": true, ""use_regret"": false, ""data_split_seed"": 1003}","{""num_groups"": 4, ""num_classes"": 2, ""train_total"": 623, ""test_total"": 185, ""train_group_counts"": [205, 199, 83, 136], ""test_group_counts"": [61, 59, 25, 40], ""train_class_counts"": [278, 345], ""test_class_counts"": [83, 102], ""train_group_class_counts"": [[111, 94], [127, 72], [5, 78], [35, 101]], ""test_group_class_counts"": [[33, 28], [38, 21], [2, 23], [10, 30]], ""group_proportions"": [0.3290529695024077, 0.31942215088282505, 0.1332263242375602, 0.21829855537720708], ""val_group_counts"": [37, 36, 15, 24], ""val_total"": 112}","{""num_groups"": 4, ""eta"": 0.02, ""update_mode"": ""exp"", ""robust_objective"": ""weighted"", ""gamma"": 0.9, ""kl_lambda"": 0.0, ""initial_pi"": [0.32905295491218567, 0.3194221556186676, 0.13322632014751434, 0.2182985544204712]}",2026-09-16T04:09:33.465089,3,1.5046099026997883,0.6510416666666666,0.001,0.7243243243243244,0.6929549874965268,0.52,0.8305084745762712,"[0.7213114754098361, 0.8305084745762712, 0.52, 0.7]","[0.6327217983417823, 0.6318504274901697, 0.675809645652771, 0.6599211022257805]","[0.7469879518072289, 0.7058823529411765]","[[0.7272727272727273, 0.7142857142857143], [0.8157894736842105, 0.8571428571428571], [0.5, 0.5217391304347826], [0.6, 0.7333333333333333]]","[61, 59, 25, 40]",0.7235164835164836,"[0.7201079622132254, 0.8218599033816425, 0.40476190476190477, 0.6428571428571428]",0.40476190476190477,0.675809645652771,0.6785714285714286,0.6518205705705706,0.5333333333333333,0.8378378378378378,"[0.8378378378378378, 0.6111111111111112, 0.5333333333333333, 0.625]","[0.6291918963999361, 0.6708999027808508, 0.7180206378300985, 0.656571144858996]","[0.68, 0.6774193548387096]","[[0.85, 0.8235294117647058], [0.6956521739130435, 0.46153846153846156], [0.0, 0.5714285714285714], [0.16666666666666666, 0.7777777777777778]]","[37, 36, 15, 24]",0.676923076923077,"[0.8367647058823529, 0.5785953177257526, 0.34782608695652173, 0.4692874692874692]",0.34782608695652173,0.7180206378300985,"[0.32858508825302124, 0.31991463899612427, 0.13330121338367462, 0.21819911897182465]","[0.6494515140851339, 0.6593211028310988, 0.6940178738700019, 0.6669606963793436]","[0.32874560356140137, 0.3197590112686157, 0.1332646757364273, 0.218230739235878]","[0.32905295491218567, 0.3194221556186676, 0.13322632014751434, 0.2182985544204712]",0.0
"{""run_name"": ""fedheart_exp_paper_hetagg_gdro"", ""seed"": 31337, ""run_dir"": ""runs/fedheart_uncapped/Shared_Anchors_GDRO_s31337_f3"", ""use_fedheart"": true, ""num_classes"": 2, ""stratified_batching"": true, ""train_frac"": 0.8, ""group_max_train_samples"": null, ""true_hetero_input_dim"": true, ""feature_mask"": [[0, 1, 2, 3, 5, 6, 7, 8, 9, 10], [0, 1, 2, 3, 5, 6, 11, 12], [0, 1, 2, 4, 5, 7, 11, 12], [0, 1, 2, 4, 5, 6, 8, 9, 10]], ""batch_size"": 64, ""num_workers"": 0, ""epochs"": 100, ""early_stopping_patience"": 30, ""lr"": 0.001, ""weight_decay"": 0.0001, ""optimizer"": ""adam"", ""grad_clip"": 1.0, ""lr_scheduler"": ""cosine"", ""lr_min"": 1e-05, ""latent_dim"": 64, ""head_hidden"": 32, ""groups"": [{""name"": ""cleveland"", ""encoder"": ""mlp_tabular_ln"", ""input_dim"": 13, ""hidden_dim"": 64, ""dropout"": 0.1}, {""name"": ""hungarian"", ""encoder"": ""mlp_tabular_ln"", ""input_dim"": 13, ""hidden_dim"": 64, ""dropout"": 0.1}, {""name"": ""switzerland"", ""encoder"": ""mlp_tabular_ln"", ""input_dim"": 13, ""hidden_dim"": 64, ""dropout"": 0.1}, {""name"": ""va_long_beach"", ""encoder"": ""mlp_tabular_ln"", ""input_dim"": 13, ""hidden_dim"": 64, ""dropout"": 0.1}], ""anchor_eps"": 0.0001, ""sep_samples_per_class"": 4, ""sep_method"": ""classifier"", ""sep_margin"": 1.0, ""lambda_fit"": 0.1, ""lambda_sep"": 0.1, ""groupdro_enabled"": true, ""groupdro_eta"": 0.02, ""groupdro_gamma"": 0.9, ""groupdro_update_mode"": ""exp"", ""groupdro_objective"": ""weighted"", ""groupdro_kl_lambda"": 0.0, ""groupdro_uniform_init"": false, ""log_interval"": 20, ""save_every"": 10, ""groupdro_ema_decay"": 0.9, ""groupdro_update_every"": 1, ""dro_signal"": ""val"", ""val_frac"": 0.15, ""impute_missing"": true, ""common_encoder"": true, ""use_regret"": false, ""data_split_seed"": 1003}","{""num_groups"": 4, ""num_classes"": 2, ""train_total"": 623, ""test_total"": 185, ""train_group_counts"": [205, 199, 83, 136], ""test_group_counts"": [61, 59, 25, 40], ""train_class_counts"": [278, 345], ""test_class_counts"": [83, 102], ""train_group_class_counts"": [[111, 94], [127, 72], [5, 78], [35, 101]], ""test_group_class_counts"": [[33, 28], [38, 21], [2, 23], [10, 30]], ""group_proportions"": [0.3290529695024077, 0.31942215088282505, 0.1332263242375602, 0.21829855537720708], ""val_group_counts"": [37, 36, 15, 24], ""val_total"": 112}","{""num_groups"": 4, ""eta"": 0.02, ""update_mode"": ""exp"", ""robust_objective"": ""weighted"", ""gamma"": 0.9, ""kl_lambda"": 0.0, ""initial_pi"": [0.32905295491218567, 0.3194221556186676, 0.13322632014751434, 0.2182985544204712]}",2026-09-16T04:09:33.465089,4,1.1575013531578913,0.6770833333333334,0.001,0.6918918918918919,0.6927337454848569,0.6610169491525424,0.725,"[0.7049180327868853, 0.6610169491525424, 0.68, 0.725]","[0.6271287676740865, 0.6374125814033766, 0.6307327723503113, 0.628886380046606]","[0.5180722891566265, 0.8333333333333334]","[[0.5454545454545454, 0.8928571428571429], [0.5526315789473685, 0.8571428571428571], [0.5, 0.6956521739130435], [0.3, 0.8666666666666667]]","[61, 59, 25, 40]",0.6751486399063492,"[0.7009803921568627, 0.6601382488479262, 0.5, 0.5891690009337067]",0.5,0.6374125814033766,0.6964285714285714,0.6926614114114114,0.6388888888888888,0.7567567567567568,"[0.7567567567567568, 0.6388888888888888, 0.6666666666666666, 0.7083333333333334]","[0.6285536224777634, 0.6787246324949794, 0.677851144472758, 0.6333848424255848]","[0.54, 0.8225806451612904]","[[0.65, 0.8823529411764706], [0.5652173913043478, 0.7692307692307693], [0.0, 0.7142857142857143], [0.16666666666666666, 0.8888888888888888]]","[37, 36, 15, 24]",0.6818181818181819,"[0.756043956043956, 0.6363636363636365, 0.4, 0.5213675213675213]",0.4,0.6787246324949794,"[0.3284250497817993, 0.32007166743278503, 0.13334092497825623, 0.2181623876094818]","[0.638948122660319, 0.6550011767281426, 0.6726078920894198, 0.6605963309605917]","[0.32858508825302124, 0.31991463899612427, 0.13330121338367462, 0.21819911897182465]","[0.32905295491218567, 0.3194221556186676, 0.13322632014751434, 0.2182985544204712]",0.0
"{""run_name"": ""fedheart_exp_paper_hetagg_gdro"", ""seed"": 31337, ""run_dir"": ""runs/fedheart_uncapped/Shared_Anchors_GDRO_s31337_f3"", ""use_fedheart"": true, ""num_classes"": 2, ""stratified_batching"": true, ""train_frac"": 0.8, ""group_max_train_samples"": null, ""true_hetero_input_dim"": true, ""feature_mask"": [[0, 1, 2, 3, 5, 6, 7, 8, 9, 10], [0, 1, 2, 3, 5, 6, 11, 12], [0, 1, 2, 4, 5, 7, 11, 12], [0, 1, 2, 4, 5, 6, 8, 9, 10]], ""batch_size"": 64, ""num_workers"": 0, ""epochs"": 100, ""early_stopping_patience"": 30, ""lr"": 0.001, ""weight_decay"": 0.0001, ""optimizer"": ""adam"", ""grad_clip"": 1.0, ""lr_scheduler"": ""cosine"", ""lr_min"": 1e-05, ""latent_dim"": 64, ""head_hidden"": 32, ""groups"": [{""name"": ""cleveland"", ""encoder"": ""mlp_tabular_ln"", ""input_dim"": 13, ""hidden_dim"": 64, ""dropout"": 0.1}, {""name"": ""hungarian"", ""encoder"": ""mlp_tabular_ln"", ""input_dim"": 13, ""hidden_dim"": 64, ""dropout"": 0.1}, {""name"": ""switzerland"", ""encoder"": ""mlp_tabular_ln"", ""input_dim"": 13, ""hidden_dim"": 64, ""dropout"": 0.1}, {""name"": ""va_long_beach"", ""encoder"": ""mlp_tabular_ln"", ""input_dim"": 13, ""hidden_dim"": 64, ""dropout"": 0.1}], ""anchor_eps"": 0.0001, ""sep_samples_per_class"": 4, ""sep_method"": ""classifier"", ""sep_margin"": 1.0, ""lambda_fit"": 0.1, ""lambda_sep"": 0.1, ""groupdro_enabled"": true, ""groupdro_eta"": 0.02, ""groupdro_gamma"": 0.9, ""groupdro_update_mode"": ""exp"", ""groupdro_objective"": ""weighted"", ""groupdro_kl_lambda"": 0.0, ""groupdro_uniform_init"": false, ""log_interval"": 20, ""save_every"": 10, ""groupdro_ema_decay"": 0.9, ""groupdro_update_every"": 1, ""dro_signal"": ""val"", ""val_frac"": 0.15, ""impute_missing"": true, ""common_encoder"": true, ""use_regret"": false, ""data_split_seed"": 1003}","{""num_groups"": 4, ""num_classes"": 2, ""train_total"": 623, ""test_total"": 185, ""train_group_counts"": [205, 199, 83, 136], ""test_group_counts"": [61, 59, 25, 40], ""train_class_counts"": [278, 345], ""test_class_counts"": [83, 102], ""train_group_class_counts"": [[111, 94], [127, 72], [5, 78], [35, 101]], ""test_group_class_counts"": [[33, 28], [38, 21], [2, 23], [10, 30]], ""group_proportions"": [0.3290529695024077, 0.31942215088282505, 0.1332263242375602, 0.21829855537720708], ""val_group_counts"": [37, 36, 15, 24], ""val_total"": 112}","{""num_groups"": 4, ""eta"": 0.02, ""update_mode"": ""exp"", ""robust_objective"": ""weighted"", ""gamma"": 0.9, ""kl_lambda"": 0.0, ""initial_pi"": [0.32905295491218567, 0.3194221556186676, 0.13322632014751434, 0.2182985544204712]}",2026-09-16T04:09:33.465089,5,1.0061199466387432,0.6440972222222222,0.001,0.7243243243243244,0.7219050430675188,0.68,0.775,"[0.7377049180327869, 0.6949152542372882, 0.68, 0.775]","[0.6131970340111217, 0.6278302972599611, 0.6170879971981048, 0.6161326929926872]","[0.5783132530120482, 0.8431372549019608]","[[0.6060606060606061, 0.8928571428571429], [0.6052631578947368, 0.8571428571428571], [0.5, 0.6956521739130435], [0.4, 0.9]]","[61, 59, 25, 40]",0.7121808364601445,"[0.735930735930736, 0.6927083333333333, 0.5, 0.6638655462184875]",0.5,0.6278302972599611,0.6875,0.6857169669669669,0.6111111111111112,0.7567567567567568,"[0.7567567567567568, 0.6111111111111112, 0.6666666666666666, 0.7083333333333334]","[0.616982032318373, 0.6727726641628478, 0.672425905863444, 0.6247670203447342]","[0.52, 0.8225806451612904]","[[0.65, 0.8823529411764706], [0.5217391304347826, 0.7692307692307693], [0.0, 0.7142857142857143], [0.16666666666666666, 0.8888888888888888]]","[37, 36, 15, 24]",0.6711133484352715,"[0.756043956043956, 0.609907120743034, 0.4, 0.5213675213675213]",0.4,0.6727726641628478,"[0.32826337218284607, 0.32023146748542786, 0.13338425755500793, 0.21812096238136292]","[0.636107431517707, 0.6594831215010749, 0.6515172719955444, 0.6474089423815409]","[0.3284250497817993, 0.32007166743278503, 0.13334092497825623, 0.2181623876094818]","[0.32905295491218567, 0.3194221556186676, 0.13322632014751434, 0.2182985544204712]",0.0
"{""run_name"": ""fedheart_exp_paper_hetagg_gdro"", ""seed"": 31337, ""run_dir"": ""runs/fedheart_uncapped/Shared_Anchors_GDRO_s31337_f3"", ""use_fedheart"": true, ""num_classes"": 2, ""stratified_batching"": true, ""train_frac"": 0.8, ""group_max_train_samples"": null, ""true_hetero_input_dim"": true, ""feature_mask"": [[0, 1, 2, 3, 5, 6, 7, 8, 9, 10], [0, 1, 2, 3, 5, 6, 11, 12], [0, 1, 2, 4, 5, 7, 11, 12], [0, 1, 2, 4, 5, 6, 8, 9, 10]], ""batch_size"": 64, ""num_workers"": 0, ""epochs"": 100, ""early_stopping_patience"": 30, ""lr"": 0.001, ""weight_decay"": 0.0001, ""optimizer"": ""adam"", ""grad_clip"": 1.0, ""lr_scheduler"": ""cosine"", ""lr_min"": 1e-05, ""latent_dim"": 64, ""head_hidden"": 32, ""groups"": [{""name"": ""cleveland"", ""encoder"": ""mlp_tabular_ln"", ""input_dim"": 13, ""hidden_dim"": 64, ""dropout"": 0.1}, {""name"": ""hungarian"", ""encoder"": ""mlp_tabular_ln"", ""input_dim"": 13, ""hidden_dim"": 64, ""dropout"": 0.1}, {""name"": ""switzerland"", ""encoder"": ""mlp_tabular_ln"", ""input_dim"": 13, ""hidden_dim"": 64, ""dropout"": 0.1}, {""name"": ""va_long_beach"", ""encoder"": ""mlp_tabular_ln"", ""input_dim"": 13, ""hidden_dim"": 64, ""dropout"": 0.1}], ""anchor_eps"": 0.0001, ""sep_samples_per_class"": 4, ""sep_method"": ""classifier"", ""sep_margin"": 1.0, ""lambda_fit"": 0.1, ""lambda_sep"": 0.1, ""groupdro_enabled"": true, ""groupdro_eta"": 0.02, ""groupdro_gamma"": 0.9, ""groupdro_update_mode"": ""exp"", ""groupdro_objective"": ""weighted"", ""groupdro_kl_lambda"": 0.0, ""groupdro_uniform_init"": false, ""log_interval"": 20, ""save_every"": 10, ""groupdro_ema_decay"": 0.9, ""groupdro_update_every"": 1, ""dro_signal"": ""val"", ""val_frac"": 0.15, ""impute_missing"": true, ""common_encoder"": true, ""use_regret"": false, ""data_split_seed"": 1003}","{""num_groups"": 4, ""num_classes"": 2, ""train_total"": 623, ""test_total"": 185, ""train_group_counts"": [205, 199, 83, 136], ""test_group_counts"": [61, 59, 25, 40], ""train_class_counts"": [278, 345], ""test_class_counts"": [83, 102], ""train_group_class_counts"": [[111, 94], [127, 72], [5, 78], [35, 101]], ""test_group_class_counts"": [[33, 28], [38, 21], [2, 23], [10, 30]], ""group_proportions"": [0.3290529695024077, 0.31942215088282505, 0.1332263242375602, 0.21829855537720708], ""val_group_counts"": [37, 36, 15, 24], ""val_total"": 112}","{""num_groups"": 4, ""eta"": 0.02, ""update_mode"": ""exp"", ""robust_objective"": ""weighted"", ""gamma"": 0.9, ""kl_lambda"": 0.0, ""initial_pi"": [0.32905295491218567, 0.3194221556186676, 0.13322632014751434, 0.2182985544204712]}",2026-09-16T04:09:33.465089,6,0.9102771878242493,0.6597222222222222,0.001,0.7567567567567568,0.7471898444012226,0.68,0.7796610169491526,"[0.7540983606557377, 0.7796610169491526, 0.68, 0.775]","[0.5953780622755895, 0.6161508428848396, 0.5926375877857208, 0.595484335720539]","[0.6385542168674698, 0.8529411764705882]","[[0.6060606060606061, 0.9285714285714286], [0.7368421052631579, 0.8571428571428571], [0.5, 0.6956521739130435], [0.4, 0.9]]","[61, 59, 25, 40]",0.7482536514560465,"[0.751696065128901, 0.7731440402247856, 0.5, 0.6638655462184875]",0.5,0.6161508428848396,0.6696428571428571,0.6549737237237238,0.6,0.7837837837837838,"[0.7837837837837838, 0.6111111111111112, 0.6, 0.625]","[0.5988401762537054, 0.6639062828487821, 0.6597986141840617, 0.6145255602896214]","[0.54, 0.7741935483870968]","[[0.7, 0.8823529411764706], [0.5217391304347826, 0.7692307692307693], [0.0, 0.6428571428571429], [0.16666666666666666, 0.7777777777777778]]","[37, 36, 15, 24]",0.6576055523423945,"[0.7836257309941519, 0.609907120743034, 0.375, 0.4692874692874692]",0.375,0.6639062828487821,"[0.3280965983867645, 0.3203962743282318, 0.1334308683872223, 0.21807636320590973]","[0.6283640927738614, 0.6378651128874885, 0.6379355722003512, 0.609770655632019]","[0.32826337218284607, 0.32023146748542786, 0.13338425755500793, 0.21812096238136292]","[0.32905295491218567, 0.3194221556186676, 0.13322632014751434, 0.2182985544204712]",0.0
"{""run_name"": ""fedheart_exp_paper_hetagg_gdro"", ""seed"": 31337, ""run_dir"": ""runs/fedheart_uncapped/Shared_Anchors_GDRO_s31337_f3"", ""use_fedheart"": true, ""num_classes"": 2, ""stratified_batching"": true, ""train_frac"": 0.8, ""group_max_train_samples"": null, ""true_hetero_input_dim"": true, ""feature_mask"": [[0, 1, 2, 3, 5, 6, 7, 8, 9, 10], [0, 1, 2, 3, 5, 6, 11, 12], [0, 1, 2, 4, 5, 7, 11, 12], [0, 1, 2, 4, 5, 6, 8, 9, 10]], ""batch_size"": 64, ""num_workers"": 0, ""epochs"": 100, ""early_stopping_patience"": 30, ""lr"": 0.001, ""weight_decay"": 0.0001, ""optimizer"": ""adam"", ""grad_clip"": 1.0, ""lr_scheduler"": ""cosine"", ""lr_min"": 1e-05, ""latent_dim"": 64, ""head_hidden"": 32, ""groups"": [{""name"": ""cleveland"", ""encoder"": ""mlp_tabular_ln"", ""input_dim"": 13, ""hidden_dim"": 64, ""dropout"": 0.1}, {""name"": ""hungarian"", ""encoder"": ""mlp_tabular_ln"", ""input_dim"": 13, ""hidden_dim"": 64, ""dropout"": 0.1}, {""name"": ""switzerland"", ""encoder"": ""mlp_tabular_ln"", ""input_dim"": 13, ""hidden_dim"": 64, ""dropout"": 0.1}, {""name"": ""va_long_beach"", ""encoder"": ""mlp_tabular_ln"", ""input_dim"": 13, ""hidden_dim"": 64, ""dropout"": 0.1}], ""anchor_eps"": 0.0001, ""sep_samples_per_class"": 4, ""sep_method"": ""classifier"", ""sep_margin"": 1.0, ""lambda_fit"": 0.1, ""lambda_sep"": 0.1, ""groupdro_enabled"": true, ""groupdro_eta"": 0.02, ""groupdro_gamma"": 0.9, ""groupdro_update_mode"": ""exp"", ""groupdro_objective"": ""weighted"", ""groupdro_kl_lambda"": 0.0, ""groupdro_uniform_init"": false, ""log_interval"": 20, ""save_every"": 10, ""groupdro_ema_decay"": 0.9, ""groupdro_update_every"": 1, ""dro_signal"": ""val"", ""val_frac"": 0.15, ""impute_missing"": true, ""common_encoder"": true, ""use_regret"": false, ""data_split_seed"": 1003}","{""num_groups"": 4, ""num_classes"": 2, ""train_total"": 623, ""test_total"": 185, ""train_group_counts"": [205, 199, 83, 136], ""test_group_counts"": [61, 59, 25, 40], ""train_class_counts"": [278, 345], ""test_class_counts"": [83, 102], ""train_group_class_counts"": [[111, 94], [127, 72], [5, 78], [35, 101]], ""test_group_class_counts"": [[33, 28], [38, 21], [2, 23], [10, 30]], ""group_proportions"": [0.3290529695024077, 0.31942215088282505, 0.1332263242375602, 0.21829855537720708], ""val_group_counts"": [37, 36, 15, 24], ""val_total"": 112}","{""num_groups"": 4, ""eta"": 0.02, ""update_mode"": ""exp"", ""robust_objective"": ""weighted"", ""gamma"": 0.9, ""kl_lambda"": 0.0, ""initial_pi"": [0.32905295491218567, 0.3194221556186676, 0.13322632014751434, 0.2182985544204712]}",2026-09-16T04:09:33.465089,7,0.8519576324356927,0.6805555555555556,0.001,0.7621621621621621,0.7492754931925535,0.68,0.7966101694915254,"[0.7704918032786885, 0.7966101694915254, 0.68, 0.75]","[0.5655860666368828, 0.5945566902726384, 0.5764894366264344, 0.5760861106216908]","[0.6867469879518072, 0.8235294117647058]","[[0.696969696969697, 0.8571428571428571], [0.7631578947368421, 0.8571428571428571], [0.5, 0.6956521739130435], [0.4, 0.8666666666666667]]","[61, 59, 25, 40]",0.7569859087652258,"[0.7704301075268818, 0.7892857142857144, 0.5, 0.6415770609318997]",0.5,0.5945566902726384,0.6964285714285714,0.6660848348348348,0.5333333333333333,0.7837837837837838,"[0.7837837837837838, 0.7222222222222222, 0.5333333333333333, 0.625]","[0.573397584058143, 0.6486052117413945, 0.6672102789084117, 0.6057738090554873]","[0.64, 0.7419354838709677]","[[0.75, 0.8235294117647058], [0.6956521739130435, 0.7692307692307693], [0.0, 0.5714285714285714], [0.16666666666666666, 0.7777777777777778]]","[37, 36, 15, 24]",0.691609977324263,"[0.783625730994152, 0.7142857142857144, 0.34782608695652173, 0.4692874692874692]",0.34782608695652173,0.6672102789084117,"[0.3279178738594055, 0.32056480646133423, 0.13348618149757385, 0.21803122758865356]","[0.5980883638064066, 0.6266345845328437, 0.6159897910224067, 0.6241438587506613]","[0.3280965983867645, 0.3203962743282318, 0.1334308683872223, 0.21807636320590973]","[0.32905295491218567, 0.3194221556186676, 0.13322632014751434, 0.2182985544204712]",0.0
"{""run_name"": ""fedheart_exp_paper_hetagg_gdro"", ""seed"": 31337, ""run_dir"": ""runs/fedheart_uncapped/Shared_Anchors_GDRO_s31337_f3"", ""use_fedheart"": true, ""num_classes"": 2, ""stratified_batching"": true, ""train_frac"": 0.8, ""group_max_train_samples"": null, ""true_hetero_input_dim"": true, ""feature_mask"": [[0, 1, 2, 3, 5, 6, 7, 8, 9, 10], [0, 1, 2, 3, 5, 6, 11, 12], [0, 1, 2, 4, 5, 7, 11, 12], [0, 1, 2, 4, 5, 6, 8, 9, 10]], ""batch_size"": 64, ""num_workers"": 0, ""epochs"": 100, ""early_stopping_patience"": 30, ""lr"": 0.001, ""weight_decay"": 0.0001, ""optimizer"": ""adam"", ""grad_clip"": 1.0, ""lr_scheduler"": ""cosine"", ""lr_min"": 1e-05, ""latent_dim"": 64, ""head_hidden"": 32, ""groups"": [{""name"": ""cleveland"", ""encoder"": ""mlp_tabular_ln"", ""input_dim"": 13, ""hidden_dim"": 64, ""dropout"": 0.1}, {""name"": ""hungarian"", ""encoder"": ""mlp_tabular_ln"", ""input_dim"": 13, ""hidden_dim"": 64, ""dropout"": 0.1}, {""name"": ""switzerland"", ""encoder"": ""mlp_tabular_ln"", ""input_dim"": 13, ""hidden_dim"": 64, ""dropout"": 0.1}, {""name"": ""va_long_beach"", ""encoder"": ""mlp_tabular_ln"", ""input_dim"": 13, ""hidden_dim"": 64, ""dropout"": 0.1}], ""anchor_eps"": 0.0001, ""sep_samples_per_class"": 4, ""sep_method"": ""classifier"", ""sep_margin"": 1.0, ""lambda_fit"": 0.1, ""lambda_sep"": 0.1, ""groupdro_enabled"": true, ""groupdro_eta"": 0.02, ""groupdro_gamma"": 0.9, ""groupdro_update_mode"": ""exp"", ""groupdro_objective"": ""weighted"", ""groupdro_kl_lambda"": 0.0, ""groupdro_uniform_init"": false, ""log_interval"": 20, ""save_every"": 10, ""groupdro_ema_decay"": 0.9, ""groupdro_update_every"": 1, ""dro_signal"": ""val"", ""val_frac"": 0.15, ""impute_missing"": true, ""common_encoder"": true, ""use_regret"": false, ""data_split_seed"": 1003}","{""num_groups"": 4, ""num_classes"": 2, ""train_total"": 623, ""test_total"": 185, ""train_group_counts"": [205, 199, 83, 136], ""test_group_counts"": [61, 59, 25, 40], ""train_class_counts"": [278, 345], ""test_class_counts"": [83, 102], ""train_group_class_counts"": [[111, 94], [127, 72], [5, 78], [35, 101]], ""test_group_class_counts"": [[33, 28], [38, 21], [2, 23], [10, 30]], ""group_proportions"": [0.3290529695024077, 0.31942215088282505, 0.1332263242375602, 0.21829855537720708], ""val_group_counts"": [37, 36, 15, 24], ""val_total"": 112}","{""num_groups"": 4, ""eta"": 0.02, ""update_mode"": ""exp"", ""robust_objective"": ""weighted"", ""gamma"": 0.9, ""kl_lambda"": 0.0, ""initial_pi"": [0.32905295491218567, 0.3194221556186676, 0.13322632014751434, 0.2182985544204712]}",2026-09-16T04:09:33.465089,8,0.7807852228482565,0.7326388888888888,0.001,0.772972972972973,0.7594849263684357,0.68,0.8032786885245902,"[0.8032786885245902, 0.7796610169491526, 0.68, 0.775]","[0.5408602647605489, 0.5882364309440224, 0.5377299106121063, 0.5445979945361614]","[0.6746987951807228, 0.8529411764705882]","[[0.696969696969697, 0.9285714285714286], [0.7368421052631579, 0.8571428571428571], [0.5, 0.6956521739130435], [0.4, 0.9]]","[61, 59, 25, 40]",0.7664141414141413,"[0.802801724137931, 0.7731440402247856, 0.5, 0.6638655462184875]",0.5,0.5882364309440224,0.7053571428571429,0.6825638138138138,0.6,0.8108108108108109,"[0.8108108108108109, 0.6944444444444444, 0.6, 0.625]","[0.5544237941503525, 0.6525541018280718, 0.6413660267988841, 0.5935079200814167]","[0.62, 0.7741935483870968]","[[0.75, 0.8823529411764706], [0.6521739130434783, 0.7692307692307693], [0.0, 0.6428571428571429], [0.16666666666666666, 0.7777777777777778]]","[37, 36, 15, 24]",0.6984088127294981,"[0.8108108108108107, 0.6884343036978757, 0.375, 0.4692874692874692]",0.375,0.6525541018280718,"[0.3277232050895691, 0.3207463324069977, 0.1335453987121582, 0.2179851233959198]","[0.5624789992968241, 0.5817960268921323, 0.6130253871281942, 0.6025989850362142]","[0.3279178738594055, 0.32056480646133423, 0.13348618149757385, 0.21803122758865356]","[0.32905295491218567, 0.3194221556186676, 0.13322632014751434, 0.2182985544204712]",0.0
"{""run_name"": ""fedheart_exp_paper_hetagg_gdro"", ""seed"": 31337, ""run_dir"": ""runs/fedheart_uncapped/Shared_Anchors_GDRO_s31337_f3"", ""use_fedheart"": true, ""num_classes"": 2, ""stratified_batching"": true, ""train_frac"": 0.8, ""group_max_train_samples"": null, ""true_hetero_input_dim"": true, ""feature_mask"": [[0, 1, 2, 3, 5, 6, 7, 8, 9, 10], [0, 1, 2, 3, 5, 6, 11, 12], [0, 1, 2, 4, 5, 7, 11, 12], [0, 1, 2, 4, 5, 6, 8, 9, 10]], ""batch_size"": 64, ""num_workers"": 0, ""epochs"": 100, ""early_stopping_patience"": 30, ""lr"": 0.001, ""weight_decay"": 0.0001, ""optimizer"": ""adam"", ""grad_clip"": 1.0, ""lr_scheduler"": ""cosine"", ""lr_min"": 1e-05, ""latent_dim"": 64, ""head_hidden"": 32, ""groups"": [{""name"": ""cleveland"", ""encoder"": ""mlp_tabular_ln"", ""input_dim"": 13, ""hidden_dim"": 64, ""dropout"": 0.1}, {""name"": ""hungarian"", ""encoder"": ""mlp_tabular_ln"", ""input_dim"": 13, ""hidden_dim"": 64, ""dropout"": 0.1}, {""name"": ""switzerland"", ""encoder"": ""mlp_tabular_ln"", ""input_dim"": 13, ""hidden_dim"": 64, ""dropout"": 0.1}, {""name"": ""va_long_beach"", ""encoder"": ""mlp_tabular_ln"", ""input_dim"": 13, ""hidden_dim"": 64, ""dropout"": 0.1}], ""anchor_eps"": 0.0001, ""sep_samples_per_class"": 4, ""sep_method"": ""classifier"", ""sep_margin"": 1.0, ""lambda_fit"": 0.1, ""lambda_sep"": 0.1, ""groupdro_enabled"": true, ""groupdro_eta"": 0.02, ""groupdro_gamma"": 0.9, ""groupdro_update_mode"": ""exp"", ""groupdro_objective"": ""weighted"", ""groupdro_kl_lambda"": 0.0, ""groupdro_uniform_init"": false, ""log_interval"": 20, ""save_every"": 10, ""groupdro_ema_decay"": 0.9, ""groupdro_update_every"": 1, ""dro_signal"": ""val"", ""val_frac"": 0.15, ""impute_missing"": true, ""common_encoder"": true, ""use_regret"": false, ""data_split_seed"": 1003}","{""num_groups"": 4, ""num_classes"": 2, ""train_total"": 623, ""test_total"": 185, ""train_group_counts"": [205, 199, 83, 136], ""test_group_counts"": [61, 59, 25, 40], ""train_class_counts"": [278, 345], ""test_class_counts"": [83, 102], ""train_group_class_counts"": [[111, 94], [127, 72], [5, 78], [35, 101]], ""test_group_class_counts"": [[33, 28], [38, 21], [2, 23], [10, 30]], ""group_proportions"": [0.3290529695024077, 0.31942215088282505, 0.1332263242375602, 0.21829855537720708], ""val_group_counts"": [37, 36, 15, 24], ""val_total"": 112}","{""num_groups"": 4, ""eta"": 0.02, ""update_mode"": ""exp"", ""robust_objective"": ""weighted"", ""gamma"": 0.9, ""kl_lambda"": 0.0, ""initial_pi"": [0.32905295491218567, 0.3194221556186676, 0.13322632014751434, 0.2182985544204712]}",2026-09-16T04:09:33.465089,9,0.7521785630120171,0.7048611111111112,0.001,0.772972972972973,0.7576111419838845,0.68,0.8135593220338984,"[0.7868852459016393, 0.8135593220338984, 0.68, 0.75]","[0.5180049824421523, 0.5647995567927926, 0.5432138156890869, 0.5399492625147104]","[0.7228915662650602, 0.8137254901960784]","[[0.7272727272727273, 0.8571428571428571], [0.7894736842105263, 0.8571428571428571], [0.5, 0.6956521739130435], [0.5, 0.8333333333333334]]","[61, 59, 25, 40]",0.7694088319088319,"[0.7868852459016394, 0.8055139346718609, 0.5, 0.6666666666666667]",0.5,0.5647995567927926,0.7053571428571429,0.6728415915915916,0.5333333333333333,0.8108108108108109,"[0.8108108108108109, 0.7222222222222222, 0.5333333333333333, 0.625]","[0.53486779533528, 0.6413430178331004, 0.6709713657697042, 0.5984537558009227]","[0.68, 0.7258064516129032]","[[0.8, 0.8235294117647058], [0.7391304347826086, 0.6923076923076923], [0.0, 0.5714285714285714], [0.16666666666666666, 0.7777777777777778]]","[37, 36, 15, 24]",0.7024873219029221,"[0.8102564102564103, 0.7077922077922079, 0.34782608695652173, 0.4692874692874692]",0.34782608695652173,0.6709713657697042,"[0.32750463485717773, 0.32093557715415955, 0.1336173415184021, 0.21794243156909943]","[0.5641254981358846, 0.5887121756871542, 0.5988306932979159, 0.5773528748088412]","[0.3277232050895691, 0.3207463324069977, 0.1335453987121582, 0.2179851233959198]","[0.32905295491218567, 0.3194221556186676, 0.13322632014751434, 0.2182985544204712]",0.0
"{""run_name"": ""fedheart_exp_paper_hetagg_gdro"", ""seed"": 31337, ""run_dir"": ""runs/fedheart_uncapped/Shared_Anchors_GDRO_s31337_f3"", ""use_fedheart"": true, ""num_classes"": 2, ""stratified_batching"": true, ""train_frac"": 0.8, ""group_max_train_samples"": null, ""true_hetero_input_dim"": true, ""feature_mask"": [[0, 1, 2, 3, 5, 6, 7, 8, 9, 10], [0, 1, 2, 3, 5, 6, 11, 12], [0, 1, 2, 4, 5, 7, 11, 12], [0, 1, 2, 4, 5, 6, 8, 9, 10]], ""batch_size"": 64, ""num_workers"": 0, ""epochs"": 100, ""early_stopping_patience"": 30, ""lr"": 0.001, ""weight_decay"": 0.0001, ""optimizer"": ""adam"", ""grad_clip"": 1.0, ""lr_scheduler"": ""cosine"", ""lr_min"": 1e-05, ""latent_dim"": 64, ""head_hidden"": 32, ""groups"": [{""name"": ""cleveland"", ""encoder"": ""mlp_tabular_ln"", ""input_dim"": 13, ""hidden_dim"": 64, ""dropout"": 0.1}, {""name"": ""hungarian"", ""encoder"": ""mlp_tabular_ln"", ""input_dim"": 13, ""hidden_dim"": 64, ""dropout"": 0.1}, {""name"": ""switzerland"", ""encoder"": ""mlp_tabular_ln"", ""input_dim"": 13, ""hidden_dim"": 64, ""dropout"": 0.1}, {""name"": ""va_long_beach"", ""encoder"": ""mlp_tabular_ln"", ""input_dim"": 13, ""hidden_dim"": 64, ""dropout"": 0.1}], ""anchor_eps"": 0.0001, ""sep_samples_per_class"": 4, ""sep_method"": ""classifier"", ""sep_margin"": 1.0, ""lambda_fit"": 0.1, ""lambda_sep"": 0.1, ""groupdro_enabled"": true, ""groupdro_eta"": 0.02, ""groupdro_gamma"": 0.9, ""groupdro_update_mode"": ""exp"", ""groupdro_objective"": ""weighted"", ""groupdro_kl_lambda"": 0.0, ""groupdro_uniform_init"": false, ""log_interval"": 20, ""save_every"": 10, ""groupdro_ema_decay"": 0.9, ""groupdro_update_every"": 1, ""dro_signal"": ""val"", ""val_frac"": 0.15, ""impute_missing"": true, ""common_encoder"": true, ""use_regret"": false, ""data_split_seed"": 1003}","{""num_groups"": 4, ""num_classes"": 2, ""train_total"": 623, ""test_total"": 185, ""train_group_counts"": [205, 199, 83, 136], ""test_group_counts"": [61, 59, 25, 40], ""train_class_counts"": [278, 345], ""test_class_counts"": [83, 102], ""train_group_class_counts"": [[111, 94], [127, 72], [5, 78], [35, 101]], ""test_group_class_counts"": [[33, 28], [38, 21], [2, 23], [10, 30]], ""group_proportions"": [0.3290529695024077, 0.31942215088282505, 0.1332263242375602, 0.21829855537720708], ""val_group_counts"": [37, 36, 15, 24], ""val_total"": 112}","{""num_groups"": 4, ""eta"": 0.02, ""update_mode"": ""exp"", ""robust_objective"": ""weighted"", ""gamma"": 0.9, ""kl_lambda"": 0.0, ""initial_pi"": [0.32905295491218567, 0.3194221556186676, 0.13322632014751434, 0.2182985544204712]}",2026-09-16T04:09:33.465089,10,0.7188975943459405,0.71875,0.001,0.7891891891891892,0.7801111419838844,0.72,0.8135593220338984,"[0.7868852459016393, 0.8135593220338984, 0.72, 0.8]","[0.507763261311367, 0.5709991146952419, 0.5030124571919441, 0.5131078559905291]","[0.7108433734939759, 0.8529411764705882]","[[0.696969696969697, 0.8928571428571429], [0.7894736842105263, 0.8571428571428571], [0.5, 0.7391304347826086], [0.5, 0.9]]","[61, 59, 25, 40]",0.7842468825693011,"[0.7866559052999731, 0.8055139346718609, 0.5257452574525746, 0.7132616487455198]",0.5257452574525746,0.5709991146952419,0.7142857142857143,0.6931681681681682,0.6,0.7837837837837838,"[0.7837837837837838, 0.7222222222222222, 0.6, 0.6666666666666666]","[0.5302637787284078, 0.6551234734555086, 0.6272687047719956, 0.5980518689999977]","[0.62, 0.7903225806451613]","[[0.7, 0.8823529411764706], [0.6956521739130435, 0.7692307692307693], [0.0, 0.6428571428571429], [0.16666666666666666, 0.8333333333333334]]","[37, 36, 15, 24]",0.7067103109656301,"[0.7836257309941519, 0.7142857142857144, 0.375, 0.49473684210526314]",0.375,0.6551234734555086,"[0.32726359367370605, 0.3211425244808197, 0.13368991017341614, 0.21790394186973572]","[0.536218437883589, 0.5485308832592435, 0.6024074421988593, 0.6134769055578444]","[0.32750463485717773, 0.32093557715415955, 0.1336173415184021, 0.21794243156909943]","[0.32905295491218567, 0.3194221556186676, 0.13322632014751434, 0.2182985544204712]",0.0
"{""run_name"": ""fedheart_exp_paper_hetagg_gdro"", ""seed"": 31337, ""run_dir"": ""runs/fedheart_uncapped/Shared_Anchors_GDRO_s31337_f3"", ""use_fedheart"": true, ""num_classes"": 2, ""stratified_batching"": true, ""train_frac"": 0.8, ""group_max_train_samples"": null, ""true_hetero_input_dim"": true, ""feature_mask"": [[0, 1, 2, 3, 5, 6, 7, 8, 9, 10], [0, 1, 2, 3, 5, 6, 11, 12], [0, 1, 2, 4, 5, 7, 11, 12], [0, 1, 2, 4, 5, 6, 8, 9, 10]], ""batch_size"": 64, ""num_workers"": 0, ""epochs"": 100, ""early_stopping_patience"": 30, ""lr"": 0.001, ""weight_decay"": 0.0001, ""optimizer"": ""adam"", ""grad_clip"": 1.0, ""lr_scheduler"": ""cosine"", ""lr_min"": 1e-05, ""latent_dim"": 64, ""head_hidden"": 32, ""groups"": [{""name"": ""cleveland"", ""encoder"": ""mlp_tabular_ln"", ""input_dim"": 13, ""hidden_dim"": 64, ""dropout"": 0.1}, {""name"": ""hungarian"", ""encoder"": ""mlp_tabular_ln"", ""input_dim"": 13, ""hidden_dim"": 64, ""dropout"": 0.1}, {""name"": ""switzerland"", ""encoder"": ""mlp_tabular_ln"", ""input_dim"": 13, ""hidden_dim"": 64, ""dropout"": 0.1}, {""name"": ""va_long_beach"", ""encoder"": ""mlp_tabular_ln"", ""input_dim"": 13, ""hidden_dim"": 64, ""dropout"": 0.1}], ""anchor_eps"": 0.0001, ""sep_samples_per_class"": 4, ""sep_method"": ""classifier"", ""sep_margin"": 1.0, ""lambda_fit"": 0.1, ""lambda_sep"": 0.1, ""groupdro_enabled"": true, ""groupdro_eta"": 0.02, ""groupdro_gamma"": 0.9, ""groupdro_update_mode"": ""exp"", ""groupdro_objective"": ""weighted"", ""groupdro_kl_lambda"": 0.0, ""groupdro_uniform_init"": false, ""log_interval"": 20, ""save_every"": 10, ""groupdro_ema_decay"": 0.9, ""groupdro_update_every"": 1, ""dro_signal"": ""val"", ""val_frac"": 0.15, ""impute_missing"": true, ""common_encoder"": true, ""use_regret"": false, ""data_split_seed"": 1003}","{""num_groups"": 4, ""num_classes"": 2, ""train_total"": 623, ""test_total"": 185, ""train_group_counts"": [205, 199, 83, 136], ""test_group_counts"": [61, 59, 25, 40], ""train_class_counts"": [278, 345], ""test_class_counts"": [83, 102], ""train_group_class_counts"": [[111, 94], [127, 72], [5, 78], [35, 101]], ""test_group_class_counts"": [[33, 28], [38, 21], [2, 23], [10, 30]], ""group_proportions"": [0.3290529695024077, 0.31942215088282505, 0.1332263242375602, 0.21829855537720708], ""val_group_counts"": [37, 36, 15, 24], ""val_total"": 112}","{""num_groups"": 4, ""eta"": 0.02, ""update_mode"": ""exp"", ""robust_objective"": ""weighted"", ""gamma"": 0.9, ""kl_lambda"": 0.0, ""initial_pi"": [0.32905295491218567, 0.3194221556186676, 0.13322632014751434, 0.2182985544204712]}",2026-09-16T04:09:33.465089,11,0.696865525510576,0.7170138888888888,0.001,0.7783783783783784,0.7676111419838845,0.72,0.8135593220338984,"[0.7868852459016393, 0.8135593220338984, 0.72, 0.75]","[0.4978578773434045, 0.5556132663357056, 0.5229023444652557, 0.5173643786460161]","[0.7228915662650602, 0.8235294117647058]","[[0.7272727272727273, 0.8571428571428571], [0.7894736842105263, 0.8571428571428571], [0.5, 0.7391304347826086], [0.5, 0.8333333333333334]]","[61, 59, 25, 40]",0.7745846830515023,"[0.7868852459016394, 0.8055139346718609, 0.5257452574525746, 0.6666666666666667]",0.5257452574525746,0.5556132663357056,0.6964285714285714,0.6697447447447448,0.5333333333333333,0.7567567567567568,"[0.7567567567567568, 0.7222222222222222, 0.5333333333333333, 0.6666666666666666]","[0.5211091037537601, 0.6392987908588516, 0.6539732982714971, 0.5921501318613688]","[0.64, 0.7419354838709677]","[[0.7, 0.8235294117647058], [0.7391304347826086, 0.6923076923076923], [0.0, 0.5714285714285714], [0.16666666666666666, 0.8333333333333334]]","[37, 36, 15, 24]",0.691609977324263,"[0.7567567567567567, 0.7077922077922079, 0.34782608695652173, 0.49473684210526314]",0.34782608695652173,0.6539732982714971,"[0.32700014114379883, 0.3213590085506439, 0.13377171754837036, 0.21786919236183167]","[0.5524356663227081, 0.5869514279895358, 0.6009367605050405, 0.5456699066691928]","[0.32726359367370605, 0.3211425244808197, 0.13368991017341614, 0.21790394186973572]","[0.32905295491218567, 0.3194221556186676, 0.13322632014751434, 0.2182985544204712]",0.0
"{""run_name"": ""fedheart_exp_paper_hetagg_gdro"", ""seed"": 31337, ""run_dir"": ""runs/fedheart_uncapped/Shared_Anchors_GDRO_s31337_f3"", ""use_fedheart"": true, ""num_classes"": 2, ""stratified_batching"": true, ""train_frac"": 0.8, ""group_max_train_samples"": null, ""true_hetero_input_dim"": true, ""feature_mask"": [[0, 1, 2, 3, 5, 6, 7, 8, 9, 10], [0, 1, 2, 3, 5, 6, 11, 12], [0, 1, 2, 4, 5, 7, 11, 12], [0, 1, 2, 4, 5, 6, 8, 9, 10]], ""batch_size"": 64, ""num_workers"": 0, ""epochs"": 100, ""early_stopping_patience"": 30, ""lr"": 0.001, ""weight_decay"": 0.0001, ""optimizer"": ""adam"", ""grad_clip"": 1.0, ""lr_scheduler"": ""cosine"", ""lr_min"": 1e-05, ""latent_dim"": 64, ""head_hidden"": 32, ""groups"": [{""name"": ""cleveland"", ""encoder"": ""mlp_tabular_ln"", ""input_dim"": 13, ""hidden_dim"": 64, ""dropout"": 0.1}, {""name"": ""hungarian"", ""encoder"": ""mlp_tabular_ln"", ""input_dim"": 13, ""hidden_dim"": 64, ""dropout"": 0.1}, {""name"": ""switzerland"", ""encoder"": ""mlp_tabular_ln"", ""input_dim"": 13, ""hidden_dim"": 64, ""dropout"": 0.1}, {""name"": ""va_long_beach"", ""encoder"": ""mlp_tabular_ln"", ""input_dim"": 13, ""hidden_dim"": 64, ""dropout"": 0.1}], ""anchor_eps"": 0.0001, ""sep_samples_per_class"": 4, ""sep_method"": ""classifier"", ""sep_margin"": 1.0, ""lambda_fit"": 0.1, ""lambda_sep"": 0.1, ""groupdro_enabled"": true, ""groupdro_eta"": 0.02, ""groupdro_gamma"": 0.9, ""groupdro_update_mode"": ""exp"", ""groupdro_objective"": ""weighted"", ""groupdro_kl_lambda"": 0.0, ""groupdro_uniform_init"": false, ""log_interval"": 20, ""save_every"": 10, ""groupdro_ema_decay"": 0.9, ""groupdro_update_every"": 1, ""dro_signal"": ""val"", ""val_frac"": 0.15, ""impute_missing"": true, ""common_encoder"": true, ""use_regret"": false, ""data_split_seed"": 1003}","{""num_groups"": 4, ""num_classes"": 2, ""train_total"": 623, ""test_total"": 185, ""train_group_counts"": [205, 199, 83, 136], ""test_group_counts"": [61, 59, 25, 40], ""train_class_counts"": [278, 345], ""test_class_counts"": [83, 102], ""train_group_class_counts"": [[111, 94], [127, 72], [5, 78], [35, 101]], ""test_group_class_counts"": [[33, 28], [38, 21], [2, 23], [10, 30]], ""group_proportions"": [0.3290529695024077, 0.31942215088282505, 0.1332263242375602, 0.21829855537720708], ""val_group_counts"": [37, 36, 15, 24], ""val_total"": 112}","{""num_groups"": 4, ""eta"": 0.02, ""update_mode"": ""exp"", ""robust_objective"": ""weighted"", ""gamma"": 0.9, ""kl_lambda"": 0.0, ""initial_pi"": [0.32905295491218567, 0.3194221556186676, 0.13322632014751434, 0.2182985544204712]}",2026-09-16T04:09:33.465089,12,0.6479490399360657,0.7621527777777778,0.001,0.772972972972973,0.7615000694637399,0.72,0.8305084745762712,"[0.7704918032786885, 0.8305084745762712, 0.72, 0.725]","[0.481005785040191, 0.5412991752816458, 0.524416190981865, 0.5140873093158007]","[0.7469879518072289, 0.7941176470588235]","[[0.7272727272727273, 0.8214285714285714], [0.8157894736842105, 0.8571428571428571], [0.5, 0.7391304347826086], [0.6, 0.7666666666666667]]","[61, 59, 25, 40]",0.7705527994330261,"[0.7704301075268817, 0.8218599033816425, 0.5257452574525746, 0.6643783371472158]",0.5257452574525746,0.5412991752816458,0.6964285714285714,0.6660848348348348,0.5333333333333333,0.7837837837837838,"[0.7837837837837838, 0.7222222222222222, 0.5333333333333333, 0.625]","[0.5034607751546679, 0.6376101697484652, 0.6561692972977956, 0.6068182531744242]","[0.66, 0.7258064516129032]","[[0.75, 0.8235294117647058], [0.7391304347826086, 0.6923076923076923], [0.0, 0.5714285714285714], [0.16666666666666666, 0.7777777777777778]]","[37, 36, 15, 24]",0.6929032258064516,"[0.783625730994152, 0.7077922077922079, 0.34782608695652173, 0.4692874692874692]",0.34782608695652173,0.6561692972977956,"[0.32670676708221436, 0.32158470153808594, 0.13386313617229462, 0.2178453505039215]","[0.49571291274494594, 0.5471076170603434, 0.5982158780097961, 0.5417596167988248]","[0.32700014114379883, 0.3213590085506439, 0.13377171754837036, 0.21786919236183167]","[0.32905295491218567, 0.3194221556186676, 0.13322632014751434, 0.2182985544204712]",0.0
"{""run_name"": ""fedheart_exp_paper_hetagg_gdro"", ""seed"": 31337, ""run_dir"": ""runs/fedheart_uncapped/Shared_Anchors_GDRO_s31337_f3"", ""use_fedheart"": true, ""num_classes"": 2, ""stratified_batching"": true, ""train_frac"": 0.8, ""group_max_train_samples"": null, ""true_hetero_input_dim"": true, ""feature_mask"": [[0, 1, 2, 3, 5, 6, 7, 8, 9, 10], [0, 1, 2, 3, 5, 6, 11, 12], [0, 1, 2, 4, 5, 7, 11, 12], [0, 1, 2, 4, 5, 6, 8, 9, 10]], ""batch_size"": 64, ""num_workers"": 0, ""epochs"": 100, ""early_stopping_patience"": 30, ""lr"": 0.001, ""weight_decay"": 0.0001, ""optimizer"": ""adam"", ""grad_clip"": 1.0, ""lr_scheduler"": ""cosine"", ""lr_min"": 1e-05, ""latent_dim"": 64, ""head_hidden"": 32, ""groups"": [{""name"": ""cleveland"", ""encoder"": ""mlp_tabular_ln"", ""input_dim"": 13, ""hidden_dim"": 64, ""dropout"": 0.1}, {""name"": ""hungarian"", ""encoder"": ""mlp_tabular_ln"", ""input_dim"": 13, ""hidden_dim"": 64, ""dropout"": 0.1}, {""name"": ""switzerland"", ""encoder"": ""mlp_tabular_ln"", ""input_dim"": 13, ""hidden_dim"": 64, ""dropout"": 0.1}, {""name"": ""va_long_beach"", ""encoder"": ""mlp_tabular_ln"", ""input_dim"": 13, ""hidden_dim"": 64, ""dropout"": 0.1}], ""anchor_eps"": 0.0001, ""sep_samples_per_class"": 4, ""sep_method"": ""classifier"", ""sep_margin"": 1.0, ""lambda_fit"": 0.1, ""lambda_sep"": 0.1, ""groupdro_enabled"": true, ""groupdro_eta"": 0.02, ""groupdro_gamma"": 0.9, ""groupdro_update_mode"": ""exp"", ""groupdro_objective"": ""weighted"", ""groupdro_kl_lambda"": 0.0, ""groupdro_uniform_init"": false, ""log_interval"": 20, ""save_every"": 10, ""groupdro_ema_decay"": 0.9, ""groupdro_update_every"": 1, ""dro_signal"": ""val"", ""val_frac"": 0.15, ""impute_missing"": true, ""common_encoder"": true, ""use_regret"": false, ""data_split_seed"": 1003}","{""num_groups"": 4, ""num_classes"": 2, ""train_total"": 623, ""test_total"": 185, ""train_group_counts"": [205, 199, 83, 136], ""test_group_counts"": [61, 59, 25, 40], ""train_class_counts"": [278, 345], ""test_class_counts"": [83, 102], ""train_group_class_counts"": [[111, 94], [127, 72], [5, 78], [35, 101]], ""test_group_class_counts"": [[33, 28], [38, 21], [2, 23], [10, 30]], ""group_proportions"": [0.3290529695024077, 0.31942215088282505, 0.1332263242375602, 0.21829855537720708], ""val_group_counts"": [37, 36, 15, 24], ""val_total"": 112}","{""num_groups"": 4, ""eta"": 0.02, ""update_mode"": ""exp"", ""robust_objective"": ""weighted"", ""gamma"": 0.9, ""kl_lambda"": 0.0, ""initial_pi"": [0.32905295491218567, 0.3194221556186676, 0.13322632014751434, 0.2182985544204712]}",2026-09-16T04:09:33.465089,13,0.6333929697672526,0.7309027777777778,0.001,0.7621621621621621,0.753164420672409,0.72,0.8135593220338984,"[0.7540983606557377, 0.8135593220338984, 0.72, 0.725]","[0.4769843546826331, 0.5449291390635199, 0.511587208211422, 0.5067814795300365]","[0.7108433734939759, 0.803921568627451]","[[0.696969696969697, 0.8214285714285714], [0.7894736842105263, 0.8571428571428571], [0.5, 0.7391304347826086], [0.5, 0.8]]","[61, 59, 25, 40]",0.7584283000949668,"[0.7540983606557378, 0.8055139346718609, 0.5257452574525746, 0.6448748991121872]",0.5257452574525746,0.5449291390635199,0.7142857142857143,0.6895082582582582,0.6,0.8108108108108109,"[0.8108108108108109, 0.7222222222222222, 0.6, 0.625]","[0.5017772298809644, 0.6468897112127807, 0.6289495338996252, 0.6182989133521914]","[0.66, 0.7580645161290323]","[[0.75, 0.8823529411764706], [0.7391304347826086, 0.6923076923076923], [0.0, 0.6428571428571429], [0.16666666666666666, 0.7777777777777778]]","[37, 36, 15, 24]",0.709750566893424,"[0.8108108108108107, 0.7077922077922079, 0.375, 0.4692874692874692]",0.375,0.6468897112127807,"[0.3263847231864929, 0.32182392477989197, 0.13395564258098602, 0.21783575415611267]","[0.4920544657442305, 0.5542161100440555, 0.5617656409740448, 0.5631526741716597]","[0.32670676708221436, 0.32158470153808594, 0.13386313617229462, 0.2178453505039215]","[0.32905295491218567, 0.3194221556186676, 0.13322632014751434, 0.2182985544204712]",0.0
"{""run_name"": ""fedheart_exp_paper_hetagg_gdro"", ""seed"": 31337, ""run_dir"": ""runs/fedheart_uncapped/Shared_Anchors_GDRO_s31337_f3"", ""use_fedheart"": true, ""num_classes"": 2, ""stratified_batching"": true, ""train_frac"": 0.8, ""group_max_train_samples"": null, ""true_hetero_input_dim"": true, ""feature_mask"": [[0, 1, 2, 3, 5, 6, 7, 8, 9, 10], [0, 1, 2, 3, 5, 6, 11, 12], [0, 1, 2, 4, 5, 7, 11, 12], [0, 1, 2, 4, 5, 6, 8, 9, 10]], ""batch_size"": 64, ""num_workers"": 0, ""epochs"": 100, ""early_stopping_patience"": 30, ""lr"": 0.001, ""weight_decay"": 0.0001, ""optimizer"": ""adam"", ""grad_clip"": 1.0, ""lr_scheduler"": ""cosine"", ""lr_min"": 1e-05, ""latent_dim"": 64, ""head_hidden"": 32, ""groups"": [{""name"": ""cleveland"", ""encoder"": ""mlp_tabular_ln"", ""input_dim"": 13, ""hidden_dim"": 64, ""dropout"": 0.1}, {""name"": ""hungarian"", ""encoder"": ""mlp_tabular_ln"", ""input_dim"": 13, ""hidden_dim"": 64, ""dropout"": 0.1}, {""name"": ""switzerland"", ""encoder"": ""mlp_tabular_ln"", ""input_dim"": 13, ""hidden_dim"": 64, ""dropout"": 0.1}, {""name"": ""va_long_beach"", ""encoder"": ""mlp_tabular_ln"", ""input_dim"": 13, ""hidden_dim"": 64, ""dropout"": 0.1}], ""anchor_eps"": 0.0001, ""sep_samples_per_class"": 4, ""sep_method"": ""classifier"", ""sep_margin"": 1.0, ""lambda_fit"": 0.1, ""lambda_sep"": 0.1, ""groupdro_enabled"": true, ""groupdro_eta"": 0.02, ""groupdro_gamma"": 0.9, ""groupdro_update_mode"": ""exp"", ""groupdro_objective"": ""weighted"", ""groupdro_kl_lambda"": 0.0, ""groupdro_uniform_init"": false, ""log_interval"": 20, ""save_every"": 10, ""groupdro_ema_decay"": 0.9, ""groupdro_update_every"": 1, ""dro_signal"": ""val"", ""val_frac"": 0.15, ""impute_missing"": true, ""common_encoder"": true, ""use_regret"": false, ""data_split_seed"": 1003}","{""num_groups"": 4, ""num_classes"": 2, ""train_total"": 623, ""test_total"": 185, ""train_group_counts"": [205, 199, 83, 136], ""test_group_counts"": [61, 59, 25, 40], ""train_class_counts"": [278, 345], ""test_class_counts"": [83, 102], ""train_group_class_counts"": [[111, 94], [127, 72], [5, 78], [35, 101]], ""test_group_class_counts"": [[33, 28], [38, 21], [2, 23], [10, 30]], ""group_proportions"": [0.3290529695024077, 0.31942215088282505, 0.1332263242375602, 0.21829855537720708], ""val_group_counts"": [37, 36, 15, 24], ""val_total"": 112}","{""num_groups"": 4, ""eta"": 0.02, ""update_mode"": ""exp"", ""robust_objective"": ""weighted"", ""gamma"": 0.9, ""kl_lambda"": 0.0, ""initial_pi"": [0.32905295491218567, 0.3194221556186676, 0.13322632014751434, 0.2182985544204712]}",2026-09-16T04:09:33.465089,14,0.6036651399400499,0.7552083333333334,0.001,0.7513513513513513,0.7364976382328424,0.68,0.8032786885245902,"[0.8032786885245902, 0.7627118644067796, 0.68, 0.7]","[0.4483969615863972, 0.49525566424353645, 0.6138588628172874, 0.5556322712451219]","[0.8313253012048193, 0.6862745098039216]","[[0.8787878787878788, 0.7142857142857143], [0.8157894736842105, 0.6666666666666666], [1.0, 0.6521739130434783], [0.7, 0.7]]","[61, 59, 25, 40]",0.7513440860215055,"[0.7989010989010988, 0.7412280701754386, 0.5614035087719298, 0.658119658119658]",0.5614035087719298,0.6138588628172874,0.6696428571428571,0.6160848348348348,0.3333333333333333,0.7837837837837838,"[0.7837837837837838, 0.7222222222222222, 0.3333333333333333, 0.625]","[0.4854627336199219, 0.6175542498628298, 0.8043355494737625, 0.6336045246571302]","[0.7, 0.6451612903225806]","[[0.85, 0.7058823529411765], [0.7391304347826086, 0.6923076923076923], [0.0, 0.35714285714285715], [0.16666666666666666, 0.7777777777777778]]","[37, 36, 15, 24]",0.6689831456186597,"[0.7797619047619049, 0.7077922077922079, 0.25, 0.4692874692874692]",0.25,0.8043355494737625,"[0.3260183036327362, 0.32204851508140564, 0.13409285247325897, 0.21784032881259918]","[0.5063602162732018, 0.5350800189707015, 0.5294845865832435, 0.5289817319975959]","[0.3263847231864929, 0.32182392477989197, 0.13395564258098602, 0.21783575415611267]","[0.32905295491218567, 0.3194221556186676, 0.13322632014751434, 0.2182985544204712]",0.0
"{""run_name"": ""fedheart_exp_paper_hetagg_gdro"", ""seed"": 31337, ""run_dir"": ""runs/fedheart_uncapped/Shared_Anchors_GDRO_s31337_f3"", ""use_fedheart"": true, ""num_classes"": 2, ""stratified_batching"": true, ""train_frac"": 0.8, ""group_max_train_samples"": null, ""true_hetero_input_dim"": true, ""feature_mask"": [[0, 1, 2, 3, 5, 6, 7, 8, 9, 10], [0, 1, 2, 3, 5, 6, 11, 12], [0, 1, 2, 4, 5, 7, 11, 12], [0, 1, 2, 4, 5, 6, 8, 9, 10]], ""batch_size"": 64, ""num_workers"": 0, ""epochs"": 100, ""early_stopping_patience"": 30, ""lr"": 0.001, ""weight_decay"": 0.0001, ""optimizer"": ""adam"", ""grad_clip"": 1.0, ""lr_scheduler"": ""cosine"", ""lr_min"": 1e-05, ""latent_dim"": 64, ""head_hidden"": 32, ""groups"": [{""name"": ""cleveland"", ""encoder"": ""mlp_tabular_ln"", ""input_dim"": 13, ""hidden_dim"": 64, ""dropout"": 0.1}, {""name"": ""hungarian"", ""encoder"": ""mlp_tabular_ln"", ""input_dim"": 13, ""hidden_dim"": 64, ""dropout"": 0.1}, {""name"": ""switzerland"", ""encoder"": ""mlp_tabular_ln"", ""input_dim"": 13, ""hidden_dim"": 64, ""dropout"": 0.1}, {""name"": ""va_long_beach"", ""encoder"": ""mlp_tabular_ln"", ""input_dim"": 13, ""hidden_dim"": 64, ""dropout"": 0.1}], ""anchor_eps"": 0.0001, ""sep_samples_per_class"": 4, ""sep_method"": ""classifier"", ""sep_margin"": 1.0, ""lambda_fit"": 0.1, ""lambda_sep"": 0.1, ""groupdro_enabled"": true, ""groupdro_eta"": 0.02, ""groupdro_gamma"": 0.9, ""groupdro_update_mode"": ""exp"", ""groupdro_objective"": ""weighted"", ""groupdro_kl_lambda"": 0.0, ""groupdro_uniform_init"": false, ""log_interval"": 20, ""save_every"": 10, ""groupdro_ema_decay"": 0.9, ""groupdro_update_every"": 1, ""dro_signal"": ""val"", ""val_frac"": 0.15, ""impute_missing"": true, ""common_encoder"": true, ""use_regret"": false, ""data_split_seed"": 1003}","{""num_groups"": 4, ""num_classes"": 2, ""train_total"": 623, ""test_total"": 185, ""train_group_counts"": [205, 199, 83, 136], ""test_group_counts"": [61, 59, 25, 40], ""train_class_counts"": [278, 345], ""test_class_counts"": [83, 102], ""train_group_class_counts"": [[111, 94], [127, 72], [5, 78], [35, 101]], ""test_group_class_counts"": [[33, 28], [38, 21], [2, 23], [10, 30]], ""group_proportions"": [0.3290529695024077, 0.31942215088282505, 0.1332263242375602, 0.21829855537720708], ""val_group_counts"": [37, 36, 15, 24], ""val_total"": 112}","{""num_groups"": 4, ""eta"": 0.02, ""update_mode"": ""exp"", ""robust_objective"": ""weighted"", ""gamma"": 0.9, ""kl_lambda"": 0.0, ""initial_pi"": [0.32905295491218567, 0.3194221556186676, 0.13322632014751434, 0.2182985544204712]}",2026-09-16T04:09:33.465089,15,0.6173017885949876,0.7222222222222222,0.001,0.7513513513513513,0.7467025562656293,0.72,0.7627118644067796,"[0.7540983606557377, 0.7627118644067796, 0.72, 0.75]","[0.5125522613525391, 0.5695568695664406, 0.4711211504042149, 0.49186175111681224]","[0.6265060240963856, 0.8529411764705882]","[[0.6363636363636364, 0.8928571428571429], [0.6842105263157895, 0.9047619047619048], [0.5, 0.7391304347826086], [0.4, 0.8666666666666667]]","[61, 59, 25, 40]",0.7421212121212122,"[0.7530364372469636, 0.7593240093240092, 0.5257452574525746, 0.6415770609318997]",0.5257452574525746,0.5695568695664406,0.7321428571428571,0.7301614114114114,0.7083333333333334,0.7567567567567568,"[0.7567567567567568, 0.7222222222222222, 0.7333333333333333, 0.7083333333333334]","[0.5326089156237809, 0.6862057979322143, 0.5561564246813456, 0.6237651975825429]","[0.6, 0.8387096774193549]","[[0.65, 0.8823529411764706], [0.6956521739130435, 0.7692307692307693], [0.0, 0.7857142857142857], [0.16666666666666666, 0.8888888888888888]]","[37, 36, 15, 24]",0.7213930348258706,"[0.756043956043956, 0.7142857142857144, 0.4230769230769231, 0.5213675213675213]",0.4230769230769231,0.6862057979322143,"[0.3256414532661438, 0.3223028779029846, 0.134203240275383, 0.21785244345664978]","[0.5067766308784485, 0.5218423638078902, 0.6392291684945425, 0.5990132656362321]","[0.3260183036327362, 0.32204851508140564, 0.13409285247325897, 0.21784032881259918]","[0.32905295491218567, 0.3194221556186676, 0.13322632014751434, 0.2182985544204712]",0.0
"{""run_name"": ""fedheart_exp_paper_hetagg_gdro"", ""seed"": 31337, ""run_dir"": ""runs/fedheart_uncapped/Shared_Anchors_GDRO_s31337_f3"", ""use_fedheart"": true, ""num_classes"": 2, ""stratified_batching"": true, ""train_frac"": 0.8, ""group_max_train_samples"": null, ""true_hetero_input_dim"": true, ""feature_mask"": [[0, 1, 2, 3, 5, 6, 7, 8, 9, 10], [0, 1, 2, 3, 5, 6, 11, 12], [0, 1, 2, 4, 5, 7, 11, 12], [0, 1, 2, 4, 5, 6, 8, 9, 10]], ""batch_size"": 64, ""num_workers"": 0, ""epochs"": 100, ""early_stopping_patience"": 30, ""lr"": 0.001, ""weight_decay"": 0.0001, ""optimizer"": ""adam"", ""grad_clip"": 1.0, ""lr_scheduler"": ""cosine"", ""lr_min"": 1e-05, ""latent_dim"": 64, ""head_hidden"": 32, ""groups"": [{""name"": ""cleveland"", ""encoder"": ""mlp_tabular_ln"", ""input_dim"": 13, ""hidden_dim"": 64, ""dropout"": 0.1}, {""name"": ""hungarian"", ""encoder"": ""mlp_tabular_ln"", ""input_dim"": 13, ""hidden_dim"": 64, ""dropout"": 0.1}, {""name"": ""switzerland"", ""encoder"": ""mlp_tabular_ln"", ""input_dim"": 13, ""hidden_dim"": 64, ""dropout"": 0.1}, {""name"": ""va_long_beach"", ""encoder"": ""mlp_tabular_ln"", ""input_dim"": 13, ""hidden_dim"": 64, ""dropout"": 0.1}], ""anchor_eps"": 0.0001, ""sep_samples_per_class"": 4, ""sep_method"": ""classifier"", ""sep_margin"": 1.0, ""lambda_fit"": 0.1, ""lambda_sep"": 0.1, ""groupdro_enabled"": true, ""groupdro_eta"": 0.02, ""groupdro_gamma"": 0.9, ""groupdro_update_mode"": ""exp"", ""groupdro_objective"": ""weighted"", ""groupdro_kl_lambda"": 0.0, ""groupdro_uniform_init"": false, ""log_interval"": 20, ""save_every"": 10, ""groupdro_ema_decay"": 0.9, ""groupdro_update_every"": 1, ""dro_signal"": ""val"", ""val_frac"": 0.15, ""impute_missing"": true, ""common_encoder"": true, ""use_regret"": false, ""data_split_seed"": 1003}","{""num_groups"": 4, ""num_classes"": 2, ""train_total"": 623, ""test_total"": 185, ""train_group_counts"": [205, 199, 83, 136], ""test_group_counts"": [61, 59, 25, 40], ""train_class_counts"": [278, 345], ""test_class_counts"": [83, 102], ""train_group_class_counts"": [[111, 94], [127, 72], [5, 78], [35, 101]], ""test_group_class_counts"": [[33, 28], [38, 21], [2, 23], [10, 30]], ""group_proportions"": [0.3290529695024077, 0.31942215088282505, 0.1332263242375602, 0.21829855537720708], ""val_group_counts"": [37, 36, 15, 24], ""val_total"": 112}","{""num_groups"": 4, ""eta"": 0.02, ""update_mode"": ""exp"", ""robust_objective"": ""weighted"", ""gamma"": 0.9, ""kl_lambda"": 0.0, ""initial_pi"": [0.32905295491218567, 0.3194221556186676, 0.13322632014751434, 0.2182985544204712]}",2026-09-16T04:09:33.465089,16,0.5700827638308207,0.7465277777777778,0.001,0.7405405405405405,0.7223992775771048,0.64,0.7868852459016393,"[0.7868852459016393, 0.7627118644067796, 0.64, 0.7]","[0.44512335821741916, 0.4808427161079342, 0.6311333853006363, 0.566435220465064]","[0.8313253012048193, 0.6666666666666666]","[[0.8787878787878788, 0.6785714285714286], [0.8157894736842105, 0.6666666666666666], [1.0, 0.6086956521739131], [0.7, 0.7]]","[61, 59, 25, 40]",0.7405329593267882,"[0.7809997238331954, 0.7412280701754386, 0.5322245322245323, 0.658119658119658]",0.5322245322245323,0.6311333853006363,0.6607142857142857,0.6188626126126127,0.4,0.7837837837837838,"[0.7837837837837838, 0.6666666666666666, 0.4, 0.625]","[0.48541768519459544, 0.6165073650578657, 0.839824037750562, 0.6475203838199377]","[0.7, 0.6290322580645161]","[[0.85, 0.7058823529411765], [0.7391304347826086, 0.5384615384615384], [0.0, 0.42857142857142855], [0.16666666666666666, 0.7777777777777778]]","[37, 36, 15, 24]",0.6602809706257982,"[0.7797619047619049, 0.6387959866220735, 0.2857142857142857, 0.4692874692874692]",0.2857142857142857,0.839824037750562,"[0.3252210021018982, 0.32253557443618774, 0.13436415791511536, 0.2178792953491211]","[0.5095607803927528, 0.5064651303821139, 0.46688908007409835, 0.5613817837503221]","[0.3256414532661438, 0.3223028779029846, 0.134203240275383, 0.21785244345664978]","[0.32905295491218567, 0.3194221556186676, 0.13322632014751434, 0.2182985544204712]",0.0
"{""run_name"": ""fedheart_exp_paper_hetagg_gdro"", ""seed"": 31337, ""run_dir"": ""runs/fedheart_uncapped/Shared_Anchors_GDRO_s31337_f3"", ""use_fedheart"": true, ""num_classes"": 2, ""stratified_batching"": true, ""train_frac"": 0.8, ""group_max_train_samples"": null, ""true_hetero_input_dim"": true, ""feature_mask"": [[0, 1, 2, 3, 5, 6, 7, 8, 9, 10], [0, 1, 2, 3, 5, 6, 11, 12], [0, 1, 2, 4, 5, 7, 11, 12], [0, 1, 2, 4, 5, 6, 8, 9, 10]], ""batch_size"": 64, ""num_workers"": 0, ""epochs"": 100, ""early_stopping_patience"": 30, ""lr"": 0.001, ""weight_decay"": 0.0001, ""optimizer"": ""adam"", ""grad_clip"": 1.0, ""lr_scheduler"": ""cosine"", ""lr_min"": 1e-05, ""latent_dim"": 64, ""head_hidden"": 32, ""groups"": [{""name"": ""cleveland"", ""encoder"": ""mlp_tabular_ln"", ""input_dim"": 13, ""hidden_dim"": 64, ""dropout"": 0.1}, {""name"": ""hungarian"", ""encoder"": ""mlp_tabular_ln"", ""input_dim"": 13, ""hidden_dim"": 64, ""dropout"": 0.1}, {""name"": ""switzerland"", ""encoder"": ""mlp_tabular_ln"", ""input_dim"": 13, ""hidden_dim"": 64, ""dropout"": 0.1}, {""name"": ""va_long_beach"", ""encoder"": ""mlp_tabular_ln"", ""input_dim"": 13, ""hidden_dim"": 64, ""dropout"": 0.1}], ""anchor_eps"": 0.0001, ""sep_samples_per_class"": 4, ""sep_method"": ""classifier"", ""sep_margin"": 1.0, ""lambda_fit"": 0.1, ""lambda_sep"": 0.1, ""groupdro_enabled"": true, ""groupdro_eta"": 0.02, ""groupdro_gamma"": 0.9, ""groupdro_update_mode"": ""exp"", ""groupdro_objective"": ""weighted"", ""groupdro_kl_lambda"": 0.0, ""groupdro_uniform_init"": false, ""log_interval"": 20, ""save_every"": 10, ""groupdro_ema_decay"": 0.9, ""groupdro_update_every"": 1, ""dro_signal"": ""val"", ""val_frac"": 0.15, ""impute_missing"": true, ""common_encoder"": true, ""use_regret"": false, ""data_split_seed"": 1003}","{""num_groups"": 4, ""num_classes"": 2, ""train_total"": 623, ""test_total"": 185, ""train_group_counts"": [205, 199, 83, 136], ""test_group_counts"": [61, 59, 25, 40], ""train_class_counts"": [278, 345], ""test_class_counts"": [83, 102], ""train_group_class_counts"": [[111, 94], [127, 72], [5, 78], [35, 101]], ""test_group_class_counts"": [[33, 28], [38, 21], [2, 23], [10, 30]], ""group_proportions"": [0.3290529695024077, 0.31942215088282505, 0.1332263242375602, 0.21829855537720708], ""val_group_counts"": [37, 36, 15, 24], ""val_total"": 112}","{""num_groups"": 4, ""eta"": 0.02, ""update_mode"": ""exp"", ""robust_objective"": ""weighted"", ""gamma"": 0.9, ""kl_lambda"": 0.0, ""initial_pi"": [0.32905295491218567, 0.3194221556186676, 0.13322632014751434, 0.2182985544204712]}",2026-09-16T04:09:33.465089,17,0.5711157785521613,0.7534722222222222,0.001,0.772972972972973,0.7655254931925535,0.72,0.7966101694915254,"[0.7704918032786885, 0.7966101694915254, 0.72, 0.775]","[0.49088594189188517, 0.5520824825359603, 0.49517923697829247, 0.5004008675925433]","[0.7108433734939759, 0.8235294117647058]","[[0.7272727272727273, 0.8214285714285714], [0.7631578947368421, 0.8571428571428571], [0.5, 0.7391304347826086], [0.5, 0.8666666666666667]]","[61, 59, 25, 40]",0.7687499999999999,"[0.7704301075268817, 0.7892857142857144, 0.5257452574525746, 0.6893874029335634]",0.5257452574525746,0.5520824825359603,0.7232142857142857,0.7234046546546546,0.7083333333333334,0.7333333333333333,"[0.7297297297297297, 0.7222222222222222, 0.7333333333333333, 0.7083333333333334]","[0.5220998993797882, 0.6722302478220727, 0.6019015928109487, 0.6449412276657919]","[0.62, 0.8064516129032258]","[[0.65, 0.8235294117647058], [0.7391304347826086, 0.6923076923076923], [0.0, 0.7857142857142857], [0.16666666666666666, 0.8888888888888888]]","[37, 36, 15, 24]",0.7150127226463104,"[0.72953216374269, 0.7077922077922079, 0.4230769230769231, 0.5213675213675213]",0.4230769230769231,0.6722302478220727,"[0.3247869610786438, 0.3227863311767578, 0.13450738787651062, 0.21791936457157135]","[0.4964766369925605, 0.4778558678097195, 0.5970839096440209, 0.5837813781367408]","[0.3252210021018982, 0.32253557443618774, 0.13436415791511536, 0.2178792953491211]","[0.32905295491218567, 0.3194221556186676, 0.13322632014751434, 0.2182985544204712]",0.0
"{""run_name"": ""fedheart_exp_paper_hetagg_gdro"", ""seed"": 31337, ""run_dir"": ""runs/fedheart_uncapped/Shared_Anchors_GDRO_s31337_f3"", ""use_fedheart"": true, ""num_classes"": 2, ""stratified_batching"": true, ""train_frac"": 0.8, ""group_max_train_samples"": null, ""true_hetero_input_dim"": true, ""feature_mask"": [[0, 1, 2, 3, 5, 6, 7, 8, 9, 10], [0, 1, 2, 3, 5, 6, 11, 12], [0, 1, 2, 4, 5, 7, 11, 12], [0, 1, 2, 4, 5, 6, 8, 9, 10]], ""batch_size"": 64, ""num_workers"": 0, ""epochs"": 100, ""early_stopping_patience"": 30, ""lr"": 0.001, ""weight_decay"": 0.0001, ""optimizer"": ""adam"", ""grad_clip"": 1.0, ""lr_scheduler"": ""cosine"", ""lr_min"": 1e-05, ""latent_dim"": 64, ""head_hidden"": 32, ""groups"": [{""name"": ""cleveland"", ""encoder"": ""mlp_tabular_ln"", ""input_dim"": 13, ""hidden_dim"": 64, ""dropout"": 0.1}, {""name"": ""hungarian"", ""encoder"": ""mlp_tabular_ln"", ""input_dim"": 13, ""hidden_dim"": 64, ""dropout"": 0.1}, {""name"": ""switzerland"", ""encoder"": ""mlp_tabular_ln"", ""input_dim"": 13, ""hidden_dim"": 64, ""dropout"": 0.1}, {""name"": ""va_long_beach"", ""encoder"": ""mlp_tabular_ln"", ""input_dim"": 13, ""hidden_dim"": 64, ""dropout"": 0.1}], ""anchor_eps"": 0.0001, ""sep_samples_per_class"": 4, ""sep_method"": ""classifier"", ""sep_margin"": 1.0, ""lambda_fit"": 0.1, ""lambda_sep"": 0.1, ""groupdro_enabled"": true, ""groupdro_eta"": 0.02, ""groupdro_gamma"": 0.9, ""groupdro_update_mode"": ""exp"", ""groupdro_objective"": ""weighted"", ""groupdro_kl_lambda"": 0.0, ""groupdro_uniform_init"": false, ""log_interval"": 20, ""save_every"": 10, ""groupdro_ema_decay"": 0.9, ""groupdro_update_every"": 1, ""dro_signal"": ""val"", ""val_frac"": 0.15, ""impute_missing"": true, ""common_encoder"": true, ""use_regret"": false, ""data_split_seed"": 1003}","{""num_groups"": 4, ""num_classes"": 2, ""train_total"": 623, ""test_total"": 185, ""train_group_counts"": [205, 199, 83, 136], ""test_group_counts"": [61, 59, 25, 40], ""train_class_counts"": [278, 345], ""test_class_counts"": [83, 102], ""train_group_class_counts"": [[111, 94], [127, 72], [5, 78], [35, 101]], ""test_group_class_counts"": [[33, 28], [38, 21], [2, 23], [10, 30]], ""group_proportions"": [0.3290529695024077, 0.31942215088282505, 0.1332263242375602, 0.21829855537720708], ""val_group_counts"": [37, 36, 15, 24], ""val_total"": 112}","{""num_groups"": 4, ""eta"": 0.02, ""update_mode"": ""exp"", ""robust_objective"": ""weighted"", ""gamma"": 0.9, ""kl_lambda"": 0.0, ""initial_pi"": [0.32905295491218567, 0.3194221556186676, 0.13322632014751434, 0.2182985544204712]}",2026-09-16T04:09:33.465089,18,0.5737570921579996,0.7395833333333334,0.001,0.772972972972973,0.7652500694637399,0.7,0.8305084745762712,"[0.7704918032786885, 0.8305084745762712, 0.76, 0.7]","[0.44798619874188156, 0.4913231421072604, 0.5857452046871185, 0.5269572587683797]","[0.7831325301204819, 0.7647058823529411]","[[0.7878787878787878, 0.75], [0.8157894736842105, 0.8571428571428571], [1.0, 0.7391304347826086], [0.6, 0.7333333333333333]]","[61, 59, 25, 40]",0.7718463706835801,"[0.7689393939393939, 0.8218599033816425, 0.625, 0.6428571428571428]",0.625,0.5857452046871185,0.6875,0.6395082582582583,0.4,0.8108108108108109,"[0.8108108108108109, 0.7222222222222222, 0.4, 0.625]","[0.488044411145352, 0.6156804410533773, 0.7582010606924693, 0.6466546021401882]","[0.7, 0.6774193548387096]","[[0.85, 0.7647058823529411], [0.7391304347826086, 0.6923076923076923], [0.0, 0.42857142857142855], [0.16666666666666666, 0.7777777777777778]]","[37, 36, 15, 24]",0.6862745098039216,"[0.8085735402808574, 0.7077922077922079, 0.2857142857142857, 0.4692874692874692]",0.2857142857142857,0.7582010606924693,"[0.32432377338409424, 0.32302185893058777, 0.13467885553836823, 0.21797548234462738]","[0.5063642892572615, 0.516052269273334, 0.5147280858622657, 0.5818932917382982]","[0.3247869610786438, 0.3227863311767578, 0.13450738787651062, 0.21791936457157135]","[0.32905295491218567, 0.3194221556186676, 0.13322632014751434, 0.2182985544204712]",0.0
"{""run_name"": ""fedheart_exp_paper_hetagg_gdro"", ""seed"": 31337, ""run_dir"": ""runs/fedheart_uncapped/Shared_Anchors_GDRO_s31337_f3"", ""use_fedheart"": true, ""num_classes"": 2, ""stratified_batching"": true, ""train_frac"": 0.8, ""group_max_train_samples"": null, ""true_hetero_input_dim"": true, ""feature_mask"": [[0, 1, 2, 3, 5, 6, 7, 8, 9, 10], [0, 1, 2, 3, 5, 6, 11, 12], [0, 1, 2, 4, 5, 7, 11, 12], [0, 1, 2, 4, 5, 6, 8, 9, 10]], ""batch_size"": 64, ""num_workers"": 0, ""epochs"": 100, ""early_stopping_patience"": 30, ""lr"": 0.001, ""weight_decay"": 0.0001, ""optimizer"": ""adam"", ""grad_clip"": 1.0, ""lr_scheduler"": ""cosine"", ""lr_min"": 1e-05, ""latent_dim"": 64, ""head_hidden"": 32, ""groups"": [{""name"": ""cleveland"", ""encoder"": ""mlp_tabular_ln"", ""input_dim"": 13, ""hidden_dim"": 64, ""dropout"": 0.1}, {""name"": ""hungarian"", ""encoder"": ""mlp_tabular_ln"", ""input_dim"": 13, ""hidden_dim"": 64, ""dropout"": 0.1}, {""name"": ""switzerland"", ""encoder"": ""mlp_tabular_ln"", ""input_dim"": 13, ""hidden_dim"": 64, ""dropout"": 0.1}, {""name"": ""va_long_beach"", ""encoder"": ""mlp_tabular_ln"", ""input_dim"": 13, ""hidden_dim"": 64, ""dropout"": 0.1}], ""anchor_eps"": 0.0001, ""sep_samples_per_class"": 4, ""sep_method"": ""classifier"", ""sep_margin"": 1.0, ""lambda_fit"": 0.1, ""lambda_sep"": 0.1, ""groupdro_enabled"": true, ""groupdro_eta"": 0.02, ""groupdro_gamma"": 0.9, ""groupdro_update_mode"": ""exp"", ""groupdro_objective"": ""weighted"", ""groupdro_kl_lambda"": 0.0, ""groupdro_uniform_init"": false, ""log_interval"": 20, ""save_every"": 10, ""groupdro_ema_decay"": 0.9, ""groupdro_update_every"": 1, ""dro_signal"": ""val"", ""val_frac"": 0.15, ""impute_missing"": true, ""common_encoder"": true, ""use_regret"": false, ""data_split_seed"": 1003}","{""num_groups"": 4, ""num_classes"": 2, ""train_total"": 623, ""test_total"": 185, ""train_group_counts"": [205, 199, 83, 136], ""test_group_counts"": [61, 59, 25, 40], ""train_class_counts"": [278, 345], ""test_class_counts"": [83, 102], ""train_group_class_counts"": [[111, 94], [127, 72], [5, 78], [35, 101]], ""test_group_class_counts"": [[33, 28], [38, 21], [2, 23], [10, 30]], ""group_proportions"": [0.3290529695024077, 0.31942215088282505, 0.1332263242375602, 0.21829855537720708], ""val_group_counts"": [37, 36, 15, 24], ""val_total"": 112}","{""num_groups"": 4, ""eta"": 0.02, ""update_mode"": ""exp"", ""robust_objective"": ""weighted"", ""gamma"": 0.9, ""kl_lambda"": 0.0, ""initial_pi"": [0.32905295491218567, 0.3194221556186676, 0.13322632014751434, 0.2182985544204712]}",2026-09-16T04:09:33.465089,19,0.5334936512841119,0.7621527777777778,0.001,0.7783783783783784,0.77150006946374,0.725,0.8305084745762712,"[0.7704918032786885, 0.8305084745762712, 0.76, 0.725]","[0.4545079505101579, 0.4925179011740927, 0.5720677900314332, 0.5219803804531693]","[0.7710843373493976, 0.7843137254901961]","[[0.7575757575757576, 0.7857142857142857], [0.8157894736842105, 0.8571428571428571], [1.0, 0.7391304347826086], [0.6, 0.7666666666666667]]","[61, 59, 25, 40]",0.7767081751008272,"[0.7699353448275861, 0.8218599033816425, 0.625, 0.6643783371472158]",0.625,0.5720677900314332,0.7142857142857143,0.6832582582582583,0.5333333333333333,0.8108108108108109,"[0.8108108108108109, 0.7222222222222222, 0.5333333333333333, 0.6666666666666666]","[0.4800116006989737, 0.6055734494907988, 0.7177065501610438, 0.6472966466099024]","[0.7, 0.7258064516129032]","[[0.85, 0.7647058823529411], [0.7391304347826086, 0.6923076923076923], [0.0, 0.5714285714285714], [0.16666666666666666, 0.8333333333333334]]","[37, 36, 15, 24]",0.7119897139183542,"[0.8085735402808574, 0.7077922077922079, 0.34782608695652173, 0.49473684210526314]",0.34782608695652173,0.7177065501610438,"[0.3238365054130554, 0.3232443332672119, 0.13486793637275696, 0.21805116534233093]","[0.4727805190616184, 0.4750174946255154, 0.5502264913585451, 0.5369673569997152]","[0.32432377338409424, 0.32302185893058777, 0.13467885553836823, 0.21797548234462738]","[0.32905295491218567, 0.3194221556186676, 0.13322632014751434, 0.2182985544204712]",0.0
"{""run_name"": ""fedheart_exp_paper_hetagg_gdro"", ""seed"": 31337, ""run_dir"": ""runs/fedheart_uncapped/Shared_Anchors_GDRO_s31337_f3"", ""use_fedheart"": true, ""num_classes"": 2, ""stratified_batching"": true, ""train_frac"": 0.8, ""group_max_train_samples"": null, ""true_hetero_input_dim"": true, ""feature_mask"": [[0, 1, 2, 3, 5, 6, 7, 8, 9, 10], [0, 1, 2, 3, 5, 6, 11, 12], [0, 1, 2, 4, 5, 7, 11, 12], [0, 1, 2, 4, 5, 6, 8, 9, 10]], ""batch_size"": 64, ""num_workers"": 0, ""epochs"": 100, ""early_stopping_patience"": 30, ""lr"": 0.001, ""weight_decay"": 0.0001, ""optimizer"": ""adam"", ""grad_clip"": 1.0, ""lr_scheduler"": ""cosine"", ""lr_min"": 1e-05, ""latent_dim"": 64, ""head_hidden"": 32, ""groups"": [{""name"": ""cleveland"", ""encoder"": ""mlp_tabular_ln"", ""input_dim"": 13, ""hidden_dim"": 64, ""dropout"": 0.1}, {""name"": ""hungarian"", ""encoder"": ""mlp_tabular_ln"", ""input_dim"": 13, ""hidden_dim"": 64, ""dropout"": 0.1}, {""name"": ""switzerland"", ""encoder"": ""mlp_tabular_ln"", ""input_dim"": 13, ""hidden_dim"": 64, ""dropout"": 0.1}, {""name"": ""va_long_beach"", ""encoder"": ""mlp_tabular_ln"", ""input_dim"": 13, ""hidden_dim"": 64, ""dropout"": 0.1}], ""anchor_eps"": 0.0001, ""sep_samples_per_class"": 4, ""sep_method"": ""classifier"", ""sep_margin"": 1.0, ""lambda_fit"": 0.1, ""lambda_sep"": 0.1, ""groupdro_enabled"": true, ""groupdro_eta"": 0.02, ""groupdro_gamma"": 0.9, ""groupdro_update_mode"": ""exp"", ""groupdro_objective"": ""weighted"", ""groupdro_kl_lambda"": 0.0, ""groupdro_uniform_init"": false, ""log_interval"": 20, ""save_every"": 10, ""groupdro_ema_decay"": 0.9, ""groupdro_update_every"": 1, ""dro_signal"": ""val"", ""val_frac"": 0.15, ""impute_missing"": true, ""common_encoder"": true, ""use_regret"": false, ""data_split_seed"": 1003}","{""num_groups"": 4, ""num_classes"": 2, ""train_total"": 623, ""test_total"": 185, ""train_group_counts"": [205, 199, 83, 136], ""test_group_counts"": [61, 59, 25, 40], ""train_class_counts"": [278, 345], ""test_class_counts"": [83, 102], ""train_group_class_counts"": [[111, 94], [127, 72], [5, 78], [35, 101]], ""test_group_class_counts"": [[33, 28], [38, 21], [2, 23], [10, 30]], ""group_proportions"": [0.3290529695024077, 0.31942215088282505, 0.1332263242375602, 0.21829855537720708], ""val_group_counts"": [37, 36, 15, 24], ""val_total"": 112}","{""num_groups"": 4, ""eta"": 0.02, ""update_mode"": ""exp"", ""robust_objective"": ""weighted"", ""gamma"": 0.9, ""kl_lambda"": 0.0, ""initial_pi"": [0.32905295491218567, 0.3194221556186676, 0.13322632014751434, 0.2182985544204712]}",2026-09-16T04:09:33.465089,20,0.5486411816544003,0.7638888888888888,0.001,0.7621621621621621,0.7530254931925535,0.72,0.7966101694915254,"[0.7704918032786885, 0.7966101694915254, 0.72, 0.725]","[0.4902155455507216, 0.5423826730604899, 0.5017243385314941, 0.4961756215430796]","[0.6746987951807228, 0.8333333333333334]","[[0.696969696969697, 0.8571428571428571], [0.7368421052631579, 0.9047619047619048], [0.5, 0.7391304347826086], [0.4, 0.8333333333333334]]","[61, 59, 25, 40]",0.7561706206566019,"[0.7704301075268818, 0.7917647058823529, 0.5257452574525746, 0.6203623813632442]",0.5257452574525746,0.5423826730604899,0.7321428571428571,0.7202515015015015,0.6666666666666666,0.7837837837837838,"[0.7837837837837838, 0.7222222222222222, 0.6666666666666666, 0.7083333333333334]","[0.4919032871320441, 0.6432246932139, 0.5938735157251358, 0.6504394322012862]","[0.66, 0.7903225806451613]","[[0.75, 0.8235294117647058], [0.7391304347826086, 0.6923076923076923], [0.0, 0.7142857142857143], [0.16666666666666666, 0.8888888888888888]]","[37, 36, 15, 24]",0.7265625,"[0.783625730994152, 0.7077922077922079, 0.4, 0.5213675213675213]",0.4,0.6504394322012862,"[0.3233353793621063, 0.32347938418388367, 0.13503947854042053, 0.21814584732055664]","[0.5125705401102701, 0.47985121938917374, 0.5713948971695371, 0.5701730416880714]","[0.3238365054130554, 0.3232443332672119, 0.13486793637275696, 0.21805116534233093]","[0.32905295491218567, 0.3194221556186676, 0.13322632014751434, 0.2182985544204712]",0.0
"{""run_name"": ""fedheart_exp_paper_hetagg_gdro"", ""seed"": 31337, ""run_dir"": ""runs/fedheart_uncapped/Shared_Anchors_GDRO_s31337_f3"", ""use_fedheart"": true, ""num_classes"": 2, ""stratified_batching"": true, ""train_frac"": 0.8, ""group_max_train_samples"": null, ""true_hetero_input_dim"": true, ""feature_mask"": [[0, 1, 2, 3, 5, 6, 7, 8, 9, 10], [0, 1, 2, 3, 5, 6, 11, 12], [0, 1, 2, 4, 5, 7, 11, 12], [0, 1, 2, 4, 5, 6, 8, 9, 10]], ""batch_size"": 64, ""num_workers"": 0, ""epochs"": 100, ""early_stopping_patience"": 30, ""lr"": 0.001, ""weight_decay"": 0.0001, ""optimizer"": ""adam"", ""grad_clip"": 1.0, ""lr_scheduler"": ""cosine"", ""lr_min"": 1e-05, ""latent_dim"": 64, ""head_hidden"": 32, ""groups"": [{""name"": ""cleveland"", ""encoder"": ""mlp_tabular_ln"", ""input_dim"": 13, ""hidden_dim"": 64, ""dropout"": 0.1}, {""name"": ""hungarian"", ""encoder"": ""mlp_tabular_ln"", ""input_dim"": 13, ""hidden_dim"": 64, ""dropout"": 0.1}, {""name"": ""switzerland"", ""encoder"": ""mlp_tabular_ln"", ""input_dim"": 13, ""hidden_dim"": 64, ""dropout"": 0.1}, {""name"": ""va_long_beach"", ""encoder"": ""mlp_tabular_ln"", ""input_dim"": 13, ""hidden_dim"": 64, ""dropout"": 0.1}], ""anchor_eps"": 0.0001, ""sep_samples_per_class"": 4, ""sep_method"": ""classifier"", ""sep_margin"": 1.0, ""lambda_fit"": 0.1, ""lambda_sep"": 0.1, ""groupdro_enabled"": true, ""groupdro_eta"": 0.02, ""groupdro_gamma"": 0.9, ""groupdro_update_mode"": ""exp"", ""groupdro_objective"": ""weighted"", ""groupdro_kl_lambda"": 0.0, ""groupdro_uniform_init"": false, ""log_interval"": 20, ""save_every"": 10, ""groupdro_ema_decay"": 0.9, ""groupdro_update_every"": 1, ""dro_signal"": ""val"", ""val_frac"": 0.15, ""impute_missing"": true, ""common_encoder"": true, ""use_regret"": false, ""data_split_seed"": 1003}","{""num_groups"": 4, ""num_classes"": 2, ""train_total"": 623, ""test_total"": 185, ""train_group_counts"": [205, 199, 83, 136], ""test_group_counts"": [61, 59, 25, 40], ""train_class_counts"": [278, 345], ""test_class_counts"": [83, 102], ""train_group_class_counts"": [[111, 94], [127, 72], [5, 78], [35, 101]], ""test_group_class_counts"": [[33, 28], [38, 21], [2, 23], [10, 30]], ""group_proportions"": [0.3290529695024077, 0.31942215088282505, 0.1332263242375602, 0.21829855537720708], ""val_group_counts"": [37, 36, 15, 24], ""val_total"": 112}","{""num_groups"": 4, ""eta"": 0.02, ""update_mode"": ""exp"", ""robust_objective"": ""weighted"", ""gamma"": 0.9, ""kl_lambda"": 0.0, ""initial_pi"": [0.32905295491218567, 0.3194221556186676, 0.13322632014751434, 0.2182985544204712]}",2026-09-16T04:09:33.465089,21,0.5176739494005839,0.7725694444444444,0.001,0.7675675675675676,0.7587222145040289,0.675,0.8032786885245902,"[0.8032786885245902, 0.7966101694915254, 0.76, 0.675]","[0.44806693421035515, 0.48558705805216806, 0.5980057534575463, 0.5345392877236008]","[0.8072289156626506, 0.7352941176470589]","[[0.8484848484848485, 0.75], [0.8157894736842105, 0.7619047619047619], [1.0, 0.7391304347826086], [0.6, 0.7]]","[61, 59, 25, 40]",0.7671321097157577,"[0.8006535947712419, 0.7825552825552824, 0.625, 0.6218181818181818]",0.6218181818181818,0.5980057534575463,0.6875,0.6494181681681681,0.4666666666666667,0.7837837837837838,"[0.7837837837837838, 0.7222222222222222, 0.4666666666666667, 0.625]","[0.48721862644762604, 0.6193819468220075, 0.7598572631676992, 0.6540592759847641]","[0.7, 0.6774193548387096]","[[0.85, 0.7058823529411765], [0.7391304347826086, 0.6923076923076923], [0.0, 0.5], [0.16666666666666666, 0.7777777777777778]]","[37, 36, 15, 24]",0.6862745098039216,"[0.7797619047619049, 0.7077922077922079, 0.3181818181818182, 0.4692874692874692]",0.3181818181818182,0.7598572631676992,"[0.32280969619750977, 0.32370108366012573, 0.1352362334728241, 0.2182530015707016]","[0.4891413516468472, 0.4719842705461714, 0.4858067035675049, 0.5561494131882986]","[0.3233353793621063, 0.32347938418388367, 0.13503947854042053, 0.21814584732055664]","[0.32905295491218567, 0.3194221556186676, 0.13322632014751434, 0.2182985544204712]",0.0
"{""run_name"": ""fedheart_exp_paper_hetagg_gdro"", ""seed"": 31337, ""run_dir"": ""runs/fedheart_uncapped/Shared_Anchors_GDRO_s31337_f3"", ""use_fedheart"": true, ""num_classes"": 2, ""stratified_batching"": true, ""train_frac"": 0.8, ""group_max_train_samples"": null, ""true_hetero_input_dim"": true, ""feature_mask"": [[0, 1, 2, 3, 5, 6, 7, 8, 9, 10], [0, 1, 2, 3, 5, 6, 11, 12], [0, 1, 2, 4, 5, 7, 11, 12], [0, 1, 2, 4, 5, 6, 8, 9, 10]], ""batch_size"": 64, ""num_workers"": 0, ""epochs"": 100, ""early_stopping_patience"": 30, ""lr"": 0.001, ""weight_decay"": 0.0001, ""optimizer"": ""adam"", ""grad_clip"": 1.0, ""lr_scheduler"": ""cosine"", ""lr_min"": 1e-05, ""latent_dim"": 64, ""head_hidden"": 32, ""groups"": [{""name"": ""cleveland"", ""encoder"": ""mlp_tabular_ln"", ""input_dim"": 13, ""hidden_dim"": 64, ""dropout"": 0.1}, {""name"": ""hungarian"", ""encoder"": ""mlp_tabular_ln"", ""input_dim"": 13, ""hidden_dim"": 64, ""dropout"": 0.1}, {""name"": ""switzerland"", ""encoder"": ""mlp_tabular_ln"", ""input_dim"": 13, ""hidden_dim"": 64, ""dropout"": 0.1}, {""name"": ""va_long_beach"", ""encoder"": ""mlp_tabular_ln"", ""input_dim"": 13, ""hidden_dim"": 64, ""dropout"": 0.1}], ""anchor_eps"": 0.0001, ""sep_samples_per_class"": 4, ""sep_method"": ""classifier"", ""sep_margin"": 1.0, ""lambda_fit"": 0.1, ""lambda_sep"": 0.1, ""groupdro_enabled"": true, ""groupdro_eta"": 0.02, ""groupdro_gamma"": 0.9, ""groupdro_update_mode"": ""exp"", ""groupdro_objective"": ""weighted"", ""groupdro_kl_lambda"": 0.0, ""groupdro_uniform_init"": false, ""log_interval"": 20, ""save_every"": 10, ""groupdro_ema_decay"": 0.9, ""groupdro_update_every"": 1, ""dro_signal"": ""val"", ""val_frac"": 0.15, ""impute_missing"": true, ""common_encoder"": true, ""use_regret"": false, ""data_split_seed"": 1003}","{""num_groups"": 4, ""num_classes"": 2, ""train_total"": 623, ""test_total"": 185, ""train_group_counts"": [205, 199, 83, 136], ""test_group_counts"": [61, 59, 25, 40], ""train_class_counts"": [278, 345], ""test_class_counts"": [83, 102], ""train_group_class_counts"": [[111, 94], [127, 72], [5, 78], [35, 101]], ""test_group_class_counts"": [[33, 28], [38, 21], [2, 23], [10, 30]], ""group_proportions"": [0.3290529695024077, 0.31942215088282505, 0.1332263242375602, 0.21829855537720708], ""val_group_counts"": [37, 36, 15, 24], ""val_total"": 112}","{""num_groups"": 4, ""eta"": 0.02, ""update_mode"": ""exp"", ""robust_objective"": ""weighted"", ""gamma"": 0.9, ""kl_lambda"": 0.0, ""initial_pi"": [0.32905295491218567, 0.3194221556186676, 0.13322632014751434, 0.2182985544204712]}",2026-09-16T04:09:33.465089,22,0.5054631928602854,0.7604166666666666,0.001,0.7837837837837838,0.7740000694637399,0.72,0.8305084745762712,"[0.7704918032786885, 0.8305084745762712, 0.72, 0.775]","[0.4696409356642942, 0.5092143778831272, 0.5454849570989608, 0.5116205559112131]","[0.7349397590361446, 0.8235294117647058]","[[0.7272727272727273, 0.8214285714285714], [0.7894736842105263, 0.9047619047619048], [0.5, 0.7391304347826086], [0.6, 0.8333333333333334]]","[61, 59, 25, 40]",0.7803893637226971,"[0.7704301075268817, 0.824404761904762, 0.5257452574525746, 0.7094430992736076]",0.5257452574525746,0.5454849570989608,0.7321428571428571,0.7202515015015015,0.6666666666666666,0.7837837837837838,"[0.7837837837837838, 0.7222222222222222, 0.6666666666666666, 0.7083333333333334]","[0.47376715351600907, 0.6435514878895547, 0.6386182134350141, 0.6663204453264674]","[0.68, 0.7741935483870968]","[[0.8, 0.7647058823529411], [0.7391304347826086, 0.6923076923076923], [0.0, 0.7142857142857143], [0.16666666666666666, 0.8888888888888888]]","[37, 36, 15, 24]",0.7278911564625851,"[0.7823529411764707, 0.7077922077922079, 0.4, 0.5213675213675213]",0.4,0.6663204453264674,"[0.3222600221633911, 0.32393306493759155, 0.13542571663856506, 0.21838119626045227]","[0.45095689429177177, 0.4838063220183055, 0.5235507521364424, 0.5425552825133005]","[0.32280969619750977, 0.32370108366012573, 0.1352362334728241, 0.2182530015707016]","[0.32905295491218567, 0.3194221556186676, 0.13322632014751434, 0.2182985544204712]",0.0
"{""run_name"": ""fedheart_exp_paper_hetagg_gdro"", ""seed"": 31337, ""run_dir"": ""runs/fedheart_uncapped/Shared_Anchors_GDRO_s31337_f3"", ""use_fedheart"": true, ""num_classes"": 2, ""stratified_batching"": true, ""train_frac"": 0.8, ""group_max_train_samples"": null, ""true_hetero_input_dim"": true, ""feature_mask"": [[0, 1, 2, 3, 5, 6, 7, 8, 9, 10], [0, 1, 2, 3, 5, 6, 11, 12], [0, 1, 2, 4, 5, 7, 11, 12], [0, 1, 2, 4, 5, 6, 8, 9, 10]], ""batch_size"": 64, ""num_workers"": 0, ""epochs"": 100, ""early_stopping_patience"": 30, ""lr"": 0.001, ""weight_decay"": 0.0001, ""optimizer"": ""adam"", ""grad_clip"": 1.0, ""lr_scheduler"": ""cosine"", ""lr_min"": 1e-05, ""latent_dim"": 64, ""head_hidden"": 32, ""groups"": [{""name"": ""cleveland"", ""encoder"": ""mlp_tabular_ln"", ""input_dim"": 13, ""hidden_dim"": 64, ""dropout"": 0.1}, {""name"": ""hungarian"", ""encoder"": ""mlp_tabular_ln"", ""input_dim"": 13, ""hidden_dim"": 64, ""dropout"": 0.1}, {""name"": ""switzerland"", ""encoder"": ""mlp_tabular_ln"", ""input_dim"": 13, ""hidden_dim"": 64, ""dropout"": 0.1}, {""name"": ""va_long_beach"", ""encoder"": ""mlp_tabular_ln"", ""input_dim"": 13, ""hidden_dim"": 64, ""dropout"": 0.1}], ""anchor_eps"": 0.0001, ""sep_samples_per_class"": 4, ""sep_method"": ""classifier"", ""sep_margin"": 1.0, ""lambda_fit"": 0.1, ""lambda_sep"": 0.1, ""groupdro_enabled"": true, ""groupdro_eta"": 0.02, ""groupdro_gamma"": 0.9, ""groupdro_update_mode"": ""exp"", ""groupdro_objective"": ""weighted"", ""groupdro_kl_lambda"": 0.0, ""groupdro_uniform_init"": false, ""log_interval"": 20, ""save_every"": 10, ""groupdro_ema_decay"": 0.9, ""groupdro_update_every"": 1, ""dro_signal"": ""val"", ""val_frac"": 0.15, ""impute_missing"": true, ""common_encoder"": true, ""use_regret"": false, ""data_split_seed"": 1003}","{""num_groups"": 4, ""num_classes"": 2, ""train_total"": 623, ""test_total"": 185, ""train_group_counts"": [205, 199, 83, 136], ""test_group_counts"": [61, 59, 25, 40], ""train_class_counts"": [278, 345], ""test_class_counts"": [83, 102], ""train_group_class_counts"": [[111, 94], [127, 72], [5, 78], [35, 101]], ""test_group_class_counts"": [[33, 28], [38, 21], [2, 23], [10, 30]], ""group_proportions"": [0.3290529695024077, 0.31942215088282505, 0.1332263242375602, 0.21829855537720708], ""val_group_counts"": [37, 36, 15, 24], ""val_total"": 112}","{""num_groups"": 4, ""eta"": 0.02, ""update_mode"": ""exp"", ""robust_objective"": ""weighted"", ""gamma"": 0.9, ""kl_lambda"": 0.0, ""initial_pi"": [0.32905295491218567, 0.3194221556186676, 0.13322632014751434, 0.2182985544204712]}",2026-09-16T04:09:33.465089,23,0.4988457461198171,0.7743055555555556,0.001,0.7675675675675676,0.7572627813281467,0.72,0.8135593220338984,"[0.7704918032786885, 0.8135593220338984, 0.72, 0.725]","[0.4671267559293841, 0.5085485216419575, 0.5453733298182487, 0.5124031402170658]","[0.7108433734939759, 0.8137254901960784]","[[0.7272727272727273, 0.8214285714285714], [0.7631578947368421, 0.9047619047619048], [0.5, 0.7391304347826086], [0.5, 0.8]]","[61, 59, 25, 40]",0.7635888139320633,"[0.7704301075268817, 0.8080449571132802, 0.5257452574525746, 0.6448748991121872]",0.5257452574525746,0.5453733298182487,0.7321428571428571,0.7202515015015015,0.6666666666666666,0.7837837837837838,"[0.7837837837837838, 0.7222222222222222, 0.6666666666666666, 0.7083333333333334]","[0.46061290005171623, 0.6433461689286761, 0.642319843173027, 0.6698574686112503]","[0.68, 0.7741935483870968]","[[0.8, 0.7647058823529411], [0.7391304347826086, 0.6923076923076923], [0.0, 0.7142857142857143], [0.16666666666666666, 0.8888888888888888]]","[37, 36, 15, 24]",0.7278911564625851,"[0.7823529411764707, 0.7077922077922079, 0.4, 0.5213675213675213]",0.4,0.6698574686112503,"[0.321682333946228, 0.3241760730743408, 0.1356104463338852, 0.21853119134902954]","[0.4397869043880039, 0.5016050736109415, 0.5021173126167722, 0.5481003489759233]","[0.3222600221633911, 0.32393306493759155, 0.13542571663856506, 0.21838119626045227]","[0.32905295491218567, 0.3194221556186676, 0.13322632014751434, 0.2182985544204712]",0.0
"{""run_name"": ""fedheart_exp_paper_hetagg_gdro"", ""seed"": 31337, ""run_dir"": ""runs/fedheart_uncapped/Shared_Anchors_GDRO_s31337_f3"", ""use_fedheart"": true, ""num_classes"": 2, ""stratified_batching"": true, ""train_frac"": 0.8, ""group_max_train_samples"": null, ""true_hetero_input_dim"": true, ""feature_mask"": [[0, 1, 2, 3, 5, 6, 7, 8, 9, 10], [0, 1, 2, 3, 5, 6, 11, 12], [0, 1, 2, 4, 5, 7, 11, 12], [0, 1, 2, 4, 5, 6, 8, 9, 10]], ""batch_size"": 64, ""num_workers"": 0, ""epochs"": 100, ""early_stopping_patience"": 30, ""lr"": 0.001, ""weight_decay"": 0.0001, ""optimizer"": ""adam"", ""grad_clip"": 1.0, ""lr_scheduler"": ""cosine"", ""lr_min"": 1e-05, ""latent_dim"": 64, ""head_hidden"": 32, ""groups"": [{""name"": ""cleveland"", ""encoder"": ""mlp_tabular_ln"", ""input_dim"": 13, ""hidden_dim"": 64, ""dropout"": 0.1}, {""name"": ""hungarian"", ""encoder"": ""mlp_tabular_ln"", ""input_dim"": 13, ""hidden_dim"": 64, ""dropout"": 0.1}, {""name"": ""switzerland"", ""encoder"": ""mlp_tabular_ln"", ""input_dim"": 13, ""hidden_dim"": 64, ""dropout"": 0.1}, {""name"": ""va_long_beach"", ""encoder"": ""mlp_tabular_ln"", ""input_dim"": 13, ""hidden_dim"": 64, ""dropout"": 0.1}], ""anchor_eps"": 0.0001, ""sep_samples_per_class"": 4, ""sep_method"": ""classifier"", ""sep_margin"": 1.0, ""lambda_fit"": 0.1, ""lambda_sep"": 0.1, ""groupdro_enabled"": true, ""groupdro_eta"": 0.02, ""groupdro_gamma"": 0.9, ""groupdro_update_mode"": ""exp"", ""groupdro_objective"": ""weighted"", ""groupdro_kl_lambda"": 0.0, ""groupdro_uniform_init"": false, ""log_interval"": 20, ""save_every"": 10, ""groupdro_ema_decay"": 0.9, ""groupdro_update_every"": 1, ""dro_signal"": ""val"", ""val_frac"": 0.15, ""impute_missing"": true, ""common_encoder"": true, ""use_regret"": false, ""data_split_seed"": 1003}","{""num_groups"": 4, ""num_classes"": 2, ""train_total"": 623, ""test_total"": 185, ""train_group_counts"": [205, 199, 83, 136], ""test_group_counts"": [61, 59, 25, 40], ""train_class_counts"": [278, 345], ""test_class_counts"": [83, 102], ""train_group_class_counts"": [[111, 94], [127, 72], [5, 78], [35, 101]], ""test_group_class_counts"": [[33, 28], [38, 21], [2, 23], [10, 30]], ""group_proportions"": [0.3290529695024077, 0.31942215088282505, 0.1332263242375602, 0.21829855537720708], ""val_group_counts"": [37, 36, 15, 24], ""val_total"": 112}","{""num_groups"": 4, ""eta"": 0.02, ""update_mode"": ""exp"", ""robust_objective"": ""weighted"", ""gamma"": 0.9, ""kl_lambda"": 0.0, ""initial_pi"": [0.32905295491218567, 0.3194221556186676, 0.13322632014751434, 0.2182985544204712]}",2026-09-16T04:09:33.465089,24,0.4983261227607727,0.78125,0.001,0.7621621621621621,0.7530254931925535,0.72,0.7966101694915254,"[0.7704918032786885, 0.7966101694915254, 0.72, 0.725]","[0.47985781075768785, 0.5166417970243147, 0.5324782232940197, 0.4985611716285348]","[0.6867469879518072, 0.8235294117647058]","[[0.7272727272727273, 0.8214285714285714], [0.7368421052631579, 0.9047619047619048], [0.5, 0.7391304347826086], [0.4, 0.8333333333333334]]","[61, 59, 25, 40]",0.7569859087652258,"[0.7704301075268817, 0.7917647058823529, 0.5257452574525746, 0.6203623813632442]",0.5257452574525746,0.5324782232940197,0.75,0.7339527027027027,0.6666666666666666,0.8108108108108109,"[0.8108108108108109, 0.75, 0.6666666666666666, 0.7083333333333334]","[0.4784678172420811, 0.6375606062097682, 0.6242415984471639, 0.6464771140987674]","[0.68, 0.8064516129032258]","[[0.8, 0.8235294117647058], [0.7391304347826086, 0.7692307692307693], [0.0, 0.7142857142857143], [0.16666666666666666, 0.8888888888888888]]","[37, 36, 15, 24]",0.7447916666666666,"[0.8102564102564103, 0.7401764234161989, 0.4, 0.5213675213675213]",0.4,0.6464771140987674,"[0.3210934102535248, 0.3244275152683258, 0.1357869654893875, 0.21869215369224548]","[0.48320625556839836, 0.4514738751782311, 0.5073123226563135, 0.5525069170527988]","[0.321682333946228, 0.3241760730743408, 0.1356104463338852, 0.21853119134902954]","[0.32905295491218567, 0.3194221556186676, 0.13322632014751434, 0.2182985544204712]",0.0
"{""run_name"": ""fedheart_exp_paper_hetagg_gdro"", ""seed"": 31337, ""run_dir"": ""runs/fedheart_uncapped/Shared_Anchors_GDRO_s31337_f3"", ""use_fedheart"": true, ""num_classes"": 2, ""stratified_batching"": true, ""train_frac"": 0.8, ""group_max_train_samples"": null, ""true_hetero_input_dim"": true, ""feature_mask"": [[0, 1, 2, 3, 5, 6, 7, 8, 9, 10], [0, 1, 2, 3, 5, 6, 11, 12], [0, 1, 2, 4, 5, 7, 11, 12], [0, 1, 2, 4, 5, 6, 8, 9, 10]], ""batch_size"": 64, ""num_workers"": 0, ""epochs"": 100, ""early_stopping_patience"": 30, ""lr"": 0.001, ""weight_decay"": 0.0001, ""optimizer"": ""adam"", ""grad_clip"": 1.0, ""lr_scheduler"": ""cosine"", ""lr_min"": 1e-05, ""latent_dim"": 64, ""head_hidden"": 32, ""groups"": [{""name"": ""cleveland"", ""encoder"": ""mlp_tabular_ln"", ""input_dim"": 13, ""hidden_dim"": 64, ""dropout"": 0.1}, {""name"": ""hungarian"", ""encoder"": ""mlp_tabular_ln"", ""input_dim"": 13, ""hidden_dim"": 64, ""dropout"": 0.1}, {""name"": ""switzerland"", ""encoder"": ""mlp_tabular_ln"", ""input_dim"": 13, ""hidden_dim"": 64, ""dropout"": 0.1}, {""name"": ""va_long_beach"", ""encoder"": ""mlp_tabular_ln"", ""input_dim"": 13, ""hidden_dim"": 64, ""dropout"": 0.1}], ""anchor_eps"": 0.0001, ""sep_samples_per_class"": 4, ""sep_method"": ""classifier"", ""sep_margin"": 1.0, ""lambda_fit"": 0.1, ""lambda_sep"": 0.1, ""groupdro_enabled"": true, ""groupdro_eta"": 0.02, ""groupdro_gamma"": 0.9, ""groupdro_update_mode"": ""exp"", ""groupdro_objective"": ""weighted"", ""groupdro_kl_lambda"": 0.0, ""groupdro_uniform_init"": false, ""log_interval"": 20, ""save_every"": 10, ""groupdro_ema_decay"": 0.9, ""groupdro_update_every"": 1, ""dro_signal"": ""val"", ""val_frac"": 0.15, ""impute_missing"": true, ""common_encoder"": true, ""use_regret"": false, ""data_split_seed"": 1003}","{""num_groups"": 4, ""num_classes"": 2, ""train_total"": 623, ""test_total"": 185, ""train_group_counts"": [205, 199, 83, 136], ""test_group_counts"": [61, 59, 25, 40], ""train_class_counts"": [278, 345], ""test_class_counts"": [83, 102], ""train_group_class_counts"": [[111, 94], [127, 72], [5, 78], [35, 101]], ""test_group_class_counts"": [[33, 28], [38, 21], [2, 23], [10, 30]], ""group_proportions"": [0.3290529695024077, 0.31942215088282505, 0.1332263242375602, 0.21829855537720708], ""val_group_counts"": [37, 36, 15, 24], ""val_total"": 112}","{""num_groups"": 4, ""eta"": 0.02, ""update_mode"": ""exp"", ""robust_objective"": ""weighted"", ""gamma"": 0.9, ""kl_lambda"": 0.0, ""initial_pi"": [0.32905295491218567, 0.3194221556186676, 0.13322632014751434, 0.2182985544204712]}",2026-09-16T04:09:33.465089,25,0.45289825399716693,0.796875,0.001,0.7675675675675676,0.7592754931925535,0.72,0.7966101694915254,"[0.7704918032786885, 0.7966101694915254, 0.72, 0.75]","[0.48755111136153095, 0.5194523366704836, 0.5395394657552243, 0.50546685596928]","[0.6987951807228916, 0.8235294117647058]","[[0.7272727272727273, 0.8214285714285714], [0.7368421052631579, 0.9047619047619048], [0.5, 0.7391304347826086], [0.5, 0.8333333333333334]]","[61, 59, 25, 40]",0.7628841396166801,"[0.7704301075268817, 0.7917647058823529, 0.5257452574525746, 0.6666666666666667]",0.5257452574525746,0.5395394657552243,0.75,0.7438626126126127,0.7083333333333334,0.7837837837837838,"[0.7837837837837838, 0.75, 0.7333333333333333, 0.7083333333333334]","[0.5004610287377963, 0.6477355719026592, 0.647727939983209, 0.6600210582837462]","[0.7, 0.7903225806451613]","[[0.8, 0.7647058823529411], [0.7391304347826086, 0.7692307692307693], [1.0, 0.7142857142857143], [0.16666666666666666, 0.8888888888888888]]","[37, 36, 15, 24]",0.746031746031746,"[0.7823529411764707, 0.7401764234161989, 0.5833333333333333, 0.5213675213675213]",0.5213675213675213,0.6600210582837462,"[0.32049795985221863, 0.32468241453170776, 0.13595791161060333, 0.2188616544008255]","[0.4158434404267205, 0.45904102590348983, 0.43095001247194076, 0.5300716492864821]","[0.3210934102535248, 0.3244275152683258, 0.1357869654893875, 0.21869215369224548]","[0.32905295491218567, 0.3194221556186676, 0.13322632014751434, 0.2182985544204712]",0.0
"{""run_name"": ""fedheart_exp_paper_hetagg_gdro"", ""seed"": 31337, ""run_dir"": ""runs/fedheart_uncapped/Shared_Anchors_GDRO_s31337_f3"", ""use_fedheart"": true, ""num_classes"": 2, ""stratified_batching"": true, ""train_frac"": 0.8, ""group_max_train_samples"": null, ""true_hetero_input_dim"": true, ""feature_mask"": [[0, 1, 2, 3, 5, 6, 7, 8, 9, 10], [0, 1, 2, 3, 5, 6, 11, 12], [0, 1, 2, 4, 5, 7, 11, 12], [0, 1, 2, 4, 5, 6, 8, 9, 10]], ""batch_size"": 64, ""num_workers"": 0, ""epochs"": 100, ""early_stopping_patience"": 30, ""lr"": 0.001, ""weight_decay"": 0.0001, ""optimizer"": ""adam"", ""grad_clip"": 1.0, ""lr_scheduler"": ""cosine"", ""lr_min"": 1e-05, ""latent_dim"": 64, ""head_hidden"": 32, ""groups"": [{""name"": ""cleveland"", ""encoder"": ""mlp_tabular_ln"", ""input_dim"": 13, ""hidden_dim"": 64, ""dropout"": 0.1}, {""name"": ""hungarian"", ""encoder"": ""mlp_tabular_ln"", ""input_dim"": 13, ""hidden_dim"": 64, ""dropout"": 0.1}, {""name"": ""switzerland"", ""encoder"": ""mlp_tabular_ln"", ""input_dim"": 13, ""hidden_dim"": 64, ""dropout"": 0.1}, {""name"": ""va_long_beach"", ""encoder"": ""mlp_tabular_ln"", ""input_dim"": 13, ""hidden_dim"": 64, ""dropout"": 0.1}], ""anchor_eps"": 0.0001, ""sep_samples_per_class"": 4, ""sep_method"": ""classifier"", ""sep_margin"": 1.0, ""lambda_fit"": 0.1, ""lambda_sep"": 0.1, ""groupdro_enabled"": true, ""groupdro_eta"": 0.02, ""groupdro_gamma"": 0.9, ""groupdro_update_mode"": ""exp"", ""groupdro_objective"": ""weighted"", ""groupdro_kl_lambda"": 0.0, ""groupdro_uniform_init"": false, ""log_interval"": 20, ""save_every"": 10, ""groupdro_ema_decay"": 0.9, ""groupdro_update_every"": 1, ""dro_signal"": ""val"", ""val_frac"": 0.15, ""impute_missing"": true, ""common_encoder"": true, ""use_regret"": false, ""data_split_seed"": 1003}","{""num_groups"": 4, ""num_classes"": 2, ""train_total"": 623, ""test_total"": 185, ""train_group_counts"": [205, 199, 83, 136], ""test_group_counts"": [61, 59, 25, 40], ""train_class_counts"": [278, 345], ""test_class_counts"": [83, 102], ""train_group_class_counts"": [[111, 94], [127, 72], [5, 78], [35, 101]], ""test_group_class_counts"": [[33, 28], [38, 21], [2, 23], [10, 30]], ""group_proportions"": [0.3290529695024077, 0.31942215088282505, 0.1332263242375602, 0.21829855537720708], ""val_group_counts"": [37, 36, 15, 24], ""val_total"": 112}","{""num_groups"": 4, ""eta"": 0.02, ""update_mode"": ""exp"", ""robust_objective"": ""weighted"", ""gamma"": 0.9, ""kl_lambda"": 0.0, ""initial_pi"": [0.32905295491218567, 0.3194221556186676, 0.13322632014751434, 0.2182985544204712]}",2026-09-16T04:09:33.465089,26,0.4698157873418596,0.7899305555555556,0.001,0.7567567567567568,0.750800916921367,0.72,0.7704918032786885,"[0.7704918032786885, 0.7627118644067796, 0.72, 0.75]","[0.48708616728421117, 0.5252223157529103, 0.5381194650381803, 0.5003969676792621]","[0.6867469879518072, 0.8137254901960784]","[[0.7272727272727273, 0.8214285714285714], [0.7105263157894737, 0.8571428571428571], [0.5, 0.7391304347826086], [0.5, 0.8333333333333334]]","[61, 59, 25, 40]",0.7518554949476884,"[0.7704301075268817, 0.7570588235294118, 0.5257452574525746, 0.6666666666666667]",0.5257452574525746,0.5381194650381803,0.7321428571428571,0.7202515015015015,0.6666666666666666,0.7837837837837838,"[0.7837837837837838, 0.7222222222222222, 0.6666666666666666, 0.7083333333333334]","[0.497874819849794, 0.6613322972423501, 0.6409131233890851, 0.6809704718180001]","[0.68, 0.7741935483870968]","[[0.8, 0.7647058823529411], [0.7391304347826086, 0.6923076923076923], [0.0, 0.7142857142857143], [0.16666666666666666, 0.8888888888888888]]","[37, 36, 15, 24]",0.7278911564625851,"[0.7823529411764707, 0.7077922077922079, 0.4, 0.5213675213675213]",0.4,0.6809704718180001,"[0.31989046931266785, 0.32494455575942993, 0.1361200511455536, 0.21904489398002625]","[0.4724559320343865, 0.4569266736507416, 0.4960934552881453, 0.4910023444228702]","[0.32049795985221863, 0.32468241453170776, 0.13595791161060333, 0.2188616544008255]","[0.32905295491218567, 0.3194221556186676, 0.13322632014751434, 0.2182985544204712]",0.0
"{""run_name"": ""fedheart_exp_paper_hetagg_gdro"", ""seed"": 31337, ""run_dir"": ""runs/fedheart_uncapped/Shared_Anchors_GDRO_s31337_f3"", ""use_fedheart"": true, ""num_classes"": 2, ""stratified_batching"": true, ""train_frac"": 0.8, ""group_max_train_samples"": null, ""true_hetero_input_dim"": true, ""feature_mask"": [[0, 1, 2, 3, 5, 6, 7, 8, 9, 10], [0, 1, 2, 3, 5, 6, 11, 12], [0, 1, 2, 4, 5, 7, 11, 12], [0, 1, 2, 4, 5, 6, 8, 9, 10]], ""batch_size"": 64, ""num_workers"": 0, ""epochs"": 100, ""early_stopping_patience"": 30, ""lr"": 0.001, ""weight_decay"": 0.0001, ""optimizer"": ""adam"", ""grad_clip"": 1.0, ""lr_scheduler"": ""cosine"", ""lr_min"": 1e-05, ""latent_dim"": 64, ""head_hidden"": 32, ""groups"": [{""name"": ""cleveland"", ""encoder"": ""mlp_tabular_ln"", ""input_dim"": 13, ""hidden_dim"": 64, ""dropout"": 0.1}, {""name"": ""hungarian"", ""encoder"": ""mlp_tabular_ln"", ""input_dim"": 13, ""hidden_dim"": 64, ""dropout"": 0.1}, {""name"": ""switzerland"", ""encoder"": ""mlp_tabular_ln"", ""input_dim"": 13, ""hidden_dim"": 64, ""dropout"": 0.1}, {""name"": ""va_long_beach"", ""encoder"": ""mlp_tabular_ln"", ""input_dim"": 13, ""hidden_dim"": 64, ""dropout"": 0.1}], ""anchor_eps"": 0.0001, ""sep_samples_per_class"": 4, ""sep_method"": ""classifier"", ""sep_margin"": 1.0, ""lambda_fit"": 0.1, ""lambda_sep"": 0.1, ""groupdro_enabled"": true, ""groupdro_eta"": 0.02, ""groupdro_gamma"": 0.9, ""groupdro_update_mode"": ""exp"", ""groupdro_objective"": ""weighted"", ""groupdro_kl_lambda"": 0.0, ""groupdro_uniform_init"": false, ""log_interval"": 20, ""save_every"": 10, ""groupdro_ema_decay"": 0.9, ""groupdro_update_every"": 1, ""dro_signal"": ""val"", ""val_frac"": 0.15, ""impute_missing"": true, ""common_encoder"": true, ""use_regret"": false, ""data_split_seed"": 1003}","{""num_groups"": 4, ""num_classes"": 2, ""train_total"": 623, ""test_total"": 185, ""train_group_counts"": [205, 199, 83, 136], ""test_group_counts"": [61, 59, 25, 40], ""train_class_counts"": [278, 345], ""test_class_counts"": [83, 102], ""train_group_class_counts"": [[111, 94], [127, 72], [5, 78], [35, 101]], ""test_group_class_counts"": [[33, 28], [38, 21], [2, 23], [10, 30]], ""group_proportions"": [0.3290529695024077, 0.31942215088282505, 0.1332263242375602, 0.21829855537720708], ""val_group_counts"": [37, 36, 15, 24], ""val_total"": 112}","{""num_groups"": 4, ""eta"": 0.02, ""update_mode"": ""exp"", ""robust_objective"": ""weighted"", ""gamma"": 0.9, ""kl_lambda"": 0.0, ""initial_pi"": [0.32905295491218567, 0.3194221556186676, 0.13322632014751434, 0.2182985544204712]}",2026-09-16T04:09:33.465089,27,0.46645503905084396,0.78125,0.001,0.7243243243243244,0.728362392331203,0.6557377049180327,0.775,"[0.6557377049180327, 0.7627118644067796, 0.72, 0.775]","[0.5183852829771941, 0.5700064037247734, 0.5126076862215996, 0.48954053740017117]","[0.5903614457831325, 0.8333333333333334]","[[0.5151515151515151, 0.8214285714285714], [0.7105263157894737, 0.8571428571428571], [0.5, 0.7391304347826086], [0.4, 0.9]]","[61, 59, 25, 40]",0.7134744450180692,"[0.6523744911804614, 0.7570588235294118, 0.5257452574525746, 0.6638655462184875]",0.5257452574525746,0.5700064037247734,0.7410714285714286,0.7405780780780781,0.7222222222222222,0.7567567567567568,"[0.7567567567567568, 0.7222222222222222, 0.7333333333333333, 0.75]","[0.5212291590869427, 0.6919817755826645, 0.5843610090514024, 0.7047729686213037]","[0.64, 0.8225806451612904]","[[0.75, 0.7647058823529411], [0.6956521739130435, 0.7692307692307693], [0.0, 0.7857142857142857], [0.16666666666666666, 0.9444444444444444]]","[37, 36, 15, 24]",0.733398998604613,"[0.756043956043956, 0.7142857142857144, 0.4230769230769231, 0.55]",0.4230769230769231,0.7047729686213037,"[0.3192776143550873, 0.3252233862876892, 0.1362546980381012, 0.2192443311214447]","[0.45902547240257263, 0.44644735256830853, 0.5113053818543752, 0.5108724236488342]","[0.31989046931266785, 0.32494455575942993, 0.1361200511455536, 0.21904489398002625]","[0.32905295491218567, 0.3194221556186676, 0.13322632014751434, 0.2182985544204712]",0.0
"{""run_name"": ""fedheart_exp_paper_hetagg_gdro"", ""seed"": 31337, ""run_dir"": ""runs/fedheart_uncapped/Shared_Anchors_GDRO_s31337_f3"", ""use_fedheart"": true, ""num_classes"": 2, ""stratified_batching"": true, ""train_frac"": 0.8, ""group_max_train_samples"": null, ""true_hetero_input_dim"": true, ""feature_mask"": [[0, 1, 2, 3, 5, 6, 7, 8, 9, 10], [0, 1, 2, 3, 5, 6, 11, 12], [0, 1, 2, 4, 5, 7, 11, 12], [0, 1, 2, 4, 5, 6, 8, 9, 10]], ""batch_size"": 64, ""num_workers"": 0, ""epochs"": 100, ""early_stopping_patience"": 30, ""lr"": 0.001, ""weight_decay"": 0.0001, ""optimizer"": ""adam"", ""grad_clip"": 1.0, ""lr_scheduler"": ""cosine"", ""lr_min"": 1e-05, ""latent_dim"": 64, ""head_hidden"": 32, ""groups"": [{""name"": ""cleveland"", ""encoder"": ""mlp_tabular_ln"", ""input_dim"": 13, ""hidden_dim"": 64, ""dropout"": 0.1}, {""name"": ""hungarian"", ""encoder"": ""mlp_tabular_ln"", ""input_dim"": 13, ""hidden_dim"": 64, ""dropout"": 0.1}, {""name"": ""switzerland"", ""encoder"": ""mlp_tabular_ln"", ""input_dim"": 13, ""hidden_dim"": 64, ""dropout"": 0.1}, {""name"": ""va_long_beach"", ""encoder"": ""mlp_tabular_ln"", ""input_dim"": 13, ""hidden_dim"": 64, ""dropout"": 0.1}], ""anchor_eps"": 0.0001, ""sep_samples_per_class"": 4, ""sep_method"": ""classifier"", ""sep_margin"": 1.0, ""lambda_fit"": 0.1, ""lambda_sep"": 0.1, ""groupdro_enabled"": true, ""groupdro_eta"": 0.02, ""groupdro_gamma"": 0.9, ""groupdro_update_mode"": ""exp"", ""groupdro_objective"": ""weighted"", ""groupdro_kl_lambda"": 0.0, ""groupdro_uniform_init"": false, ""log_interval"": 20, ""save_every"": 10, ""groupdro_ema_decay"": 0.9, ""groupdro_update_every"": 1, ""dro_signal"": ""val"", ""val_frac"": 0.15, ""impute_missing"": true, ""common_encoder"": true, ""use_regret"": false, ""data_split_seed"": 1003}","{""num_groups"": 4, ""num_classes"": 2, ""train_total"": 623, ""test_total"": 185, ""train_group_counts"": [205, 199, 83, 136], ""test_group_counts"": [61, 59, 25, 40], ""train_class_counts"": [278, 345], ""test_class_counts"": [83, 102], ""train_group_class_counts"": [[111, 94], [127, 72], [5, 78], [35, 101]], ""test_group_class_counts"": [[33, 28], [38, 21], [2, 23], [10, 30]], ""group_proportions"": [0.3290529695024077, 0.31942215088282505, 0.1332263242375602, 0.21829855537720708], ""val_group_counts"": [37, 36, 15, 24], ""val_total"": 112}","{""num_groups"": 4, ""eta"": 0.02, ""update_mode"": ""exp"", ""robust_objective"": ""weighted"", ""gamma"": 0.9, ""kl_lambda"": 0.0, ""initial_pi"": [0.32905295491218567, 0.3194221556186676, 0.13322632014751434, 0.2182985544204712]}",2026-09-16T04:09:33.465089,28,0.4393213788668315,0.8090277777777778,0.001,0.7513513513513513,0.744550916921367,0.72,0.7704918032786885,"[0.7704918032786885, 0.7627118644067796, 0.72, 0.725]","[0.4840796879324757, 0.5076274833941864, 0.5826533573120832, 0.5096187083981931]","[0.7349397590361446, 0.7647058823529411]","[[0.7878787878787878, 0.75], [0.7631578947368421, 0.7619047619047619], [0.5, 0.7391304347826086], [0.5, 0.8]]","[61, 59, 25, 40]",0.7492338519566243,"[0.7689393939393939, 0.7506038647342994, 0.5257452574525746, 0.6448748991121872]",0.5257452574525746,0.5826533573120832,0.6964285714285714,0.6857169669669669,0.625,0.7567567567567568,"[0.7567567567567568, 0.6944444444444444, 0.6666666666666666, 0.625]","[0.5051935333255175, 0.6408209032896492, 0.6806261057655016, 0.7188035490301748]","[0.68, 0.7096774193548387]","[[0.8, 0.7058823529411765], [0.7391304347826086, 0.6153846153846154], [0.0, 0.7142857142857143], [0.16666666666666666, 0.7777777777777778]]","[37, 36, 15, 24]",0.6939890710382514,"[0.753880266075388, 0.674074074074074, 0.4, 0.4692874692874692]",0.4,0.7188035490301748,"[0.31865325570106506, 0.32548749446868896, 0.136392280459404, 0.2194669544696808]","[0.4542396449380451, 0.42780336406495834, 0.41142062511709, 0.5088368190659417]","[0.3192776143550873, 0.3252233862876892, 0.1362546980381012, 0.2192443311214447]","[0.32905295491218567, 0.3194221556186676, 0.13322632014751434, 0.2182985544204712]",0.0
"{""run_name"": ""fedheart_exp_paper_hetagg_gdro"", ""seed"": 31337, ""run_dir"": ""runs/fedheart_uncapped/Shared_Anchors_GDRO_s31337_f3"", ""use_fedheart"": true, ""num_classes"": 2, ""stratified_batching"": true, ""train_frac"": 0.8, ""group_max_train_samples"": null, ""true_hetero_input_dim"": true, ""feature_mask"": [[0, 1, 2, 3, 5, 6, 7, 8, 9, 10], [0, 1, 2, 3, 5, 6, 11, 12], [0, 1, 2, 4, 5, 7, 11, 12], [0, 1, 2, 4, 5, 6, 8, 9, 10]], ""batch_size"": 64, ""num_workers"": 0, ""epochs"": 100, ""early_stopping_patience"": 30, ""lr"": 0.001, ""weight_decay"": 0.0001, ""optimizer"": ""adam"", ""grad_clip"": 1.0, ""lr_scheduler"": ""cosine"", ""lr_min"": 1e-05, ""latent_dim"": 64, ""head_hidden"": 32, ""groups"": [{""name"": ""cleveland"", ""encoder"": ""mlp_tabular_ln"", ""input_dim"": 13, ""hidden_dim"": 64, ""dropout"": 0.1}, {""name"": ""hungarian"", ""encoder"": ""mlp_tabular_ln"", ""input_dim"": 13, ""hidden_dim"": 64, ""dropout"": 0.1}, {""name"": ""switzerland"", ""encoder"": ""mlp_tabular_ln"", ""input_dim"": 13, ""hidden_dim"": 64, ""dropout"": 0.1}, {""name"": ""va_long_beach"", ""encoder"": ""mlp_tabular_ln"", ""input_dim"": 13, ""hidden_dim"": 64, ""dropout"": 0.1}], ""anchor_eps"": 0.0001, ""sep_samples_per_class"": 4, ""sep_method"": ""classifier"", ""sep_margin"": 1.0, ""lambda_fit"": 0.1, ""lambda_sep"": 0.1, ""groupdro_enabled"": true, ""groupdro_eta"": 0.02, ""groupdro_gamma"": 0.9, ""groupdro_update_mode"": ""exp"", ""groupdro_objective"": ""weighted"", ""groupdro_kl_lambda"": 0.0, ""groupdro_uniform_init"": false, ""log_interval"": 20, ""save_every"": 10, ""groupdro_ema_decay"": 0.9, ""groupdro_update_every"": 1, ""dro_signal"": ""val"", ""val_frac"": 0.15, ""impute_missing"": true, ""common_encoder"": true, ""use_regret"": false, ""data_split_seed"": 1003}","{""num_groups"": 4, ""num_classes"": 2, ""train_total"": 623, ""test_total"": 185, ""train_group_counts"": [205, 199, 83, 136], ""test_group_counts"": [61, 59, 25, 40], ""train_class_counts"": [278, 345], ""test_class_counts"": [83, 102], ""train_group_class_counts"": [[111, 94], [127, 72], [5, 78], [35, 101]], ""test_group_class_counts"": [[33, 28], [38, 21], [2, 23], [10, 30]], ""group_proportions"": [0.3290529695024077, 0.31942215088282505, 0.1332263242375602, 0.21829855537720708], ""val_group_counts"": [37, 36, 15, 24], ""val_total"": 112}","{""num_groups"": 4, ""eta"": 0.02, ""update_mode"": ""exp"", ""robust_objective"": ""weighted"", ""gamma"": 0.9, ""kl_lambda"": 0.0, ""initial_pi"": [0.32905295491218567, 0.3194221556186676, 0.13322632014751434, 0.2182985544204712]}",2026-09-16T04:09:33.465089,29,0.44844604200787014,0.7916666666666666,0.001,0.7135135135135136,0.7200267435398722,0.639344262295082,0.775,"[0.639344262295082, 0.7457627118644068, 0.72, 0.775]","[0.5283726464773788, 0.5697290072122873, 0.49307404287159445, 0.47800151351839304]","[0.5783132530120482, 0.8235294117647058]","[[0.48484848484848486, 0.8214285714285714], [0.7105263157894737, 0.8095238095238095], [0.5, 0.7391304347826086], [0.4, 0.9]]","[61, 59, 25, 40]",0.702238148744268,"[0.6345315904139432, 0.7382431233362912, 0.5257452574525746, 0.6638655462184875]",0.5257452574525746,0.5697290072122873,0.7410714285714286,0.7403903903903903,0.6944444444444444,0.7837837837837838,"[0.7837837837837838, 0.6944444444444444, 0.7333333333333333, 0.75]","[0.4964174132894825, 0.6717128242469497, 0.5729998156428338, 0.7285460190226635]","[0.64, 0.8225806451612904]","[[0.8, 0.7647058823529411], [0.6521739130434783, 0.7692307692307693], [0.0, 0.7857142857142857], [0.16666666666666666, 0.9444444444444444]]","[37, 36, 15, 24]",0.733398998604613,"[0.7823529411764707, 0.6884343036978757, 0.4230769230769231, 0.55]",0.4230769230769231,0.7285460190226635,"[0.31801652908325195, 0.3257618546485901, 0.13650456070899963, 0.2197170853614807]","[0.4389013648033142, 0.45587995648384094, 0.43479535977045697, 0.5382858249876235]","[0.31865325570106506, 0.32548749446868896, 0.136392280459404, 0.2194669544696808]","[0.32905295491218567, 0.3194221556186676, 0.13322632014751434, 0.2182985544204712]",0.0
"{""run_name"": ""fedheart_exp_paper_hetagg_gdro"", ""seed"": 31337, ""run_dir"": ""runs/fedheart_uncapped/Shared_Anchors_GDRO_s31337_f3"", ""use_fedheart"": true, ""num_classes"": 2, ""stratified_batching"": true, ""train_frac"": 0.8, ""group_max_train_samples"": null, ""true_hetero_input_dim"": true, ""feature_mask"": [[0, 1, 2, 3, 5, 6, 7, 8, 9, 10], [0, 1, 2, 3, 5, 6, 11, 12], [0, 1, 2, 4, 5, 7, 11, 12], [0, 1, 2, 4, 5, 6, 8, 9, 10]], ""batch_size"": 64, ""num_workers"": 0, ""epochs"": 100, ""early_stopping_patience"": 30, ""lr"": 0.001, ""weight_decay"": 0.0001, ""optimizer"": ""adam"", ""grad_clip"": 1.0, ""lr_scheduler"": ""cosine"", ""lr_min"": 1e-05, ""latent_dim"": 64, ""head_hidden"": 32, ""groups"": [{""name"": ""cleveland"", ""encoder"": ""mlp_tabular_ln"", ""input_dim"": 13, ""hidden_dim"": 64, ""dropout"": 0.1}, {""name"": ""hungarian"", ""encoder"": ""mlp_tabular_ln"", ""input_dim"": 13, ""hidden_dim"": 64, ""dropout"": 0.1}, {""name"": ""switzerland"", ""encoder"": ""mlp_tabular_ln"", ""input_dim"": 13, ""hidden_dim"": 64, ""dropout"": 0.1}, {""name"": ""va_long_beach"", ""encoder"": ""mlp_tabular_ln"", ""input_dim"": 13, ""hidden_dim"": 64, ""dropout"": 0.1}], ""anchor_eps"": 0.0001, ""sep_samples_per_class"": 4, ""sep_method"": ""classifier"", ""sep_margin"": 1.0, ""lambda_fit"": 0.1, ""lambda_sep"": 0.1, ""groupdro_enabled"": true, ""groupdro_eta"": 0.02, ""groupdro_gamma"": 0.9, ""groupdro_update_mode"": ""exp"", ""groupdro_objective"": ""weighted"", ""groupdro_kl_lambda"": 0.0, ""groupdro_uniform_init"": false, ""log_interval"": 20, ""save_every"": 10, ""groupdro_ema_decay"": 0.9, ""groupdro_update_every"": 1, ""dro_signal"": ""val"", ""val_frac"": 0.15, ""impute_missing"": true, ""common_encoder"": true, ""use_regret"": false, ""data_split_seed"": 1003}","{""num_groups"": 4, ""num_classes"": 2, ""train_total"": 623, ""test_total"": 185, ""train_group_counts"": [205, 199, 83, 136], ""test_group_counts"": [61, 59, 25, 40], ""train_class_counts"": [278, 345], ""test_class_counts"": [83, 102], ""train_group_class_counts"": [[111, 94], [127, 72], [5, 78], [35, 101]], ""test_group_class_counts"": [[33, 28], [38, 21], [2, 23], [10, 30]], ""group_proportions"": [0.3290529695024077, 0.31942215088282505, 0.1332263242375602, 0.21829855537720708], ""val_group_counts"": [37, 36, 15, 24], ""val_total"": 112}","{""num_groups"": 4, ""eta"": 0.02, ""update_mode"": ""exp"", ""robust_objective"": ""weighted"", ""gamma"": 0.9, ""kl_lambda"": 0.0, ""initial_pi"": [0.32905295491218567, 0.3194221556186676, 0.13322632014751434, 0.2182985544204712]}",2026-09-16T04:09:33.465089,30,0.44097936153411865,0.7881944444444444,0.001,0.7243243243243244,0.7262107529869408,0.6721311475409836,0.7627118644067796,"[0.6721311475409836, 0.7627118644067796, 0.72, 0.75]","[0.5094243755228207, 0.5672488261203644, 0.5032133020460605, 0.4813172343652695]","[0.6024096385542169, 0.8235294117647058]","[[0.5454545454545454, 0.8214285714285714], [0.7105263157894737, 0.8571428571428571], [0.5, 0.7391304347826086], [0.4, 0.8666666666666667]]","[61, 59, 25, 40]",0.7146874716501861,"[0.6699134199134199, 0.7570588235294118, 0.5257452574525746, 0.6415770609318997]",0.5257452574525746,0.5672488261203644,0.75,0.7473348348348348,0.7222222222222222,0.7837837837837838,"[0.7837837837837838, 0.7222222222222222, 0.7333333333333333, 0.75]","[0.49006798843274246, 0.6544652643303076, 0.5998600025971731, 0.7216702233999968]","[0.66, 0.8225806451612904]","[[0.8, 0.7647058823529411], [0.6956521739130435, 0.7692307692307693], [0.0, 0.7857142857142857], [0.16666666666666666, 0.9444444444444444]]","[37, 36, 15, 24]",0.7433715220949262,"[0.7823529411764707, 0.7142857142857144, 0.4230769230769231, 0.55]",0.4230769230769231,0.7216702233999968,"[0.31736814975738525, 0.3260376751422882, 0.13660281896591187, 0.21999135613441467]","[0.47070011496543884, 0.4242895411120521, 0.40550066861841416, 0.5357025795512729]","[0.31801652908325195, 0.3257618546485901, 0.13650456070899963, 0.2197170853614807]","[0.32905295491218567, 0.3194221556186676, 0.13322632014751434, 0.2182985544204712]",0.0
"{""run_name"": ""fedheart_exp_paper_hetagg_gdro"", ""seed"": 31337, ""run_dir"": ""runs/fedheart_uncapped/Shared_Anchors_GDRO_s31337_f3"", ""use_fedheart"": true, ""num_classes"": 2, ""stratified_batching"": true, ""train_frac"": 0.8, ""group_max_train_samples"": null, ""true_hetero_input_dim"": true, ""feature_mask"": [[0, 1, 2, 3, 5, 6, 7, 8, 9, 10], [0, 1, 2, 3, 5, 6, 11, 12], [0, 1, 2, 4, 5, 7, 11, 12], [0, 1, 2, 4, 5, 6, 8, 9, 10]], ""batch_size"": 64, ""num_workers"": 0, ""epochs"": 100, ""early_stopping_patience"": 30, ""lr"": 0.001, ""weight_decay"": 0.0001, ""optimizer"": ""adam"", ""grad_clip"": 1.0, ""lr_scheduler"": ""cosine"", ""lr_min"": 1e-05, ""latent_dim"": 64, ""head_hidden"": 32, ""groups"": [{""name"": ""cleveland"", ""encoder"": ""mlp_tabular_ln"", ""input_dim"": 13, ""hidden_dim"": 64, ""dropout"": 0.1}, {""name"": ""hungarian"", ""encoder"": ""mlp_tabular_ln"", ""input_dim"": 13, ""hidden_dim"": 64, ""dropout"": 0.1}, {""name"": ""switzerland"", ""encoder"": ""mlp_tabular_ln"", ""input_dim"": 13, ""hidden_dim"": 64, ""dropout"": 0.1}, {""name"": ""va_long_beach"", ""encoder"": ""mlp_tabular_ln"", ""input_dim"": 13, ""hidden_dim"": 64, ""dropout"": 0.1}], ""anchor_eps"": 0.0001, ""sep_samples_per_class"": 4, ""sep_method"": ""classifier"", ""sep_margin"": 1.0, ""lambda_fit"": 0.1, ""lambda_sep"": 0.1, ""groupdro_enabled"": true, ""groupdro_eta"": 0.02, ""groupdro_gamma"": 0.9, ""groupdro_update_mode"": ""exp"", ""groupdro_objective"": ""weighted"", ""groupdro_kl_lambda"": 0.0, ""groupdro_uniform_init"": false, ""log_interval"": 20, ""save_every"": 10, ""groupdro_ema_decay"": 0.9, ""groupdro_update_every"": 1, ""dro_signal"": ""val"", ""val_frac"": 0.15, ""impute_missing"": true, ""common_encoder"": true, ""use_regret"": false, ""data_split_seed"": 1003}","{""num_groups"": 4, ""num_classes"": 2, ""train_total"": 623, ""test_total"": 185, ""train_group_counts"": [205, 199, 83, 136], ""test_group_counts"": [61, 59, 25, 40], ""train_class_counts"": [278, 345], ""test_class_counts"": [83, 102], ""train_group_class_counts"": [[111, 94], [127, 72], [5, 78], [35, 101]], ""test_group_class_counts"": [[33, 28], [38, 21], [2, 23], [10, 30]], ""group_proportions"": [0.3290529695024077, 0.31942215088282505, 0.1332263242375602, 0.21829855537720708], ""val_group_counts"": [37, 36, 15, 24], ""val_total"": 112}","{""num_groups"": 4, ""eta"": 0.02, ""update_mode"": ""exp"", ""robust_objective"": ""weighted"", ""gamma"": 0.9, ""kl_lambda"": 0.0, ""initial_pi"": [0.32905295491218567, 0.3194221556186676, 0.13322632014751434, 0.2182985544204712]}",2026-09-16T04:09:33.465089,31,0.44072338607576156,0.7899305555555556,0.001,0.7567567567567568,0.7486492775771048,0.72,0.7868852459016393,"[0.7868852459016393, 0.7627118644067796, 0.72, 0.725]","[0.46860461450013957, 0.5132639965010901, 0.5644179113954305, 0.49795631733722984]","[0.7108433734939759, 0.7941176470588235]","[[0.7575757575757576, 0.8214285714285714], [0.7368421052631579, 0.8095238095238095], [0.5, 0.7391304347826086], [0.5, 0.8]]","[61, 59, 25, 40]",0.7532675380101361,"[0.7866559052999732, 0.7541666666666667, 0.5257452574525746, 0.6448748991121872]",0.5257452574525746,0.5644179113954305,0.7232142857142857,0.7160848348348348,0.625,0.7837837837837838,"[0.7837837837837838, 0.7222222222222222, 0.7333333333333333, 0.625]","[0.48311289138085134, 0.6184313102728791, 0.6992894624670346, 0.7362648273507754]","[0.7, 0.7419354838709677]","[[0.8, 0.7647058823529411], [0.7391304347826086, 0.6923076923076923], [1.0, 0.7142857142857143], [0.16666666666666666, 0.7777777777777778]]","[37, 36, 15, 24]",0.7205183933027448,"[0.7823529411764707, 0.7077922077922079, 0.5833333333333333, 0.4692874692874692]",0.4692874692874692,0.7362648273507754,"[0.316703200340271, 0.32628944516181946, 0.13671477138996124, 0.22029262781143188]","[0.4210689862569173, 0.48831668496131897, 0.3591239915953742, 0.548718101448483]","[0.31736814975738525, 0.3260376751422882, 0.13660281896591187, 0.21999135613441467]","[0.32905295491218567, 0.3194221556186676, 0.13322632014751434, 0.2182985544204712]",0.0
"{""run_name"": ""fedheart_exp_paper_hetagg_gdro"", ""seed"": 31337, ""run_dir"": ""runs/fedheart_uncapped/Shared_Anchors_GDRO_s31337_f3"", ""use_fedheart"": true, ""num_classes"": 2, ""stratified_batching"": true, ""train_frac"": 0.8, ""group_max_train_samples"": null, ""true_hetero_input_dim"": true, ""feature_mask"": [[0, 1, 2, 3, 5, 6, 7, 8, 9, 10], [0, 1, 2, 3, 5, 6, 11, 12], [0, 1, 2, 4, 5, 7, 11, 12], [0, 1, 2, 4, 5, 6, 8, 9, 10]], ""batch_size"": 64, ""num_workers"": 0, ""epochs"": 100, ""early_stopping_patience"": 30, ""lr"": 0.001, ""weight_decay"": 0.0001, ""optimizer"": ""adam"", ""grad_clip"": 1.0, ""lr_scheduler"": ""cosine"", ""lr_min"": 1e-05, ""latent_dim"": 64, ""head_hidden"": 32, ""groups"": [{""name"": ""cleveland"", ""encoder"": ""mlp_tabular_ln"", ""input_dim"": 13, ""hidden_dim"": 64, ""dropout"": 0.1}, {""name"": ""hungarian"", ""encoder"": ""mlp_tabular_ln"", ""input_dim"": 13, ""hidden_dim"": 64, ""dropout"": 0.1}, {""name"": ""switzerland"", ""encoder"": ""mlp_tabular_ln"", ""input_dim"": 13, ""hidden_dim"": 64, ""dropout"": 0.1}, {""name"": ""va_long_beach"", ""encoder"": ""mlp_tabular_ln"", ""input_dim"": 13, ""hidden_dim"": 64, ""dropout"": 0.1}], ""anchor_eps"": 0.0001, ""sep_samples_per_class"": 4, ""sep_method"": ""classifier"", ""sep_margin"": 1.0, ""lambda_fit"": 0.1, ""lambda_sep"": 0.1, ""groupdro_enabled"": true, ""groupdro_eta"": 0.02, ""groupdro_gamma"": 0.9, ""groupdro_update_mode"": ""exp"", ""groupdro_objective"": ""weighted"", ""groupdro_kl_lambda"": 0.0, ""groupdro_uniform_init"": false, ""log_interval"": 20, ""save_every"": 10, ""groupdro_ema_decay"": 0.9, ""groupdro_update_every"": 1, ""dro_signal"": ""val"", ""val_frac"": 0.15, ""impute_missing"": true, ""common_encoder"": true, ""use_regret"": false, ""data_split_seed"": 1003}","{""num_groups"": 4, ""num_classes"": 2, ""train_total"": 623, ""test_total"": 185, ""train_group_counts"": [205, 199, 83, 136], ""test_group_counts"": [61, 59, 25, 40], ""train_class_counts"": [278, 345], ""test_class_counts"": [83, 102], ""train_group_class_counts"": [[111, 94], [127, 72], [5, 78], [35, 101]], ""test_group_class_counts"": [[33, 28], [38, 21], [2, 23], [10, 30]], ""group_proportions"": [0.3290529695024077, 0.31942215088282505, 0.1332263242375602, 0.21829855537720708], ""val_group_counts"": [37, 36, 15, 24], ""val_total"": 112}","{""num_groups"": 4, ""eta"": 0.02, ""update_mode"": ""exp"", ""robust_objective"": ""weighted"", ""gamma"": 0.9, ""kl_lambda"": 0.0, ""initial_pi"": [0.32905295491218567, 0.3194221556186676, 0.13322632014751434, 0.2182985544204712]}",2026-09-16T04:09:33.465089,32,0.4203450944688585,0.8055555555555556,0.001,0.7243243243243244,0.7262107529869408,0.6721311475409836,0.7627118644067796,"[0.6721311475409836, 0.7627118644067796, 0.72, 0.75]","[0.5216395672044305, 0.5714040940343323, 0.4808155655115843, 0.4877235703635961]","[0.5783132530120482, 0.8431372549019608]","[[0.5151515151515151, 0.8571428571428571], [0.6842105263157895, 0.9047619047619048], [0.5, 0.7391304347826086], [0.4, 0.8666666666666667]]","[61, 59, 25, 40]",0.7121808364601445,"[0.667755991285403, 0.7593240093240092, 0.5257452574525746, 0.6415770609318997]",0.5257452574525746,0.5714040940343323,0.7589285714285714,0.7540915915915916,0.7222222222222222,0.8108108108108109,"[0.8108108108108109, 0.7222222222222222, 0.7333333333333333, 0.75]","[0.49594164810873365, 0.6750601935717795, 0.6036087657014529, 0.7363162281302115]","[0.68, 0.8225806451612904]","[[0.8, 0.8235294117647058], [0.7391304347826086, 0.6923076923076923], [0.0, 0.7857142857142857], [0.16666666666666666, 0.9444444444444444]]","[37, 36, 15, 24]",0.7532435740514076,"[0.8102564102564103, 0.7077922077922079, 0.4230769230769231, 0.55]",0.4230769230769231,0.7363162281302115,"[0.3160255253314972, 0.32655006647109985, 0.1368102729320526, 0.22061406075954437]","[0.4046347240606944, 0.40222666329807705, 0.5048605733447604, 0.5202321575747596]","[0.316703200340271, 0.32628944516181946, 0.13671477138996124, 0.22029262781143188]","[0.32905295491218567, 0.3194221556186676, 0.13322632014751434, 0.2182985544204712]",0.0
"{""run_name"": ""fedheart_exp_paper_hetagg_gdro"", ""seed"": 31337, ""run_dir"": ""runs/fedheart_uncapped/Shared_Anchors_GDRO_s31337_f3"", ""use_fedheart"": true, ""num_classes"": 2, ""stratified_batching"": true, ""train_frac"": 0.8, ""group_max_train_samples"": null, ""true_hetero_input_dim"": true, ""feature_mask"": [[0, 1, 2, 3, 5, 6, 7, 8, 9, 10], [0, 1, 2, 3, 5, 6, 11, 12], [0, 1, 2, 4, 5, 7, 11, 12], [0, 1, 2, 4, 5, 6, 8, 9, 10]], ""batch_size"": 64, ""num_workers"": 0, ""epochs"": 100, ""early_stopping_patience"": 30, ""lr"": 0.001, ""weight_decay"": 0.0001, ""optimizer"": ""adam"", ""grad_clip"": 1.0, ""lr_scheduler"": ""cosine"", ""lr_min"": 1e-05, ""latent_dim"": 64, ""head_hidden"": 32, ""groups"": [{""name"": ""cleveland"", ""encoder"": ""mlp_tabular_ln"", ""input_dim"": 13, ""hidden_dim"": 64, ""dropout"": 0.1}, {""name"": ""hungarian"", ""encoder"": ""mlp_tabular_ln"", ""input_dim"": 13, ""hidden_dim"": 64, ""dropout"": 0.1}, {""name"": ""switzerland"", ""encoder"": ""mlp_tabular_ln"", ""input_dim"": 13, ""hidden_dim"": 64, ""dropout"": 0.1}, {""name"": ""va_long_beach"", ""encoder"": ""mlp_tabular_ln"", ""input_dim"": 13, ""hidden_dim"": 64, ""dropout"": 0.1}], ""anchor_eps"": 0.0001, ""sep_samples_per_class"": 4, ""sep_method"": ""classifier"", ""sep_margin"": 1.0, ""lambda_fit"": 0.1, ""lambda_sep"": 0.1, ""groupdro_enabled"": true, ""groupdro_eta"": 0.02, ""groupdro_gamma"": 0.9, ""groupdro_update_mode"": ""exp"", ""groupdro_objective"": ""weighted"", ""groupdro_kl_lambda"": 0.0, ""groupdro_uniform_init"": false, ""log_interval"": 20, ""save_every"": 10, ""groupdro_ema_decay"": 0.9, ""groupdro_update_every"": 1, ""dro_signal"": ""val"", ""val_frac"": 0.15, ""impute_missing"": true, ""common_encoder"": true, ""use_regret"": false, ""data_split_seed"": 1003}","{""num_groups"": 4, ""num_classes"": 2, ""train_total"": 623, ""test_total"": 185, ""train_group_counts"": [205, 199, 83, 136], ""test_group_counts"": [61, 59, 25, 40], ""train_class_counts"": [278, 345], ""test_class_counts"": [83, 102], ""train_group_class_counts"": [[111, 94], [127, 72], [5, 78], [35, 101]], ""test_group_class_counts"": [[33, 28], [38, 21], [2, 23], [10, 30]], ""group_proportions"": [0.3290529695024077, 0.31942215088282505, 0.1332263242375602, 0.21829855537720708], ""val_group_counts"": [37, 36, 15, 24], ""val_total"": 112}","{""num_groups"": 4, ""eta"": 0.02, ""update_mode"": ""exp"", ""robust_objective"": ""weighted"", ""gamma"": 0.9, ""kl_lambda"": 0.0, ""initial_pi"": [0.32905295491218567, 0.3194221556186676, 0.13322632014751434, 0.2182985544204712]}",2026-09-16T04:09:33.465089,33,0.4313713212807973,0.8055555555555556,0.001,0.7567567567567568,0.7509398444012225,0.72,0.7796610169491526,"[0.7540983606557377, 0.7796610169491526, 0.72, 0.75]","[0.5096545321408843, 0.5310258279728183, 0.5158255688846112, 0.4977515927515924]","[0.6746987951807228, 0.8235294117647058]","[[0.696969696969697, 0.8214285714285714], [0.7368421052631579, 0.8571428571428571], [0.5, 0.7391304347826086], [0.4, 0.8666666666666667]]","[61, 59, 25, 40]",0.7510540952722705,"[0.7540983606557378, 0.7731440402247856, 0.5257452574525746, 0.6415770609318997]",0.5257452574525746,0.5310258279728183,0.7410714285714286,0.7306681681681682,0.6666666666666666,0.7837837837837838,"[0.7837837837837838, 0.7222222222222222, 0.6666666666666666, 0.75]","[0.5050044446378141, 0.6632395771642526, 0.6781464380522569, 0.7084321014893552]","[0.68, 0.7903225806451613]","[[0.8, 0.7647058823529411], [0.7391304347826086, 0.6923076923076923], [0.0, 0.7142857142857143], [0.16666666666666666, 0.9444444444444444]]","[37, 36, 15, 24]",0.7363422355710691,"[0.7823529411764707, 0.7077922077922079, 0.4, 0.55]",0.4,0.7084321014893552,"[0.3153403699398041, 0.32680901885032654, 0.13691049814224243, 0.22094006836414337]","[0.42822516130076516, 0.42487508058547974, 0.4329348603884379, 0.562705914179484]","[0.3160255253314972, 0.32655006647109985, 0.1368102729320526, 0.22061406075954437]","[0.32905295491218567, 0.3194221556186676, 0.13322632014751434, 0.2182985544204712]",0.0
"{""run_name"": ""fedheart_exp_paper_hetagg_gdro"", ""seed"": 31337, ""run_dir"": ""runs/fedheart_uncapped/Shared_Anchors_GDRO_s31337_f3"", ""use_fedheart"": true, ""num_classes"": 2, ""stratified_batching"": true, ""train_frac"": 0.8, ""group_max_train_samples"": null, ""true_hetero_input_dim"": true, ""feature_mask"": [[0, 1, 2, 3, 5, 6, 7, 8, 9, 10], [0, 1, 2, 3, 5, 6, 11, 12], [0, 1, 2, 4, 5, 7, 11, 12], [0, 1, 2, 4, 5, 6, 8, 9, 10]], ""batch_size"": 64, ""num_workers"": 0, ""epochs"": 100, ""early_stopping_patience"": 30, ""lr"": 0.001, ""weight_decay"": 0.0001, ""optimizer"": ""adam"", ""grad_clip"": 1.0, ""lr_scheduler"": ""cosine"", ""lr_min"": 1e-05, ""latent_dim"": 64, ""head_hidden"": 32, ""groups"": [{""name"": ""cleveland"", ""encoder"": ""mlp_tabular_ln"", ""input_dim"": 13, ""hidden_dim"": 64, ""dropout"": 0.1}, {""name"": ""hungarian"", ""encoder"": ""mlp_tabular_ln"", ""input_dim"": 13, ""hidden_dim"": 64, ""dropout"": 0.1}, {""name"": ""switzerland"", ""encoder"": ""mlp_tabular_ln"", ""input_dim"": 13, ""hidden_dim"": 64, ""dropout"": 0.1}, {""name"": ""va_long_beach"", ""encoder"": ""mlp_tabular_ln"", ""input_dim"": 13, ""hidden_dim"": 64, ""dropout"": 0.1}], ""anchor_eps"": 0.0001, ""sep_samples_per_class"": 4, ""sep_method"": ""classifier"", ""sep_margin"": 1.0, ""lambda_fit"": 0.1, ""lambda_sep"": 0.1, ""groupdro_enabled"": true, ""groupdro_eta"": 0.02, ""groupdro_gamma"": 0.9, ""groupdro_update_mode"": ""exp"", ""groupdro_objective"": ""weighted"", ""groupdro_kl_lambda"": 0.0, ""groupdro_uniform_init"": false, ""log_interval"": 20, ""save_every"": 10, ""groupdro_ema_decay"": 0.9, ""groupdro_update_every"": 1, ""dro_signal"": ""val"", ""val_frac"": 0.15, ""impute_missing"": true, ""common_encoder"": true, ""use_regret"": false, ""data_split_seed"": 1003}","{""num_groups"": 4, ""num_classes"": 2, ""train_total"": 623, ""test_total"": 185, ""train_group_counts"": [205, 199, 83, 136], ""test_group_counts"": [61, 59, 25, 40], ""train_class_counts"": [278, 345], ""test_class_counts"": [83, 102], ""train_group_class_counts"": [[111, 94], [127, 72], [5, 78], [35, 101]], ""test_group_class_counts"": [[33, 28], [38, 21], [2, 23], [10, 30]], ""group_proportions"": [0.3290529695024077, 0.31942215088282505, 0.1332263242375602, 0.21829855537720708], ""val_group_counts"": [37, 36, 15, 24], ""val_total"": 112}","{""num_groups"": 4, ""eta"": 0.02, ""update_mode"": ""exp"", ""robust_objective"": ""weighted"", ""gamma"": 0.9, ""kl_lambda"": 0.0, ""initial_pi"": [0.32905295491218567, 0.3194221556186676, 0.13322632014751434, 0.2182985544204712]}",2026-09-16T04:09:33.465089,34,0.4223332769340939,0.7986111111111112,0.001,0.7513513513513513,0.7488541956098916,0.72,0.775,"[0.7377049180327869, 0.7627118644067796, 0.72, 0.775]","[0.5272549956914832, 0.5539386833118181, 0.5006083201617002, 0.4941549404524267]","[0.6265060240963856, 0.8529411764705882]","[[0.6363636363636364, 0.8571428571428571], [0.6842105263157895, 0.9047619047619048], [0.5, 0.7391304347826086], [0.4, 0.9]]","[61, 59, 25, 40]",0.7421212121212122,"[0.7370689655172413, 0.7593240093240092, 0.5257452574525746, 0.6638655462184875]",0.5257452574525746,0.5539386833118181,0.7410714285714286,0.7306681681681682,0.6666666666666666,0.7837837837837838,"[0.7837837837837838, 0.7222222222222222, 0.6666666666666666, 0.75]","[0.5153818155664045, 0.6567649425317844, 0.6660761758685112, 0.6984167246458431]","[0.68, 0.7903225806451613]","[[0.8, 0.7647058823529411], [0.7391304347826086, 0.6923076923076923], [0.0, 0.7142857142857143], [0.16666666666666666, 0.9444444444444444]]","[37, 36, 15, 24]",0.7363422355710691,"[0.7823529411764707, 0.7077922077922079, 0.4, 0.55]",0.4,0.6984167246458431,"[0.3146568238735199, 0.32706382870674133, 0.13701236248016357, 0.2212669402360916]","[0.44222964511977303, 0.4549337592389848, 0.40307142833868664, 0.4902173810535007]","[0.3153403699398041, 0.32680901885032654, 0.13691049814224243, 0.22094006836414337]","[0.32905295491218567, 0.3194221556186676, 0.13322632014751434, 0.2182985544204712]",0.0
"{""run_name"": ""fedheart_exp_paper_hetagg_gdro"", ""seed"": 31337, ""run_dir"": ""runs/fedheart_uncapped/Shared_Anchors_GDRO_s31337_f3"", ""use_fedheart"": true, ""num_classes"": 2, ""stratified_batching"": true, ""train_frac"": 0.8, ""group_max_train_samples"": null, ""true_hetero_input_dim"": true, ""feature_mask"": [[0, 1, 2, 3, 5, 6, 7, 8, 9, 10], [0, 1, 2, 3, 5, 6, 11, 12], [0, 1, 2, 4, 5, 7, 11, 12], [0, 1, 2, 4, 5, 6, 8, 9, 10]], ""batch_size"": 64, ""num_workers"": 0, ""epochs"": 100, ""early_stopping_patience"": 30, ""lr"": 0.001, ""weight_decay"": 0.0001, ""optimizer"": ""adam"", ""grad_clip"": 1.0, ""lr_scheduler"": ""cosine"", ""lr_min"": 1e-05, ""latent_dim"": 64, ""head_hidden"": 32, ""groups"": [{""name"": ""cleveland"", ""encoder"": ""mlp_tabular_ln"", ""input_dim"": 13, ""hidden_dim"": 64, ""dropout"": 0.1}, {""name"": ""hungarian"", ""encoder"": ""mlp_tabular_ln"", ""input_dim"": 13, ""hidden_dim"": 64, ""dropout"": 0.1}, {""name"": ""switzerland"", ""encoder"": ""mlp_tabular_ln"", ""input_dim"": 13, ""hidden_dim"": 64, ""dropout"": 0.1}, {""name"": ""va_long_beach"", ""encoder"": ""mlp_tabular_ln"", ""input_dim"": 13, ""hidden_dim"": 64, ""dropout"": 0.1}], ""anchor_eps"": 0.0001, ""sep_samples_per_class"": 4, ""sep_method"": ""classifier"", ""sep_margin"": 1.0, ""lambda_fit"": 0.1, ""lambda_sep"": 0.1, ""groupdro_enabled"": true, ""groupdro_eta"": 0.02, ""groupdro_gamma"": 0.9, ""groupdro_update_mode"": ""exp"", ""groupdro_objective"": ""weighted"", ""groupdro_kl_lambda"": 0.0, ""groupdro_uniform_init"": false, ""log_interval"": 20, ""save_every"": 10, ""groupdro_ema_decay"": 0.9, ""groupdro_update_every"": 1, ""dro_signal"": ""val"", ""val_frac"": 0.15, ""impute_missing"": true, ""common_encoder"": true, ""use_regret"": false, ""data_split_seed"": 1003}","{""num_groups"": 4, ""num_classes"": 2, ""train_total"": 623, ""test_total"": 185, ""train_group_counts"": [205, 199, 83, 136], ""test_group_counts"": [61, 59, 25, 40], ""train_class_counts"": [278, 345], ""test_class_counts"": [83, 102], ""train_group_class_counts"": [[111, 94], [127, 72], [5, 78], [35, 101]], ""test_group_class_counts"": [[33, 28], [38, 21], [2, 23], [10, 30]], ""group_proportions"": [0.3290529695024077, 0.31942215088282505, 0.1332263242375602, 0.21829855537720708], ""val_group_counts"": [37, 36, 15, 24], ""val_total"": 112}","{""num_groups"": 4, ""eta"": 0.02, ""update_mode"": ""exp"", ""robust_objective"": ""weighted"", ""gamma"": 0.9, ""kl_lambda"": 0.0, ""initial_pi"": [0.32905295491218567, 0.3194221556186676, 0.13322632014751434, 0.2182985544204712]}",2026-09-16T04:09:33.465089,35,0.423485580417845,0.7899305555555556,0.001,0.7081081081081081,0.715789455404279,0.639344262295082,0.775,"[0.639344262295082, 0.7288135593220338, 0.72, 0.775]","[0.5478909626358845, 0.5432746587794716, 0.5069427359104156, 0.49304565065540373]","[0.5903614457831325, 0.803921568627451]","[[0.5454545454545454, 0.75], [0.6842105263157895, 0.8095238095238095], [0.5, 0.7391304347826086], [0.4, 0.9]]","[61, 59, 25, 40]",0.6985152100434573,"[0.6384698275862069, 0.7223529411764706, 0.5257452574525746, 0.6638655462184875]",0.5257452574525746,0.5478909626358845,0.7142857142857143,0.7001126126126126,0.6,0.7837837837837838,"[0.7837837837837838, 0.6666666666666666, 0.6, 0.75]","[0.5220626936973752, 0.6563310130602784, 0.682136536637942, 0.6960791071566442]","[0.66, 0.7580645161290323]","[[0.8, 0.7647058823529411], [0.6956521739130435, 0.6153846153846154], [0.0, 0.6428571428571429], [0.16666666666666666, 0.9444444444444444]]","[37, 36, 15, 24]",0.709750566893424,"[0.7823529411764707, 0.6493506493506493, 0.375, 0.55]",0.375,0.6960791071566442,"[0.3139767050743103, 0.3273122310638428, 0.1371190994977951, 0.22159194946289062]","[0.40928943786356187, 0.41312603818045723, 0.4952206661303838, 0.5466164714760251]","[0.3146568238735199, 0.32706382870674133, 0.13701236248016357, 0.2212669402360916]","[0.32905295491218567, 0.3194221556186676, 0.13322632014751434, 0.2182985544204712]",0.0
"{""run_name"": ""fedheart_exp_paper_hetagg_gdro"", ""seed"": 31337, ""run_dir"": ""runs/fedheart_uncapped/Shared_Anchors_GDRO_s31337_f3"", ""use_fedheart"": true, ""num_classes"": 2, ""stratified_batching"": true, ""train_frac"": 0.8, ""group_max_train_samples"": null, ""true_hetero_input_dim"": true, ""feature_mask"": [[0, 1, 2, 3, 5, 6, 7, 8, 9, 10], [0, 1, 2, 3, 5, 6, 11, 12], [0, 1, 2, 4, 5, 7, 11, 12], [0, 1, 2, 4, 5, 6, 8, 9, 10]], ""batch_size"": 64, ""num_workers"": 0, ""epochs"": 100, ""early_stopping_patience"": 30, ""lr"": 0.001, ""weight_decay"": 0.0001, ""optimizer"": ""adam"", ""grad_clip"": 1.0, ""lr_scheduler"": ""cosine"", ""lr_min"": 1e-05, ""latent_dim"": 64, ""head_hidden"": 32, ""groups"": [{""name"": ""cleveland"", ""encoder"": ""mlp_tabular_ln"", ""input_dim"": 13, ""hidden_dim"": 64, ""dropout"": 0.1}, {""name"": ""hungarian"", ""encoder"": ""mlp_tabular_ln"", ""input_dim"": 13, ""hidden_dim"": 64, ""dropout"": 0.1}, {""name"": ""switzerland"", ""encoder"": ""mlp_tabular_ln"", ""input_dim"": 13, ""hidden_dim"": 64, ""dropout"": 0.1}, {""name"": ""va_long_beach"", ""encoder"": ""mlp_tabular_ln"", ""input_dim"": 13, ""hidden_dim"": 64, ""dropout"": 0.1}], ""anchor_eps"": 0.0001, ""sep_samples_per_class"": 4, ""sep_method"": ""classifier"", ""sep_margin"": 1.0, ""lambda_fit"": 0.1, ""lambda_sep"": 0.1, ""groupdro_enabled"": true, ""groupdro_eta"": 0.02, ""groupdro_gamma"": 0.9, ""groupdro_update_mode"": ""exp"", ""groupdro_objective"": ""weighted"", ""groupdro_kl_lambda"": 0.0, ""groupdro_uniform_init"": false, ""log_interval"": 20, ""save_every"": 10, ""groupdro_ema_decay"": 0.9, ""groupdro_update_every"": 1, ""dro_signal"": ""val"", ""val_frac"": 0.15, ""impute_missing"": true, ""common_encoder"": true, ""use_regret"": false, ""data_split_seed"": 1003}","{""num_groups"": 4, ""num_classes"": 2, ""train_total"": 623, ""test_total"": 185, ""train_group_counts"": [205, 199, 83, 136], ""test_group_counts"": [61, 59, 25, 40], ""train_class_counts"": [278, 345], ""test_class_counts"": [83, 102], ""train_group_class_counts"": [[111, 94], [127, 72], [5, 78], [35, 101]], ""test_group_class_counts"": [[33, 28], [38, 21], [2, 23], [10, 30]], ""group_proportions"": [0.3290529695024077, 0.31942215088282505, 0.1332263242375602, 0.21829855537720708], ""val_group_counts"": [37, 36, 15, 24], ""val_total"": 112}","{""num_groups"": 4, ""eta"": 0.02, ""update_mode"": ""exp"", ""robust_objective"": ""weighted"", ""gamma"": 0.9, ""kl_lambda"": 0.0, ""initial_pi"": [0.32905295491218567, 0.3194221556186676, 0.13322632014751434, 0.2182985544204712]}",2026-09-16T04:09:33.465089,36,0.41669052177005345,0.8038194444444444,0.001,0.7135135135135136,0.7200267435398722,0.639344262295082,0.775,"[0.639344262295082, 0.7457627118644068, 0.72, 0.775]","[0.5675973051273432, 0.5597828035953186, 0.4850729388743639, 0.49440181595273314]","[0.5662650602409639, 0.8333333333333334]","[[0.5151515151515151, 0.7857142857142857], [0.6578947368421053, 0.9047619047619048], [0.5, 0.7391304347826086], [0.4, 0.9]]","[61, 59, 25, 40]",0.7008938104389738,"[0.6369047619047619, 0.7431059506531205, 0.5257452574525746, 0.6638655462184875]",0.5257452574525746,0.5675973051273432,0.7589285714285714,0.7542792792792793,0.7333333333333333,0.7837837837837838,"[0.7837837837837838, 0.75, 0.7333333333333333, 0.75]","[0.5211550417179996, 0.6736143431108859, 0.6563699603080749, 0.7294233518963059]","[0.68, 0.8225806451612904]","[[0.8, 0.7647058823529411], [0.7391304347826086, 0.7692307692307693], [0.0, 0.7857142857142857], [0.16666666666666666, 0.9444444444444444]]","[37, 36, 15, 24]",0.7532435740514076,"[0.7823529411764707, 0.7401764234161989, 0.4230769230769231, 0.55]",0.4230769230769231,0.7294233518963059,"[0.31329336762428284, 0.32756003737449646, 0.1372205913066864, 0.22192594408988953]","[0.41902681357330746, 0.4614081051614549, 0.3947972473171022, 0.510209298796124]","[0.3139767050743103, 0.3273122310638428, 0.1371190994977951, 0.22159194946289062]","[0.32905295491218567, 0.3194221556186676, 0.13322632014751434, 0.2182985544204712]",0.0
"{""run_name"": ""fedheart_exp_paper_hetagg_gdro"", ""seed"": 31337, ""run_dir"": ""runs/fedheart_uncapped/Shared_Anchors_GDRO_s31337_f3"", ""use_fedheart"": true, ""num_classes"": 2, ""stratified_batching"": true, ""train_frac"": 0.8, ""group_max_train_samples"": null, ""true_hetero_input_dim"": true, ""feature_mask"": [[0, 1, 2, 3, 5, 6, 7, 8, 9, 10], [0, 1, 2, 3, 5, 6, 11, 12], [0, 1, 2, 4, 5, 7, 11, 12], [0, 1, 2, 4, 5, 6, 8, 9, 10]], ""batch_size"": 64, ""num_workers"": 0, ""epochs"": 100, ""early_stopping_patience"": 30, ""lr"": 0.001, ""weight_decay"": 0.0001, ""optimizer"": ""adam"", ""grad_clip"": 1.0, ""lr_scheduler"": ""cosine"", ""lr_min"": 1e-05, ""latent_dim"": 64, ""head_hidden"": 32, ""groups"": [{""name"": ""cleveland"", ""encoder"": ""mlp_tabular_ln"", ""input_dim"": 13, ""hidden_dim"": 64, ""dropout"": 0.1}, {""name"": ""hungarian"", ""encoder"": ""mlp_tabular_ln"", ""input_dim"": 13, ""hidden_dim"": 64, ""dropout"": 0.1}, {""name"": ""switzerland"", ""encoder"": ""mlp_tabular_ln"", ""input_dim"": 13, ""hidden_dim"": 64, ""dropout"": 0.1}, {""name"": ""va_long_beach"", ""encoder"": ""mlp_tabular_ln"", ""input_dim"": 13, ""hidden_dim"": 64, ""dropout"": 0.1}], ""anchor_eps"": 0.0001, ""sep_samples_per_class"": 4, ""sep_method"": ""classifier"", ""sep_margin"": 1.0, ""lambda_fit"": 0.1, ""lambda_sep"": 0.1, ""groupdro_enabled"": true, ""groupdro_eta"": 0.02, ""groupdro_gamma"": 0.9, ""groupdro_update_mode"": ""exp"", ""groupdro_objective"": ""weighted"", ""groupdro_kl_lambda"": 0.0, ""groupdro_uniform_init"": false, ""log_interval"": 20, ""save_every"": 10, ""groupdro_ema_decay"": 0.9, ""groupdro_update_every"": 1, ""dro_signal"": ""val"", ""val_frac"": 0.15, ""impute_missing"": true, ""common_encoder"": true, ""use_regret"": false, ""data_split_seed"": 1003}","{""num_groups"": 4, ""num_classes"": 2, ""train_total"": 623, ""test_total"": 185, ""train_group_counts"": [205, 199, 83, 136], ""test_group_counts"": [61, 59, 25, 40], ""train_class_counts"": [278, 345], ""test_class_counts"": [83, 102], ""train_group_class_counts"": [[111, 94], [127, 72], [5, 78], [35, 101]], ""test_group_class_counts"": [[33, 28], [38, 21], [2, 23], [10, 30]], ""group_proportions"": [0.3290529695024077, 0.31942215088282505, 0.1332263242375602, 0.21829855537720708], ""val_group_counts"": [37, 36, 15, 24], ""val_total"": 112}","{""num_groups"": 4, ""eta"": 0.02, ""update_mode"": ""exp"", ""robust_objective"": ""weighted"", ""gamma"": 0.9, ""kl_lambda"": 0.0, ""initial_pi"": [0.32905295491218567, 0.3194221556186676, 0.13322632014751434, 0.2182985544204712]}",2026-09-16T04:09:33.465089,37,0.3886977997091081,0.8211805555555556,0.001,0.7243243243243244,0.7237812586829675,0.72,0.7288135593220338,"[0.7213114754098361, 0.7288135593220338, 0.72, 0.725]","[0.509528990773881, 0.4967204614274077, 0.5899655556678772, 0.5034910125192255]","[0.6987951807228916, 0.7450980392156863]","[[0.7272727272727273, 0.7142857142857143], [0.7368421052631579, 0.7142857142857143], [0.5, 0.7391304347826086], [0.5, 0.8]]","[61, 59, 25, 40]",0.7216896256747589,"[0.7201079622132254, 0.7149758454106281, 0.5257452574525746, 0.6448748991121872]",0.5257452574525746,0.5899655556678772,0.6785714285714286,0.669237987987988,0.6,0.7297297297297297,"[0.7297297297297297, 0.6388888888888888, 0.6, 0.7083333333333334]","[0.5320517038171356, 0.6584841902885172, 0.7957597176233927, 0.7304093207543095]","[0.7, 0.6612903225806451]","[[0.8, 0.6470588235294118], [0.7391304347826086, 0.46153846153846156], [1.0, 0.5714285714285714], [0.16666666666666666, 0.8888888888888888]]","[37, 36, 15, 24]",0.6776463063639271,"[0.7247023809523809, 0.6017021276595745, 0.48863636363636365, 0.5213675213675213]",0.48863636363636365,0.7957597176233927,"[0.3126029372215271, 0.3277857005596161, 0.13735073804855347, 0.22226063907146454]","[0.4358182880613539, 0.3885248667663998, 0.3882466024822659, 0.4810812903775109]","[0.31329336762428284, 0.32756003737449646, 0.1372205913066864, 0.22192594408988953]","[0.32905295491218567, 0.3194221556186676, 0.13322632014751434, 0.2182985544204712]",0.0
"{""run_name"": ""fedheart_exp_paper_hetagg_gdro"", ""seed"": 31337, ""run_dir"": ""runs/fedheart_uncapped/Shared_Anchors_GDRO_s31337_f3"", ""use_fedheart"": true, ""num_classes"": 2, ""stratified_batching"": true, ""train_frac"": 0.8, ""group_max_train_samples"": null, ""true_hetero_input_dim"": true, ""feature_mask"": [[0, 1, 2, 3, 5, 6, 7, 8, 9, 10], [0, 1, 2, 3, 5, 6, 11, 12], [0, 1, 2, 4, 5, 7, 11, 12], [0, 1, 2, 4, 5, 6, 8, 9, 10]], ""batch_size"": 64, ""num_workers"": 0, ""epochs"": 100, ""early_stopping_patience"": 30, ""lr"": 0.001, ""weight_decay"": 0.0001, ""optimizer"": ""adam"", ""grad_clip"": 1.0, ""lr_scheduler"": ""cosine"", ""lr_min"": 1e-05, ""latent_dim"": 64, ""head_hidden"": 32, ""groups"": [{""name"": ""cleveland"", ""encoder"": ""mlp_tabular_ln"", ""input_dim"": 13, ""hidden_dim"": 64, ""dropout"": 0.1}, {""name"": ""hungarian"", ""encoder"": ""mlp_tabular_ln"", ""input_dim"": 13, ""hidden_dim"": 64, ""dropout"": 0.1}, {""name"": ""switzerland"", ""encoder"": ""mlp_tabular_ln"", ""input_dim"": 13, ""hidden_dim"": 64, ""dropout"": 0.1}, {""name"": ""va_long_beach"", ""encoder"": ""mlp_tabular_ln"", ""input_dim"": 13, ""hidden_dim"": 64, ""dropout"": 0.1}], ""anchor_eps"": 0.0001, ""sep_samples_per_class"": 4, ""sep_method"": ""classifier"", ""sep_margin"": 1.0, ""lambda_fit"": 0.1, ""lambda_sep"": 0.1, ""groupdro_enabled"": true, ""groupdro_eta"": 0.02, ""groupdro_gamma"": 0.9, ""groupdro_update_mode"": ""exp"", ""groupdro_objective"": ""weighted"", ""groupdro_kl_lambda"": 0.0, ""groupdro_uniform_init"": false, ""log_interval"": 20, ""save_every"": 10, ""groupdro_ema_decay"": 0.9, ""groupdro_update_every"": 1, ""dro_signal"": ""val"", ""val_frac"": 0.15, ""impute_missing"": true, ""common_encoder"": true, ""use_regret"": false, ""data_split_seed"": 1003}","{""num_groups"": 4, ""num_classes"": 2, ""train_total"": 623, ""test_total"": 185, ""train_group_counts"": [205, 199, 83, 136], ""test_group_counts"": [61, 59, 25, 40], ""train_class_counts"": [278, 345], ""test_class_counts"": [83, 102], ""train_group_class_counts"": [[111, 94], [127, 72], [5, 78], [35, 101]], ""test_group_class_counts"": [[33, 28], [38, 21], [2, 23], [10, 30]], ""group_proportions"": [0.3290529695024077, 0.31942215088282505, 0.1332263242375602, 0.21829855537720708], ""val_group_counts"": [37, 36, 15, 24], ""val_total"": 112}","{""num_groups"": 4, ""eta"": 0.02, ""update_mode"": ""exp"", ""robust_objective"": ""weighted"", ""gamma"": 0.9, ""kl_lambda"": 0.0, ""initial_pi"": [0.32905295491218567, 0.3194221556186676, 0.13322632014751434, 0.2182985544204712]}",2026-09-16T04:09:33.465089,38,0.40505853295326233,0.8072916666666666,0.001,0.7081081081081081,0.7139156710197276,0.6229508196721312,0.7627118644067796,"[0.6229508196721312, 0.7627118644067796, 0.72, 0.75]","[0.5587818760302712, 0.5767488289245609, 0.4954298853129149, 0.49188196887262164]","[0.5662650602409639, 0.8235294117647058]","[[0.48484848484848486, 0.7857142857142857], [0.6842105263157895, 0.9047619047619048], [0.5, 0.7391304347826086], [0.4, 0.8666666666666667]]","[61, 59, 25, 40]",0.6959459459459458,"[0.6192672998643147, 0.7593240093240092, 0.5257452574525746, 0.6415770609318997]",0.5257452574525746,0.5767488289245609,0.7589285714285714,0.7443693693693694,0.6666666666666666,0.8108108108108109,"[0.8108108108108109, 0.75, 0.6666666666666666, 0.75]","[0.5309543576393578, 0.680592815288239, 0.6655093699693679, 0.73070079429696]","[0.68, 0.8225806451612904]","[[0.8, 0.8235294117647058], [0.7391304347826086, 0.7692307692307693], [0.0, 0.7142857142857143], [0.16666666666666666, 0.9444444444444444]]","[37, 36, 15, 24]",0.7532435740514076,"[0.8102564102564103, 0.7401764234161989, 0.4, 0.55]",0.4,0.73070079429696,"[0.31191229820251465, 0.3280129134654999, 0.13747388124465942, 0.22260087728500366]","[0.3825922343466017, 0.4490085509088304, 0.42909201151794857, 0.5157595806651645]","[0.3126029372215271, 0.3277857005596161, 0.13735073804855347, 0.22226063907146454]","[0.32905295491218567, 0.3194221556186676, 0.13322632014751434, 0.2182985544204712]",0.0
"{""run_name"": ""fedheart_exp_paper_hetagg_gdro"", ""seed"": 31337, ""run_dir"": ""runs/fedheart_uncapped/Shared_Anchors_GDRO_s31337_f3"", ""use_fedheart"": true, ""num_classes"": 2, ""stratified_batching"": true, ""train_frac"": 0.8, ""group_max_train_samples"": null, ""true_hetero_input_dim"": true, ""feature_mask"": [[0, 1, 2, 3, 5, 6, 7, 8, 9, 10], [0, 1, 2, 3, 5, 6, 11, 12], [0, 1, 2, 4, 5, 7, 11, 12], [0, 1, 2, 4, 5, 6, 8, 9, 10]], ""batch_size"": 64, ""num_workers"": 0, ""epochs"": 100, ""early_stopping_patience"": 30, ""lr"": 0.001, ""weight_decay"": 0.0001, ""optimizer"": ""adam"", ""grad_clip"": 1.0, ""lr_scheduler"": ""cosine"", ""lr_min"": 1e-05, ""latent_dim"": 64, ""head_hidden"": 32, ""groups"": [{""name"": ""cleveland"", ""encoder"": ""mlp_tabular_ln"", ""input_dim"": 13, ""hidden_dim"": 64, ""dropout"": 0.1}, {""name"": ""hungarian"", ""encoder"": ""mlp_tabular_ln"", ""input_dim"": 13, ""hidden_dim"": 64, ""dropout"": 0.1}, {""name"": ""switzerland"", ""encoder"": ""mlp_tabular_ln"", ""input_dim"": 13, ""hidden_dim"": 64, ""dropout"": 0.1}, {""name"": ""va_long_beach"", ""encoder"": ""mlp_tabular_ln"", ""input_dim"": 13, ""hidden_dim"": 64, ""dropout"": 0.1}], ""anchor_eps"": 0.0001, ""sep_samples_per_class"": 4, ""sep_method"": ""classifier"", ""sep_margin"": 1.0, ""lambda_fit"": 0.1, ""lambda_sep"": 0.1, ""groupdro_enabled"": true, ""groupdro_eta"": 0.02, ""groupdro_gamma"": 0.9, ""groupdro_update_mode"": ""exp"", ""groupdro_objective"": ""weighted"", ""groupdro_kl_lambda"": 0.0, ""groupdro_uniform_init"": false, ""log_interval"": 20, ""save_every"": 10, ""groupdro_ema_decay"": 0.9, ""groupdro_update_every"": 1, ""dro_signal"": ""val"", ""val_frac"": 0.15, ""impute_missing"": true, ""common_encoder"": true, ""use_regret"": false, ""data_split_seed"": 1003}","{""num_groups"": 4, ""num_classes"": 2, ""train_total"": 623, ""test_total"": 185, ""train_group_counts"": [205, 199, 83, 136], ""test_group_counts"": [61, 59, 25, 40], ""train_class_counts"": [278, 345], ""test_class_counts"": [83, 102], ""train_group_class_counts"": [[111, 94], [127, 72], [5, 78], [35, 101]], ""test_group_class_counts"": [[33, 28], [38, 21], [2, 23], [10, 30]], ""group_proportions"": [0.3290529695024077, 0.31942215088282505, 0.1332263242375602, 0.21829855537720708], ""val_group_counts"": [37, 36, 15, 24], ""val_total"": 112}","{""num_groups"": 4, ""eta"": 0.02, ""update_mode"": ""exp"", ""robust_objective"": ""weighted"", ""gamma"": 0.9, ""kl_lambda"": 0.0, ""initial_pi"": [0.32905295491218567, 0.3194221556186676, 0.13322632014751434, 0.2182985544204712]}",2026-09-16T04:09:33.465089,39,0.3722986645168728,0.828125,0.001,0.7405405405405405,0.7360763406501806,0.72,0.7704918032786885,"[0.7704918032786885, 0.7288135593220338, 0.72, 0.725]","[0.49621101761939096, 0.5103706517335722, 0.6149915384501219, 0.5081802781671285]","[0.7349397590361446, 0.7450980392156863]","[[0.8181818181818182, 0.7142857142857143], [0.7368421052631579, 0.7142857142857143], [0.5, 0.7391304347826086], [0.5, 0.8]]","[61, 59, 25, 40]",0.7388235294117648,"[0.7674291938997821, 0.7149758454106281, 0.5257452574525746, 0.6448748991121872]",0.5257452574525746,0.6149915384501219,0.6785714285714286,0.6595157657657658,0.5333333333333333,0.7297297297297297,"[0.7297297297297297, 0.6666666666666666, 0.5333333333333333, 0.7083333333333334]","[0.5184643109505241, 0.6556340319414934, 0.8579954400658607, 0.7269175733284404]","[0.72, 0.6451612903225806]","[[0.8, 0.6470588235294118], [0.782608695652174, 0.46153846153846156], [1.0, 0.5], [0.16666666666666666, 0.8888888888888888]]","[37, 36, 15, 24]",0.6781609195402298,"[0.7247023809523809, 0.6249999999999999, 0.4444444444444444, 0.5213675213675213]",0.4444444444444444,0.8579954400658607,"[0.3112053871154785, 0.32821622490882874, 0.13763993978500366, 0.2229384034872055]","[0.41797125670644975, 0.40629735754595864, 0.37655385666423374, 0.423971285422643]","[0.31191229820251465, 0.3280129134654999, 0.13747388124465942, 0.22260087728500366]","[0.32905295491218567, 0.3194221556186676, 0.13322632014751434, 0.2182985544204712]",0.0
"{""run_name"": ""fedheart_exp_paper_hetagg_gdro"", ""seed"": 31337, ""run_dir"": ""runs/fedheart_uncapped/Shared_Anchors_GDRO_s31337_f3"", ""use_fedheart"": true, ""num_classes"": 2, ""stratified_batching"": true, ""train_frac"": 0.8, ""group_max_train_samples"": null, ""true_hetero_input_dim"": true, ""feature_mask"": [[0, 1, 2, 3, 5, 6, 7, 8, 9, 10], [0, 1, 2, 3, 5, 6, 11, 12], [0, 1, 2, 4, 5, 7, 11, 12], [0, 1, 2, 4, 5, 6, 8, 9, 10]], ""batch_size"": 64, ""num_workers"": 0, ""epochs"": 100, ""early_stopping_patience"": 30, ""lr"": 0.001, ""weight_decay"": 0.0001, ""optimizer"": ""adam"", ""grad_clip"": 1.0, ""lr_scheduler"": ""cosine"", ""lr_min"": 1e-05, ""latent_dim"": 64, ""head_hidden"": 32, ""groups"": [{""name"": ""cleveland"", ""encoder"": ""mlp_tabular_ln"", ""input_dim"": 13, ""hidden_dim"": 64, ""dropout"": 0.1}, {""name"": ""hungarian"", ""encoder"": ""mlp_tabular_ln"", ""input_dim"": 13, ""hidden_dim"": 64, ""dropout"": 0.1}, {""name"": ""switzerland"", ""encoder"": ""mlp_tabular_ln"", ""input_dim"": 13, ""hidden_dim"": 64, ""dropout"": 0.1}, {""name"": ""va_long_beach"", ""encoder"": ""mlp_tabular_ln"", ""input_dim"": 13, ""hidden_dim"": 64, ""dropout"": 0.1}], ""anchor_eps"": 0.0001, ""sep_samples_per_class"": 4, ""sep_method"": ""classifier"", ""sep_margin"": 1.0, ""lambda_fit"": 0.1, ""lambda_sep"": 0.1, ""groupdro_enabled"": true, ""groupdro_eta"": 0.02, ""groupdro_gamma"": 0.9, ""groupdro_update_mode"": ""exp"", ""groupdro_objective"": ""weighted"", ""groupdro_kl_lambda"": 0.0, ""groupdro_uniform_init"": false, ""log_interval"": 20, ""save_every"": 10, ""groupdro_ema_decay"": 0.9, ""groupdro_update_every"": 1, ""dro_signal"": ""val"", ""val_frac"": 0.15, ""impute_missing"": true, ""common_encoder"": true, ""use_regret"": false, ""data_split_seed"": 1003}","{""num_groups"": 4, ""num_classes"": 2, ""train_total"": 623, ""test_total"": 185, ""train_group_counts"": [205, 199, 83, 136], ""test_group_counts"": [61, 59, 25, 40], ""train_class_counts"": [278, 345], ""test_class_counts"": [83, 102], ""train_group_class_counts"": [[111, 94], [127, 72], [5, 78], [35, 101]], ""test_group_class_counts"": [[33, 28], [38, 21], [2, 23], [10, 30]], ""group_proportions"": [0.3290529695024077, 0.31942215088282505, 0.1332263242375602, 0.21829855537720708], ""val_group_counts"": [37, 36, 15, 24], ""val_total"": 112}","{""num_groups"": 4, ""eta"": 0.02, ""update_mode"": ""exp"", ""robust_objective"": ""weighted"", ""gamma"": 0.9, ""kl_lambda"": 0.0, ""initial_pi"": [0.32905295491218567, 0.3194221556186676, 0.13322632014751434, 0.2182985544204712]}",2026-09-16T04:09:33.465089,40,0.38503427969084847,0.8177083333333334,0.001,0.7135135135135136,0.725789455404279,0.639344262295082,0.775,"[0.639344262295082, 0.7288135593220338, 0.76, 0.775]","[0.6284548109549968, 0.6491771911476123, 0.40381909646093844, 0.478729855408892]","[0.5060240963855421, 0.8823529411764706]","[[0.3939393939393939, 0.9285714285714286], [0.631578947368421, 0.9047619047619048], [0.5, 0.782608695652174], [0.4, 0.9]]","[61, 59, 25, 40]",0.6928354374862943,"[0.6221846846846846, 0.7268518518518519, 0.5535714285714286, 0.6638655462184875]",0.5535714285714286,0.6491771911476123,0.75,0.7568693693693693,0.6666666666666666,0.8108108108108109,"[0.8108108108108109, 0.6666666666666666, 0.8, 0.75]","[0.52214187076567, 0.7207691480095187, 0.6030683130025863, 0.7641549704906841]","[0.62, 0.8548387096774194]","[[0.75, 0.8823529411764706], [0.6086956521739131, 0.7692307692307693], [1.0, 0.7857142857142857], [0.16666666666666666, 0.9444444444444444]]","[37, 36, 15, 24]",0.739966832504146,"[0.8108108108108107, 0.6625, 0.64, 0.55]",0.55,0.7641549704906841,"[0.31048887968063354, 0.3284434676170349, 0.13777564465999603, 0.22329197824001312]","[0.4249262246820662, 0.35970160365104675, 0.49236737026108635, 0.4808269523912006]","[0.3112053871154785, 0.32821622490882874, 0.13763993978500366, 0.2229384034872055]","[0.32905295491218567, 0.3194221556186676, 0.13322632014751434, 0.2182985544204712]",0.0
"{""run_name"": ""fedheart_exp_paper_hetagg_gdro"", ""seed"": 31337, ""run_dir"": ""runs/fedheart_uncapped/Shared_Anchors_GDRO_s31337_f3"", ""use_fedheart"": true, ""num_classes"": 2, ""stratified_batching"": true, ""train_frac"": 0.8, ""group_max_train_samples"": null, ""true_hetero_input_dim"": true, ""feature_mask"": [[0, 1, 2, 3, 5, 6, 7, 8, 9, 10], [0, 1, 2, 3, 5, 6, 11, 12], [0, 1, 2, 4, 5, 7, 11, 12], [0, 1, 2, 4, 5, 6, 8, 9, 10]], ""batch_size"": 64, ""num_workers"": 0, ""epochs"": 100, ""early_stopping_patience"": 30, ""lr"": 0.001, ""weight_decay"": 0.0001, ""optimizer"": ""adam"", ""grad_clip"": 1.0, ""lr_scheduler"": ""cosine"", ""lr_min"": 1e-05, ""latent_dim"": 64, ""head_hidden"": 32, ""groups"": [{""name"": ""cleveland"", ""encoder"": ""mlp_tabular_ln"", ""input_dim"": 13, ""hidden_dim"": 64, ""dropout"": 0.1}, {""name"": ""hungarian"", ""encoder"": ""mlp_tabular_ln"", ""input_dim"": 13, ""hidden_dim"": 64, ""dropout"": 0.1}, {""name"": ""switzerland"", ""encoder"": ""mlp_tabular_ln"", ""input_dim"": 13, ""hidden_dim"": 64, ""dropout"": 0.1}, {""name"": ""va_long_beach"", ""encoder"": ""mlp_tabular_ln"", ""input_dim"": 13, ""hidden_dim"": 64, ""dropout"": 0.1}], ""anchor_eps"": 0.0001, ""sep_samples_per_class"": 4, ""sep_method"": ""classifier"", ""sep_margin"": 1.0, ""lambda_fit"": 0.1, ""lambda_sep"": 0.1, ""groupdro_enabled"": true, ""groupdro_eta"": 0.02, ""groupdro_gamma"": 0.9, ""groupdro_update_mode"": ""exp"", ""groupdro_objective"": ""weighted"", ""groupdro_kl_lambda"": 0.0, ""groupdro_uniform_init"": false, ""log_interval"": 20, ""save_every"": 10, ""groupdro_ema_decay"": 0.9, ""groupdro_update_every"": 1, ""dro_signal"": ""val"", ""val_frac"": 0.15, ""impute_missing"": true, ""common_encoder"": true, ""use_regret"": false, ""data_split_seed"": 1003}","{""num_groups"": 4, ""num_classes"": 2, ""train_total"": 623, ""test_total"": 185, ""train_group_counts"": [205, 199, 83, 136], ""test_group_counts"": [61, 59, 25, 40], ""train_class_counts"": [278, 345], ""test_class_counts"": [83, 102], ""train_group_class_counts"": [[111, 94], [127, 72], [5, 78], [35, 101]], ""test_group_class_counts"": [[33, 28], [38, 21], [2, 23], [10, 30]], ""group_proportions"": [0.3290529695024077, 0.31942215088282505, 0.1332263242375602, 0.21829855537720708], ""val_group_counts"": [37, 36, 15, 24], ""val_total"": 112}","{""num_groups"": 4, ""eta"": 0.02, ""update_mode"": ""exp"", ""robust_objective"": ""weighted"", ""gamma"": 0.9, ""kl_lambda"": 0.0, ""initial_pi"": [0.32905295491218567, 0.3194221556186676, 0.13322632014751434, 0.2182985544204712]}",2026-09-16T04:09:33.465089,41,0.4142071273591783,0.8072916666666666,0.001,0.7135135135135136,0.7178751041956098,0.6557377049180327,0.75,"[0.6557377049180327, 0.7457627118644068, 0.72, 0.75]","[0.5440492753672307, 0.5420978974740384, 0.4803238283842802, 0.46498904151376336]","[0.6024096385542169, 0.803921568627451]","[[0.5454545454545454, 0.7857142857142857], [0.7105263157894737, 0.8095238095238095], [0.5, 0.7391304347826086], [0.4, 0.8666666666666667]]","[61, 59, 25, 40]",0.7046775699527122,"[0.654251012145749, 0.7382431233362912, 0.5257452574525746, 0.6415770609318997]",0.5257452574525746,0.5440492753672307,0.7321428571428571,0.723536036036036,0.6666666666666666,0.8108108108108109,"[0.8108108108108109, 0.6666666666666666, 0.6666666666666666, 0.75]","[0.4993289179495863, 0.6672394362588724, 0.7031867263217767, 0.7396334842778742]","[0.7, 0.7580645161290323]","[[0.8, 0.8235294117647058], [0.7391304347826086, 0.5384615384615384], [1.0, 0.6428571428571429], [0.16666666666666666, 0.9444444444444444]]","[37, 36, 15, 24]",0.7290322580645161,"[0.8102564102564103, 0.6387959866220735, 0.5341614906832298, 0.55]",0.5341614906832298,0.7396334842778742,"[0.30975985527038574, 0.32866767048835754, 0.13791602849960327, 0.22365635633468628]","[0.4357619616720412, 0.5011525717046525, 0.29633506304687923, 0.5079686476124657]","[0.31048887968063354, 0.3284434676170349, 0.13777564465999603, 0.22329197824001312]","[0.32905295491218567, 0.3194221556186676, 0.13322632014751434, 0.2182985544204712]",0.0
"{""run_name"": ""fedheart_exp_paper_hetagg_gdro"", ""seed"": 31337, ""run_dir"": ""runs/fedheart_uncapped/Shared_Anchors_GDRO_s31337_f3"", ""use_fedheart"": true, ""num_classes"": 2, ""stratified_batching"": true, ""train_frac"": 0.8, ""group_max_train_samples"": null, ""true_hetero_input_dim"": true, ""feature_mask"": [[0, 1, 2, 3, 5, 6, 7, 8, 9, 10], [0, 1, 2, 3, 5, 6, 11, 12], [0, 1, 2, 4, 5, 7, 11, 12], [0, 1, 2, 4, 5, 6, 8, 9, 10]], ""batch_size"": 64, ""num_workers"": 0, ""epochs"": 100, ""early_stopping_patience"": 30, ""lr"": 0.001, ""weight_decay"": 0.0001, ""optimizer"": ""adam"", ""grad_clip"": 1.0, ""lr_scheduler"": ""cosine"", ""lr_min"": 1e-05, ""latent_dim"": 64, ""head_hidden"": 32, ""groups"": [{""name"": ""cleveland"", ""encoder"": ""mlp_tabular_ln"", ""input_dim"": 13, ""hidden_dim"": 64, ""dropout"": 0.1}, {""name"": ""hungarian"", ""encoder"": ""mlp_tabular_ln"", ""input_dim"": 13, ""hidden_dim"": 64, ""dropout"": 0.1}, {""name"": ""switzerland"", ""encoder"": ""mlp_tabular_ln"", ""input_dim"": 13, ""hidden_dim"": 64, ""dropout"": 0.1}, {""name"": ""va_long_beach"", ""encoder"": ""mlp_tabular_ln"", ""input_dim"": 13, ""hidden_dim"": 64, ""dropout"": 0.1}], ""anchor_eps"": 0.0001, ""sep_samples_per_class"": 4, ""sep_method"": ""classifier"", ""sep_margin"": 1.0, ""lambda_fit"": 0.1, ""lambda_sep"": 0.1, ""groupdro_enabled"": true, ""groupdro_eta"": 0.02, ""groupdro_gamma"": 0.9, ""groupdro_update_mode"": ""exp"", ""groupdro_objective"": ""weighted"", ""groupdro_kl_lambda"": 0.0, ""groupdro_uniform_init"": false, ""log_interval"": 20, ""save_every"": 10, ""groupdro_ema_decay"": 0.9, ""groupdro_update_every"": 1, ""dro_signal"": ""val"", ""val_frac"": 0.15, ""impute_missing"": true, ""common_encoder"": true, ""use_regret"": false, ""data_split_seed"": 1003}","{""num_groups"": 4, ""num_classes"": 2, ""train_total"": 623, ""test_total"": 185, ""train_group_counts"": [205, 199, 83, 136], ""test_group_counts"": [61, 59, 25, 40], ""train_class_counts"": [278, 345], ""test_class_counts"": [83, 102], ""train_group_class_counts"": [[111, 94], [127, 72], [5, 78], [35, 101]], ""test_group_class_counts"": [[33, 28], [38, 21], [2, 23], [10, 30]], ""group_proportions"": [0.3290529695024077, 0.31942215088282505, 0.1332263242375602, 0.21829855537720708], ""val_group_counts"": [37, 36, 15, 24], ""val_total"": 112}","{""num_groups"": 4, ""eta"": 0.02, ""update_mode"": ""exp"", ""robust_objective"": ""weighted"", ""gamma"": 0.9, ""kl_lambda"": 0.0, ""initial_pi"": [0.32905295491218567, 0.3194221556186676, 0.13322632014751434, 0.2182985544204712]}",2026-09-16T04:09:33.465089,42,0.39929166105058456,0.8020833333333334,0.001,0.7351351351351352,0.7365591136426786,0.6885245901639344,0.775,"[0.6885245901639344, 0.7627118644067796, 0.72, 0.775]","[0.5554276025686108, 0.5597699333171723, 0.46201194263994694, 0.4667967858258635]","[0.6265060240963856, 0.8235294117647058]","[[0.6060606060606061, 0.7857142857142857], [0.7105263157894737, 0.8571428571428571], [0.5, 0.7391304347826086], [0.4, 0.9]]","[61, 59, 25, 40]",0.7269660552393,"[0.6881894000538069, 0.7570588235294118, 0.5257452574525746, 0.6638655462184875]",0.5257452574525746,0.5597699333171723,0.7321428571428571,0.723536036036036,0.6666666666666666,0.8108108108108109,"[0.8108108108108109, 0.6666666666666666, 0.6666666666666666, 0.75]","[0.5100309277909834, 0.6714472257428699, 0.6834075912833214, 0.7227976376501223]","[0.7, 0.7580645161290323]","[[0.8, 0.8235294117647058], [0.7391304347826086, 0.5384615384615384], [1.0, 0.6428571428571429], [0.16666666666666666, 0.9444444444444444]]","[37, 36, 15, 24]",0.7290322580645161,"[0.8102564102564103, 0.6387959866220735, 0.5341614906832298, 0.55]",0.5341614906832298,0.7227976376501223,"[0.3090274930000305, 0.3288930356502533, 0.13805565237998962, 0.22402380406856537]","[0.41781191693411934, 0.4304101798269484, 0.41720881561438244, 0.504635128710005]","[0.30975985527038574, 0.32866767048835754, 0.13791602849960327, 0.22365635633468628]","[0.32905295491218567, 0.3194221556186676, 0.13322632014751434, 0.2182985544204712]",0.0
"{""run_name"": ""fedheart_exp_paper_hetagg_gdro"", ""seed"": 31337, ""run_dir"": ""runs/fedheart_uncapped/Shared_Anchors_GDRO_s31337_f3"", ""use_fedheart"": true, ""num_classes"": 2, ""stratified_batching"": true, ""train_frac"": 0.8, ""group_max_train_samples"": null, ""true_hetero_input_dim"": true, ""feature_mask"": [[0, 1, 2, 3, 5, 6, 7, 8, 9, 10], [0, 1, 2, 3, 5, 6, 11, 12], [0, 1, 2, 4, 5, 7, 11, 12], [0, 1, 2, 4, 5, 6, 8, 9, 10]], ""batch_size"": 64, ""num_workers"": 0, ""epochs"": 100, ""early_stopping_patience"": 30, ""lr"": 0.001, ""weight_decay"": 0.0001, ""optimizer"": ""adam"", ""grad_clip"": 1.0, ""lr_scheduler"": ""cosine"", ""lr_min"": 1e-05, ""latent_dim"": 64, ""head_hidden"": 32, ""groups"": [{""name"": ""cleveland"", ""encoder"": ""mlp_tabular_ln"", ""input_dim"": 13, ""hidden_dim"": 64, ""dropout"": 0.1}, {""name"": ""hungarian"", ""encoder"": ""mlp_tabular_ln"", ""input_dim"": 13, ""hidden_dim"": 64, ""dropout"": 0.1}, {""name"": ""switzerland"", ""encoder"": ""mlp_tabular_ln"", ""input_dim"": 13, ""hidden_dim"": 64, ""dropout"": 0.1}, {""name"": ""va_long_beach"", ""encoder"": ""mlp_tabular_ln"", ""input_dim"": 13, ""hidden_dim"": 64, ""dropout"": 0.1}], ""anchor_eps"": 0.0001, ""sep_samples_per_class"": 4, ""sep_method"": ""classifier"", ""sep_margin"": 1.0, ""lambda_fit"": 0.1, ""lambda_sep"": 0.1, ""groupdro_enabled"": true, ""groupdro_eta"": 0.02, ""groupdro_gamma"": 0.9, ""groupdro_update_mode"": ""exp"", ""groupdro_objective"": ""weighted"", ""groupdro_kl_lambda"": 0.0, ""groupdro_uniform_init"": false, ""log_interval"": 20, ""save_every"": 10, ""groupdro_ema_decay"": 0.9, ""groupdro_update_every"": 1, ""dro_signal"": ""val"", ""val_frac"": 0.15, ""impute_missing"": true, ""common_encoder"": true, ""use_regret"": false, ""data_split_seed"": 1003}","{""num_groups"": 4, ""num_classes"": 2, ""train_total"": 623, ""test_total"": 185, ""train_group_counts"": [205, 199, 83, 136], ""test_group_counts"": [61, 59, 25, 40], ""train_class_counts"": [278, 345], ""test_class_counts"": [83, 102], ""train_group_class_counts"": [[111, 94], [127, 72], [5, 78], [35, 101]], ""test_group_class_counts"": [[33, 28], [38, 21], [2, 23], [10, 30]], ""group_proportions"": [0.3290529695024077, 0.31942215088282505, 0.1332263242375602, 0.21829855537720708], ""val_group_counts"": [37, 36, 15, 24], ""val_total"": 112}","{""num_groups"": 4, ""eta"": 0.02, ""update_mode"": ""exp"", ""robust_objective"": ""weighted"", ""gamma"": 0.9, ""kl_lambda"": 0.0, ""initial_pi"": [0.32905295491218567, 0.3194221556186676, 0.13322632014751434, 0.2182985544204712]}",2026-09-16T04:09:33.465089,43,0.36466195517116123,0.8107638888888888,0.001,0.7297297297297297,0.7321828980272298,0.7049180327868853,0.775,"[0.7049180327868853, 0.7288135593220338, 0.72, 0.775]","[0.5640093602667577, 0.5586568237108699, 0.4815888065099716, 0.4696233210153878]","[0.6265060240963856, 0.8137254901960784]","[[0.6363636363636364, 0.7857142857142857], [0.6842105263157895, 0.8095238095238095], [0.5, 0.7391304347826086], [0.4, 0.9]]","[61, 59, 25, 40]",0.7219215969215969,"[0.7048387096774194, 0.7223529411764706, 0.5257452574525746, 0.6638655462184875]",0.5257452574525746,0.5640093602667577,0.7142857142857143,0.6999249249249249,0.6,0.8108108108108109,"[0.8108108108108109, 0.6388888888888888, 0.6, 0.75]","[0.5238558175797398, 0.6696381794495715, 0.6895925382773082, 0.7185265718338391]","[0.66, 0.7580645161290323]","[[0.8, 0.8235294117647058], [0.6956521739130435, 0.5384615384615384], [0.0, 0.6428571428571429], [0.16666666666666666, 0.9444444444444444]]","[37, 36, 15, 24]",0.709750566893424,"[0.8102564102564103, 0.6148148148148148, 0.375, 0.55]",0.375,0.7185265718338391,"[0.3082984983921051, 0.32911577820777893, 0.13819526135921478, 0.22439044713974]","[0.4119775940974553, 0.41915373173024917, 0.34487948649459416, 0.4271586504247453]","[0.3090274930000305, 0.3288930356502533, 0.13805565237998962, 0.22402380406856537]","[0.32905295491218567, 0.3194221556186676, 0.13322632014751434, 0.2182985544204712]",0.0
"{""run_name"": ""fedheart_exp_paper_hetagg_gdro"", ""seed"": 31337, ""run_dir"": ""runs/fedheart_uncapped/Shared_Anchors_GDRO_s31337_f3"", ""use_fedheart"": true, ""num_classes"": 2, ""stratified_batching"": true, ""train_frac"": 0.8, ""group_max_train_samples"": null, ""true_hetero_input_dim"": true, ""feature_mask"": [[0, 1, 2, 3, 5, 6, 7, 8, 9, 10], [0, 1, 2, 3, 5, 6, 11, 12], [0, 1, 2, 4, 5, 7, 11, 12], [0, 1, 2, 4, 5, 6, 8, 9, 10]], ""batch_size"": 64, ""num_workers"": 0, ""epochs"": 100, ""early_stopping_patience"": 30, ""lr"": 0.001, ""weight_decay"": 0.0001, ""optimizer"": ""adam"", ""grad_clip"": 1.0, ""lr_scheduler"": ""cosine"", ""lr_min"": 1e-05, ""latent_dim"": 64, ""head_hidden"": 32, ""groups"": [{""name"": ""cleveland"", ""encoder"": ""mlp_tabular_ln"", ""input_dim"": 13, ""hidden_dim"": 64, ""dropout"": 0.1}, {""name"": ""hungarian"", ""encoder"": ""mlp_tabular_ln"", ""input_dim"": 13, ""hidden_dim"": 64, ""dropout"": 0.1}, {""name"": ""switzerland"", ""encoder"": ""mlp_tabular_ln"", ""input_dim"": 13, ""hidden_dim"": 64, ""dropout"": 0.1}, {""name"": ""va_long_beach"", ""encoder"": ""mlp_tabular_ln"", ""input_dim"": 13, ""hidden_dim"": 64, ""dropout"": 0.1}], ""anchor_eps"": 0.0001, ""sep_samples_per_class"": 4, ""sep_method"": ""classifier"", ""sep_margin"": 1.0, ""lambda_fit"": 0.1, ""lambda_sep"": 0.1, ""groupdro_enabled"": true, ""groupdro_eta"": 0.02, ""groupdro_gamma"": 0.9, ""groupdro_update_mode"": ""exp"", ""groupdro_objective"": ""weighted"", ""groupdro_kl_lambda"": 0.0, ""groupdro_uniform_init"": false, ""log_interval"": 20, ""save_every"": 10, ""groupdro_ema_decay"": 0.9, ""groupdro_update_every"": 1, ""dro_signal"": ""val"", ""val_frac"": 0.15, ""impute_missing"": true, ""common_encoder"": true, ""use_regret"": false, ""data_split_seed"": 1003}","{""num_groups"": 4, ""num_classes"": 2, ""train_total"": 623, ""test_total"": 185, ""train_group_counts"": [205, 199, 83, 136], ""test_group_counts"": [61, 59, 25, 40], ""train_class_counts"": [278, 345], ""test_class_counts"": [83, 102], ""train_group_class_counts"": [[111, 94], [127, 72], [5, 78], [35, 101]], ""test_group_class_counts"": [[33, 28], [38, 21], [2, 23], [10, 30]], ""group_proportions"": [0.3290529695024077, 0.31942215088282505, 0.1332263242375602, 0.21829855537720708], ""val_group_counts"": [37, 36, 15, 24], ""val_total"": 112}","{""num_groups"": 4, ""eta"": 0.02, ""update_mode"": ""exp"", ""robust_objective"": ""weighted"", ""gamma"": 0.9, ""kl_lambda"": 0.0, ""initial_pi"": [0.32905295491218567, 0.3194221556186676, 0.13322632014751434, 0.2182985544204712]}",2026-09-16T04:09:33.465089,44,0.3637734121746487,0.8055555555555556,0.001,0.7081081081081081,0.715789455404279,0.639344262295082,0.775,"[0.639344262295082, 0.7288135593220338, 0.72, 0.775]","[0.5990157919157235, 0.594396932934553, 0.4498657052963972, 0.47202647996600716]","[0.5662650602409639, 0.8235294117647058]","[[0.5151515151515151, 0.7857142857142857], [0.6578947368421053, 0.8571428571428571], [0.5, 0.7391304347826086], [0.4, 0.9]]","[61, 59, 25, 40]",0.6959459459459458,"[0.6369047619047619, 0.7249417249417249, 0.5257452574525746, 0.6638655462184875]",0.5257452574525746,0.5990157919157235,0.75,0.7471471471471471,0.6944444444444444,0.8108108108108109,"[0.8108108108108109, 0.6944444444444444, 0.7333333333333333, 0.75]","[0.52832379967377, 0.6984263063511915, 0.6324706067641576, 0.7374910510455569]","[0.66, 0.8225806451612904]","[[0.8, 0.8235294117647058], [0.6956521739130435, 0.6923076923076923], [0.0, 0.7857142857142857], [0.16666666666666666, 0.9444444444444444]]","[37, 36, 15, 24]",0.7433715220949262,"[0.8102564102564103, 0.6824378508420208, 0.4230769230769231, 0.55]",0.4230769230769231,0.7374910510455569,"[0.3075709342956543, 0.32935038208961487, 0.1383170634508133, 0.2247617095708847]","[0.39274847010771435, 0.4002753297487895, 0.3379698395729065, 0.4858339743481742]","[0.3082984983921051, 0.32911577820777893, 0.13819526135921478, 0.22439044713974]","[0.32905295491218567, 0.3194221556186676, 0.13322632014751434, 0.2182985544204712]",0.0
"{""run_name"": ""fedheart_exp_paper_hetagg_gdro"", ""seed"": 31337, ""run_dir"": ""runs/fedheart_uncapped/Shared_Anchors_GDRO_s31337_f3"", ""use_fedheart"": true, ""num_classes"": 2, ""stratified_batching"": true, ""train_frac"": 0.8, ""group_max_train_samples"": null, ""true_hetero_input_dim"": true, ""feature_mask"": [[0, 1, 2, 3, 5, 6, 7, 8, 9, 10], [0, 1, 2, 3, 5, 6, 11, 12], [0, 1, 2, 4, 5, 7, 11, 12], [0, 1, 2, 4, 5, 6, 8, 9, 10]], ""batch_size"": 64, ""num_workers"": 0, ""epochs"": 100, ""early_stopping_patience"": 30, ""lr"": 0.001, ""weight_decay"": 0.0001, ""optimizer"": ""adam"", ""grad_clip"": 1.0, ""lr_scheduler"": ""cosine"", ""lr_min"": 1e-05, ""latent_dim"": 64, ""head_hidden"": 32, ""groups"": [{""name"": ""cleveland"", ""encoder"": ""mlp_tabular_ln"", ""input_dim"": 13, ""hidden_dim"": 64, ""dropout"": 0.1}, {""name"": ""hungarian"", ""encoder"": ""mlp_tabular_ln"", ""input_dim"": 13, ""hidden_dim"": 64, ""dropout"": 0.1}, {""name"": ""switzerland"", ""encoder"": ""mlp_tabular_ln"", ""input_dim"": 13, ""hidden_dim"": 64, ""dropout"": 0.1}, {""name"": ""va_long_beach"", ""encoder"": ""mlp_tabular_ln"", ""input_dim"": 13, ""hidden_dim"": 64, ""dropout"": 0.1}], ""anchor_eps"": 0.0001, ""sep_samples_per_class"": 4, ""sep_method"": ""classifier"", ""sep_margin"": 1.0, ""lambda_fit"": 0.1, ""lambda_sep"": 0.1, ""groupdro_enabled"": true, ""groupdro_eta"": 0.02, ""groupdro_gamma"": 0.9, ""groupdro_update_mode"": ""exp"", ""groupdro_objective"": ""weighted"", ""groupdro_kl_lambda"": 0.0, ""groupdro_uniform_init"": false, ""log_interval"": 20, ""save_every"": 10, ""groupdro_ema_decay"": 0.9, ""groupdro_update_every"": 1, ""dro_signal"": ""val"", ""val_frac"": 0.15, ""impute_missing"": true, ""common_encoder"": true, ""use_regret"": false, ""data_split_seed"": 1003}","{""num_groups"": 4, ""num_classes"": 2, ""train_total"": 623, ""test_total"": 185, ""train_group_counts"": [205, 199, 83, 136], ""test_group_counts"": [61, 59, 25, 40], ""train_class_counts"": [278, 345], ""test_class_counts"": [83, 102], ""train_group_class_counts"": [[111, 94], [127, 72], [5, 78], [35, 101]], ""test_group_class_counts"": [[33, 28], [38, 21], [2, 23], [10, 30]], ""group_proportions"": [0.3290529695024077, 0.31942215088282505, 0.1332263242375602, 0.21829855537720708], ""val_group_counts"": [37, 36, 15, 24], ""val_total"": 112}","{""num_groups"": 4, ""eta"": 0.02, ""update_mode"": ""exp"", ""robust_objective"": ""weighted"", ""gamma"": 0.9, ""kl_lambda"": 0.0, ""initial_pi"": [0.32905295491218567, 0.3194221556186676, 0.13322632014751434, 0.2182985544204712]}",2026-09-16T04:09:33.465089,45,0.34968594047758317,0.8229166666666666,0.001,0.7243243243243244,0.7260718255070853,0.6885245901639344,0.75,"[0.6885245901639344, 0.7457627118644068, 0.72, 0.75]","[0.5570633016587769, 0.5687970864760169, 0.5015737480670214, 0.47178629955742507]","[0.6385542168674698, 0.7941176470588235]","[[0.6363636363636364, 0.75], [0.7105263157894737, 0.8095238095238095], [0.5, 0.7391304347826086], [0.4, 0.8666666666666667]]","[61, 59, 25, 40]",0.71786130797524,"[0.6885245901639345, 0.7382431233362912, 0.5257452574525746, 0.6415770609318997]",0.5257452574525746,0.5687970864760169,0.7321428571428571,0.7334459459459459,0.6666666666666666,0.7837837837837838,"[0.7837837837837838, 0.6666666666666666, 0.7333333333333333, 0.75]","[0.512290535947761, 0.6755388153509961, 0.709422850360473, 0.7527692297007889]","[0.68, 0.7741935483870968]","[[0.8, 0.7647058823529411], [0.6956521739130435, 0.6153846153846154], [1.0, 0.7142857142857143], [0.16666666666666666, 0.9444444444444444]]","[37, 36, 15, 24]",0.7278911564625851,"[0.7823529411764707, 0.6493506493506493, 0.5833333333333333, 0.55]",0.55,0.7527692297007889,"[0.3068338930606842, 0.32957935333251953, 0.13844357430934906, 0.2251432240009308]","[0.38291168875164455, 0.4060452878475189, 0.317076434691747, 0.4616265892982483]","[0.3075709342956543, 0.32935038208961487, 0.1383170634508133, 0.2247617095708847]","[0.32905295491218567, 0.3194221556186676, 0.13322632014751434, 0.2182985544204712]",0.0
"{""run_name"": ""fedheart_exp_paper_hetagg_gdro"", ""seed"": 31337, ""run_dir"": ""runs/fedheart_uncapped/Shared_Anchors_GDRO_s31337_f3"", ""use_fedheart"": true, ""num_classes"": 2, ""stratified_batching"": true, ""train_frac"": 0.8, ""group_max_train_samples"": null, ""true_hetero_input_dim"": true, ""feature_mask"": [[0, 1, 2, 3, 5, 6, 7, 8, 9, 10], [0, 1, 2, 3, 5, 6, 11, 12], [0, 1, 2, 4, 5, 7, 11, 12], [0, 1, 2, 4, 5, 6, 8, 9, 10]], ""batch_size"": 64, ""num_workers"": 0, ""epochs"": 100, ""early_stopping_patience"": 30, ""lr"": 0.001, ""weight_decay"": 0.0001, ""optimizer"": ""adam"", ""grad_clip"": 1.0, ""lr_scheduler"": ""cosine"", ""lr_min"": 1e-05, ""latent_dim"": 64, ""head_hidden"": 32, ""groups"": [{""name"": ""cleveland"", ""encoder"": ""mlp_tabular_ln"", ""input_dim"": 13, ""hidden_dim"": 64, ""dropout"": 0.1}, {""name"": ""hungarian"", ""encoder"": ""mlp_tabular_ln"", ""input_dim"": 13, ""hidden_dim"": 64, ""dropout"": 0.1}, {""name"": ""switzerland"", ""encoder"": ""mlp_tabular_ln"", ""input_dim"": 13, ""hidden_dim"": 64, ""dropout"": 0.1}, {""name"": ""va_long_beach"", ""encoder"": ""mlp_tabular_ln"", ""input_dim"": 13, ""hidden_dim"": 64, ""dropout"": 0.1}], ""anchor_eps"": 0.0001, ""sep_samples_per_class"": 4, ""sep_method"": ""classifier"", ""sep_margin"": 1.0, ""lambda_fit"": 0.1, ""lambda_sep"": 0.1, ""groupdro_enabled"": true, ""groupdro_eta"": 0.02, ""groupdro_gamma"": 0.9, ""groupdro_update_mode"": ""exp"", ""groupdro_objective"": ""weighted"", ""groupdro_kl_lambda"": 0.0, ""groupdro_uniform_init"": false, ""log_interval"": 20, ""save_every"": 10, ""groupdro_ema_decay"": 0.9, ""groupdro_update_every"": 1, ""dro_signal"": ""val"", ""val_frac"": 0.15, ""impute_missing"": true, ""common_encoder"": true, ""use_regret"": false, ""data_split_seed"": 1003}","{""num_groups"": 4, ""num_classes"": 2, ""train_total"": 623, ""test_total"": 185, ""train_group_counts"": [205, 199, 83, 136], ""test_group_counts"": [61, 59, 25, 40], ""train_class_counts"": [278, 345], ""test_class_counts"": [83, 102], ""train_group_class_counts"": [[111, 94], [127, 72], [5, 78], [35, 101]], ""test_group_class_counts"": [[33, 28], [38, 21], [2, 23], [10, 30]], ""group_proportions"": [0.3290529695024077, 0.31942215088282505, 0.1332263242375602, 0.21829855537720708], ""val_group_counts"": [37, 36, 15, 24], ""val_total"": 112}","{""num_groups"": 4, ""eta"": 0.02, ""update_mode"": ""exp"", ""robust_objective"": ""weighted"", ""gamma"": 0.9, ""kl_lambda"": 0.0, ""initial_pi"": [0.32905295491218567, 0.3194221556186676, 0.13322632014751434, 0.2182985544204712]}",2026-09-16T04:09:33.465089,46,0.3740454994969898,0.8090277777777778,0.001,0.7351351351351352,0.7344074742984162,0.7049180327868853,0.7627118644067796,"[0.7049180327868853, 0.7627118644067796, 0.72, 0.75]","[0.5622864996739587, 0.5863670078500852, 0.4739589620009065, 0.4767869537230581]","[0.6385542168674698, 0.8137254901960784]","[[0.6363636363636364, 0.7857142857142857], [0.7105263157894737, 0.8571428571428571], [0.5, 0.7391304347826086], [0.4, 0.8666666666666667]]","[61, 59, 25, 40]",0.7279819954988748,"[0.7048387096774194, 0.7570588235294118, 0.5257452574525746, 0.6415770609318997]",0.5257452574525746,0.5863670078500852,0.7410714285714286,0.7402027027027027,0.6666666666666666,0.8108108108108109,"[0.8108108108108109, 0.6666666666666666, 0.7333333333333333, 0.75]","[0.5189866183980091, 0.6824446087703109, 0.692980270460248, 0.7372868165063361]","[0.68, 0.7903225806451613]","[[0.8, 0.8235294117647058], [0.6956521739130435, 0.6153846153846154], [1.0, 0.7142857142857143], [0.16666666666666666, 0.9444444444444444]]","[37, 36, 15, 24]",0.7363422355710691,"[0.8102564102564103, 0.6493506493506493, 0.5833333333333333, 0.55]",0.55,0.7372868165063361,"[0.3060934543609619, 0.32980871200561523, 0.138570174574852, 0.22552767395973206]","[0.3994170129299164, 0.4404534366395738, 0.30572428305943805, 0.48872458769215477]","[0.3068338930606842, 0.32957935333251953, 0.13844357430934906, 0.2251432240009308]","[0.32905295491218567, 0.3194221556186676, 0.13322632014751434, 0.2182985544204712]",0.0
"{""run_name"": ""fedheart_exp_paper_hetagg_gdro"", ""seed"": 31337, ""run_dir"": ""runs/fedheart_uncapped/Shared_Anchors_GDRO_s31337_f3"", ""use_fedheart"": true, ""num_classes"": 2, ""stratified_batching"": true, ""train_frac"": 0.8, ""group_max_train_samples"": null, ""true_hetero_input_dim"": true, ""feature_mask"": [[0, 1, 2, 3, 5, 6, 7, 8, 9, 10], [0, 1, 2, 3, 5, 6, 11, 12], [0, 1, 2, 4, 5, 7, 11, 12], [0, 1, 2, 4, 5, 6, 8, 9, 10]], ""batch_size"": 64, ""num_workers"": 0, ""epochs"": 100, ""early_stopping_patience"": 30, ""lr"": 0.001, ""weight_decay"": 0.0001, ""optimizer"": ""adam"", ""grad_clip"": 1.0, ""lr_scheduler"": ""cosine"", ""lr_min"": 1e-05, ""latent_dim"": 64, ""head_hidden"": 32, ""groups"": [{""name"": ""cleveland"", ""encoder"": ""mlp_tabular_ln"", ""input_dim"": 13, ""hidden_dim"": 64, ""dropout"": 0.1}, {""name"": ""hungarian"", ""encoder"": ""mlp_tabular_ln"", ""input_dim"": 13, ""hidden_dim"": 64, ""dropout"": 0.1}, {""name"": ""switzerland"", ""encoder"": ""mlp_tabular_ln"", ""input_dim"": 13, ""hidden_dim"": 64, ""dropout"": 0.1}, {""name"": ""va_long_beach"", ""encoder"": ""mlp_tabular_ln"", ""input_dim"": 13, ""hidden_dim"": 64, ""dropout"": 0.1}], ""anchor_eps"": 0.0001, ""sep_samples_per_class"": 4, ""sep_method"": ""classifier"", ""sep_margin"": 1.0, ""lambda_fit"": 0.1, ""lambda_sep"": 0.1, ""groupdro_enabled"": true, ""groupdro_eta"": 0.02, ""groupdro_gamma"": 0.9, ""groupdro_update_mode"": ""exp"", ""groupdro_objective"": ""weighted"", ""groupdro_kl_lambda"": 0.0, ""groupdro_uniform_init"": false, ""log_interval"": 20, ""save_every"": 10, ""groupdro_ema_decay"": 0.9, ""groupdro_update_every"": 1, ""dro_signal"": ""val"", ""val_frac"": 0.15, ""impute_missing"": true, ""common_encoder"": true, ""use_regret"": false, ""data_split_seed"": 1003}","{""num_groups"": 4, ""num_classes"": 2, ""train_total"": 623, ""test_total"": 185, ""train_group_counts"": [205, 199, 83, 136], ""test_group_counts"": [61, 59, 25, 40], ""train_class_counts"": [278, 345], ""test_class_counts"": [83, 102], ""train_group_class_counts"": [[111, 94], [127, 72], [5, 78], [35, 101]], ""test_group_class_counts"": [[33, 28], [38, 21], [2, 23], [10, 30]], ""group_proportions"": [0.3290529695024077, 0.31942215088282505, 0.1332263242375602, 0.21829855537720708], ""val_group_counts"": [37, 36, 15, 24], ""val_total"": 112}","{""num_groups"": 4, ""eta"": 0.02, ""update_mode"": ""exp"", ""robust_objective"": ""weighted"", ""gamma"": 0.9, ""kl_lambda"": 0.0, ""initial_pi"": [0.32905295491218567, 0.3194221556186676, 0.13322632014751434, 0.2182985544204712]}",2026-09-16T04:09:33.465089,47,0.3443317330545849,0.8385416666666666,0.001,0.7297297297297297,0.7280185468185607,0.72,0.7457627118644068,"[0.7213114754098361, 0.7457627118644068, 0.72, 0.725]","[0.5377656176197724, 0.5479675771321281, 0.5235477206856012, 0.48898248728364707]","[0.6626506024096386, 0.7843137254901961]","[[0.696969696969697, 0.75], [0.7105263157894737, 0.8095238095238095], [0.5, 0.7391304347826086], [0.4, 0.8333333333333334]]","[61, 59, 25, 40]",0.7247023809523809,"[0.7210115684691957, 0.7382431233362912, 0.5257452574525746, 0.6203623813632442]",0.5257452574525746,0.5479675771321281,0.7053571428571429,0.7030780780780781,0.6388888888888888,0.7567567567567568,"[0.7567567567567568, 0.6388888888888888, 0.6666666666666666, 0.75]","[0.5303282131617134, 0.6625120626348588, 0.7802380993962288, 0.7129476407232384]","[0.7, 0.7096774193548387]","[[0.8, 0.7058823529411765], [0.7391304347826086, 0.46153846153846156], [1.0, 0.6428571428571429], [0.16666666666666666, 0.9444444444444444]]","[37, 36, 15, 24]",0.703442188879082,"[0.753880266075388, 0.6017021276595745, 0.5341614906832298, 0.55]",0.5341614906832298,0.7802380993962288,"[0.30535486340522766, 0.3300228416919708, 0.1387200653553009, 0.2259022444486618]","[0.39214135540856254, 0.3741791678799523, 0.3086911332276132, 0.4653993315166897]","[0.3060934543609619, 0.32980871200561523, 0.138570174574852, 0.22552767395973206]","[0.32905295491218567, 0.3194221556186676, 0.13322632014751434, 0.2182985544204712]",0.0
"{""run_name"": ""fedheart_exp_paper_hetagg_gdro"", ""seed"": 31337, ""run_dir"": ""runs/fedheart_uncapped/Shared_Anchors_GDRO_s31337_f3"", ""use_fedheart"": true, ""num_classes"": 2, ""stratified_batching"": true, ""train_frac"": 0.8, ""group_max_train_samples"": null, ""true_hetero_input_dim"": true, ""feature_mask"": [[0, 1, 2, 3, 5, 6, 7, 8, 9, 10], [0, 1, 2, 3, 5, 6, 11, 12], [0, 1, 2, 4, 5, 7, 11, 12], [0, 1, 2, 4, 5, 6, 8, 9, 10]], ""batch_size"": 64, ""num_workers"": 0, ""epochs"": 100, ""early_stopping_patience"": 30, ""lr"": 0.001, ""weight_decay"": 0.0001, ""optimizer"": ""adam"", ""grad_clip"": 1.0, ""lr_scheduler"": ""cosine"", ""lr_min"": 1e-05, ""latent_dim"": 64, ""head_hidden"": 32, ""groups"": [{""name"": ""cleveland"", ""encoder"": ""mlp_tabular_ln"", ""input_dim"": 13, ""hidden_dim"": 64, ""dropout"": 0.1}, {""name"": ""hungarian"", ""encoder"": ""mlp_tabular_ln"", ""input_dim"": 13, ""hidden_dim"": 64, ""dropout"": 0.1}, {""name"": ""switzerland"", ""encoder"": ""mlp_tabular_ln"", ""input_dim"": 13, ""hidden_dim"": 64, ""dropout"": 0.1}, {""name"": ""va_long_beach"", ""encoder"": ""mlp_tabular_ln"", ""input_dim"": 13, ""hidden_dim"": 64, ""dropout"": 0.1}], ""anchor_eps"": 0.0001, ""sep_samples_per_class"": 4, ""sep_method"": ""classifier"", ""sep_margin"": 1.0, ""lambda_fit"": 0.1, ""lambda_sep"": 0.1, ""groupdro_enabled"": true, ""groupdro_eta"": 0.02, ""groupdro_gamma"": 0.9, ""groupdro_update_mode"": ""exp"", ""groupdro_objective"": ""weighted"", ""groupdro_kl_lambda"": 0.0, ""groupdro_uniform_init"": false, ""log_interval"": 20, ""save_every"": 10, ""groupdro_ema_decay"": 0.9, ""groupdro_update_every"": 1, ""dro_signal"": ""val"", ""val_frac"": 0.15, ""impute_missing"": true, ""common_encoder"": true, ""use_regret"": false, ""data_split_seed"": 1003}","{""num_groups"": 4, ""num_classes"": 2, ""train_total"": 623, ""test_total"": 185, ""train_group_counts"": [205, 199, 83, 136], ""test_group_counts"": [61, 59, 25, 40], ""train_class_counts"": [278, 345], ""test_class_counts"": [83, 102], ""train_group_class_counts"": [[111, 94], [127, 72], [5, 78], [35, 101]], ""test_group_class_counts"": [[33, 28], [38, 21], [2, 23], [10, 30]], ""group_proportions"": [0.3290529695024077, 0.31942215088282505, 0.1332263242375602, 0.21829855537720708], ""val_group_counts"": [37, 36, 15, 24], ""val_total"": 112}","{""num_groups"": 4, ""eta"": 0.02, ""update_mode"": ""exp"", ""robust_objective"": ""weighted"", ""gamma"": 0.9, ""kl_lambda"": 0.0, ""initial_pi"": [0.32905295491218567, 0.3194221556186676, 0.13322632014751434, 0.2182985544204712]}",2026-09-16T04:09:33.465089,48,0.34587456782658893,0.8368055555555556,0.001,0.7243243243243244,0.728084537371492,0.6885245901639344,0.775,"[0.6885245901639344, 0.7288135593220338, 0.72, 0.775]","[0.5677002540438391, 0.5900838731519752, 0.4612813084200025, 0.49198368107900026]","[0.6144578313253012, 0.8137254901960784]","[[0.6060606060606061, 0.7857142857142857], [0.6842105263157895, 0.8095238095238095], [0.5, 0.7391304347826086], [0.4, 0.9]]","[61, 59, 25, 40]",0.7158218125960061,"[0.6881894000538069, 0.7223529411764706, 0.5257452574525746, 0.6638655462184875]",0.5257452574525746,0.5900838731519752,0.7410714285714286,0.7304804804804805,0.6666666666666666,0.8108108108108109,"[0.8108108108108109, 0.6944444444444444, 0.6666666666666666, 0.75]","[0.5263111316473097, 0.6744055009136597, 0.7264364009102185, 0.7289698274495701]","[0.68, 0.7903225806451613]","[[0.8, 0.8235294117647058], [0.6956521739130435, 0.6923076923076923], [1.0, 0.6428571428571429], [0.16666666666666666, 0.9444444444444444]]","[37, 36, 15, 24]",0.7363422355710691,"[0.8102564102564103, 0.6824378508420208, 0.5341614906832298, 0.55]",0.5341614906832298,0.7289698274495701,"[0.3046162724494934, 0.33023181557655334, 0.1388763189315796, 0.22627560794353485]","[0.38480518923865425, 0.3401278985871209, 0.3522989832692676, 0.516622887717353]","[0.30535486340522766, 0.3300228416919708, 0.1387200653553009, 0.2259022444486618]","[0.32905295491218567, 0.3194221556186676, 0.13322632014751434, 0.2182985544204712]",0.0
"{""run_name"": ""fedheart_exp_paper_hetagg_gdro"", ""seed"": 31337, ""run_dir"": ""runs/fedheart_uncapped/Shared_Anchors_GDRO_s31337_f3"", ""use_fedheart"": true, ""num_classes"": 2, ""stratified_batching"": true, ""train_frac"": 0.8, ""group_max_train_samples"": null, ""true_hetero_input_dim"": true, ""feature_mask"": [[0, 1, 2, 3, 5, 6, 7, 8, 9, 10], [0, 1, 2, 3, 5, 6, 11, 12], [0, 1, 2, 4, 5, 7, 11, 12], [0, 1, 2, 4, 5, 6, 8, 9, 10]], ""batch_size"": 64, ""num_workers"": 0, ""epochs"": 100, ""early_stopping_patience"": 30, ""lr"": 0.001, ""weight_decay"": 0.0001, ""optimizer"": ""adam"", ""grad_clip"": 1.0, ""lr_scheduler"": ""cosine"", ""lr_min"": 1e-05, ""latent_dim"": 64, ""head_hidden"": 32, ""groups"": [{""name"": ""cleveland"", ""encoder"": ""mlp_tabular_ln"", ""input_dim"": 13, ""hidden_dim"": 64, ""dropout"": 0.1}, {""name"": ""hungarian"", ""encoder"": ""mlp_tabular_ln"", ""input_dim"": 13, ""hidden_dim"": 64, ""dropout"": 0.1}, {""name"": ""switzerland"", ""encoder"": ""mlp_tabular_ln"", ""input_dim"": 13, ""hidden_dim"": 64, ""dropout"": 0.1}, {""name"": ""va_long_beach"", ""encoder"": ""mlp_tabular_ln"", ""input_dim"": 13, ""hidden_dim"": 64, ""dropout"": 0.1}], ""anchor_eps"": 0.0001, ""sep_samples_per_class"": 4, ""sep_method"": ""classifier"", ""sep_margin"": 1.0, ""lambda_fit"": 0.1, ""lambda_sep"": 0.1, ""groupdro_enabled"": true, ""groupdro_eta"": 0.02, ""groupdro_gamma"": 0.9, ""groupdro_update_mode"": ""exp"", ""groupdro_objective"": ""weighted"", ""groupdro_kl_lambda"": 0.0, ""groupdro_uniform_init"": false, ""log_interval"": 20, ""save_every"": 10, ""groupdro_ema_decay"": 0.9, ""groupdro_update_every"": 1, ""dro_signal"": ""val"", ""val_frac"": 0.15, ""impute_missing"": true, ""common_encoder"": true, ""use_regret"": false, ""data_split_seed"": 1003}","{""num_groups"": 4, ""num_classes"": 2, ""train_total"": 623, ""test_total"": 185, ""train_group_counts"": [205, 199, 83, 136], ""test_group_counts"": [61, 59, 25, 40], ""train_class_counts"": [278, 345], ""test_class_counts"": [83, 102], ""train_group_class_counts"": [[111, 94], [127, 72], [5, 78], [35, 101]], ""test_group_class_counts"": [[33, 28], [38, 21], [2, 23], [10, 30]], ""group_proportions"": [0.3290529695024077, 0.31942215088282505, 0.1332263242375602, 0.21829855537720708], ""val_group_counts"": [37, 36, 15, 24], ""val_total"": 112}","{""num_groups"": 4, ""eta"": 0.02, ""update_mode"": ""exp"", ""robust_objective"": ""weighted"", ""gamma"": 0.9, ""kl_lambda"": 0.0, ""initial_pi"": [0.32905295491218567, 0.3194221556186676, 0.13322632014751434, 0.2182985544204712]}",2026-09-16T04:09:33.465089,49,0.345768627193239,0.8263888888888888,0.001,0.7243243243243244,0.723920186162823,0.7049180327868853,0.7457627118644068,"[0.7049180327868853, 0.7457627118644068, 0.72, 0.725]","[0.5491686130217353, 0.5645683712752189, 0.510075471997261, 0.489581711567007]","[0.6506024096385542, 0.7843137254901961]","[[0.6666666666666666, 0.75], [0.7105263157894737, 0.8095238095238095], [0.5, 0.7391304347826086], [0.4, 0.8333333333333334]]","[61, 59, 25, 40]",0.7187695609407136,"[0.7048387096774194, 0.7382431233362912, 0.5257452574525746, 0.6203623813632442]",0.5257452574525746,0.5645683712752189,0.6964285714285714,0.6961336336336337,0.6111111111111112,0.7567567567567568,"[0.7567567567567568, 0.6111111111111112, 0.6666666666666666, 0.75]","[0.5249882863985526, 0.6498872177261446, 0.7899339591463407, 0.7382243908941746]","[0.68, 0.7096774193548387]","[[0.8, 0.7058823529411765], [0.6956521739130435, 0.46153846153846156], [1.0, 0.6428571428571429], [0.16666666666666666, 0.9444444444444444]]","[37, 36, 15, 24]",0.6939890710382514,"[0.753880266075388, 0.5785953177257526, 0.5341614906832298, 0.55]",0.5341614906832298,0.7899339591463407,"[0.30387550592422485, 0.330418199300766, 0.1390552818775177, 0.22665096819400787]","[0.37436055143674213, 0.41310159199767643, 0.303538602259424, 0.46123442467716]","[0.3046162724494934, 0.33023181557655334, 0.1388763189315796, 0.22627560794353485]","[0.32905295491218567, 0.3194221556186676, 0.13322632014751434, 0.2182985544204712]",0.0
