config,dataset_info,groupdro_config,start_time,epoch,train_loss,train_acc,learning_rate,test_overall_acc,test_balanced_acc,test_worst_group_acc,test_best_group_acc,test_per_group_acc,test_per_group_loss,test_per_class_acc,test_per_group_per_class_acc,test_per_group_counts,groupdro_weights,groupdro_pi,groupdro_kl_penalty
"{""run_name"": ""fedheart_ablation_pergroup_noanchor"", ""seed"": 31337, ""run_dir"": ""runs/ablation_fedheart_fedheart/pergroup_erm_anchor_s31337"", ""use_fedheart"": true, ""num_classes"": 2, ""stratified_batching"": true, ""train_frac"": 0.8, ""data_split_seed"": 43, ""group_max_train_samples"": [null, null, 20, 25], ""true_hetero_input_dim"": true, ""feature_mask"": [[0, 1, 2, 3, 5, 6, 7, 8, 9, 10], [0, 1, 2, 3, 5, 6, 11, 12], [0, 1, 2, 4, 5, 7, 11, 12], [0, 1, 2, 4, 5, 6, 8, 9, 10]], ""batch_size"": 64, ""num_workers"": 0, ""epochs"": 150, ""early_stopping_patience"": 40, ""lr"": 0.001, ""weight_decay"": 0.0001, ""optimizer"": ""adam"", ""grad_clip"": 1.0, ""lr_scheduler"": ""cosine"", ""lr_min"": 1e-05, ""latent_dim"": 64, ""head_hidden"": 32, ""groups"": [{""name"": ""cleveland"", ""encoder"": ""mlp_tabular_ln"", ""input_dim"": 10, ""hidden_dim"": 64, ""dropout"": 0.1}, {""name"": ""hungarian"", ""encoder"": ""mlp_tabular_ln"", ""input_dim"": 8, ""hidden_dim"": 64, ""dropout"": 0.1}, {""name"": ""switzerland"", ""encoder"": ""mlp_tabular_ln"", ""input_dim"": 8, ""hidden_dim"": 64, ""dropout"": 0.1}, {""name"": ""va_long_beach"", ""encoder"": ""mlp_tabular_ln"", ""input_dim"": 9, ""hidden_dim"": 64, ""dropout"": 0.1}], ""anchor_eps"": 0.0001, ""sep_samples_per_class"": 4, ""sep_method"": ""classifier"", ""sep_margin"": 1.0, ""lambda_fit"": 0.1, ""lambda_sep"": 0.1, ""groupdro_enabled"": false, ""groupdro_eta"": 2.0, ""groupdro_gamma"": 0.9, ""groupdro_update_mode"": ""softmax"", ""groupdro_objective"": ""weighted"", ""groupdro_kl_lambda"": 0.0, ""groupdro_uniform_init"": true, ""log_interval"": 20, ""save_every"": 10, ""common_encoder"": false}","{""num_groups"": 4, ""num_classes"": 2, ""train_total"": 495, ""test_total"": 150, ""train_group_counts"": [242, 208, 20, 25], ""test_group_counts"": [61, 53, 10, 26], ""train_class_counts"": [266, 229], ""test_class_counts"": [73, 77], ""train_group_class_counts"": [[131, 111], [130, 78], [0, 20], [5, 20]], ""test_group_class_counts"": [[33, 28], [33, 20], [1, 9], [6, 20]], ""group_proportions"": [0.4888888888888889, 0.4202020202020202, 0.04040404040404041, 0.050505050505050504]}",,2026-09-07T00:58:05.051752,1,3.804086124195772,0.5045248836413767,0.001,0.5466666666666666,0.4859370910561755,0.2,0.6153846153846154,"[0.5245901639344263, 0.6037735849056604, 0.2, 0.6153846153846154]","[0.6772876342789071, 0.6812099926876571, 0.801719355583191, 0.6632994917722849]","[0.8767123287671232, 0.23376623376623376]","[[0.8484848484848485, 0.14285714285714285], [0.9696969696969697, 0.0], [1.0, 0.1111111111111111], [0.5, 0.65]]","[61, 53, 10, 26]",,,
"{""run_name"": ""fedheart_ablation_pergroup_noanchor"", ""seed"": 31337, ""run_dir"": ""runs/ablation_fedheart_fedheart/pergroup_erm_anchor_s31337"", ""use_fedheart"": true, ""num_classes"": 2, ""stratified_batching"": true, ""train_frac"": 0.8, ""data_split_seed"": 43, ""group_max_train_samples"": [null, null, 20, 25], ""true_hetero_input_dim"": true, ""feature_mask"": [[0, 1, 2, 3, 5, 6, 7, 8, 9, 10], [0, 1, 2, 3, 5, 6, 11, 12], [0, 1, 2, 4, 5, 7, 11, 12], [0, 1, 2, 4, 5, 6, 8, 9, 10]], ""batch_size"": 64, ""num_workers"": 0, ""epochs"": 150, ""early_stopping_patience"": 40, ""lr"": 0.001, ""weight_decay"": 0.0001, ""optimizer"": ""adam"", ""grad_clip"": 1.0, ""lr_scheduler"": ""cosine"", ""lr_min"": 1e-05, ""latent_dim"": 64, ""head_hidden"": 32, ""groups"": [{""name"": ""cleveland"", ""encoder"": ""mlp_tabular_ln"", ""input_dim"": 10, ""hidden_dim"": 64, ""dropout"": 0.1}, {""name"": ""hungarian"", ""encoder"": ""mlp_tabular_ln"", ""input_dim"": 8, ""hidden_dim"": 64, ""dropout"": 0.1}, {""name"": ""switzerland"", ""encoder"": ""mlp_tabular_ln"", ""input_dim"": 8, ""hidden_dim"": 64, ""dropout"": 0.1}, {""name"": ""va_long_beach"", ""encoder"": ""mlp_tabular_ln"", ""input_dim"": 9, ""hidden_dim"": 64, ""dropout"": 0.1}], ""anchor_eps"": 0.0001, ""sep_samples_per_class"": 4, ""sep_method"": ""classifier"", ""sep_margin"": 1.0, ""lambda_fit"": 0.1, ""lambda_sep"": 0.1, ""groupdro_enabled"": false, ""groupdro_eta"": 2.0, ""groupdro_gamma"": 0.9, ""groupdro_update_mode"": ""softmax"", ""groupdro_objective"": ""weighted"", ""groupdro_kl_lambda"": 0.0, ""groupdro_uniform_init"": true, ""log_interval"": 20, ""save_every"": 10, ""common_encoder"": false}","{""num_groups"": 4, ""num_classes"": 2, ""train_total"": 495, ""test_total"": 150, ""train_group_counts"": [242, 208, 20, 25], ""test_group_counts"": [61, 53, 10, 26], ""train_class_counts"": [266, 229], ""test_class_counts"": [73, 77], ""train_group_class_counts"": [[131, 111], [130, 78], [0, 20], [5, 20]], ""test_group_class_counts"": [[33, 28], [33, 20], [1, 9], [6, 20]], ""group_proportions"": [0.4888888888888889, 0.4202020202020202, 0.04040404040404041, 0.050505050505050504]}",,2026-09-07T00:58:05.051752,2,2.544388245673201,0.6085972869558032,0.001,0.58,0.49594268243355777,0.1,0.6923076923076923,"[0.6065573770491803, 0.5849056603773585, 0.1, 0.6923076923076923]","[0.6622082063409148, 0.671945128800734, 0.7517483353614807, 0.66025231893246]","[0.8493150684931506, 0.3246753246753247]","[[0.8484848484848485, 0.32142857142857145], [0.9393939393939394, 0.0], [0.0, 0.1111111111111111], [0.5, 0.75]]","[61, 53, 10, 26]",,,
"{""run_name"": ""fedheart_ablation_pergroup_noanchor"", ""seed"": 31337, ""run_dir"": ""runs/ablation_fedheart_fedheart/pergroup_erm_anchor_s31337"", ""use_fedheart"": true, ""num_classes"": 2, ""stratified_batching"": true, ""train_frac"": 0.8, ""data_split_seed"": 43, ""group_max_train_samples"": [null, null, 20, 25], ""true_hetero_input_dim"": true, ""feature_mask"": [[0, 1, 2, 3, 5, 6, 7, 8, 9, 10], [0, 1, 2, 3, 5, 6, 11, 12], [0, 1, 2, 4, 5, 7, 11, 12], [0, 1, 2, 4, 5, 6, 8, 9, 10]], ""batch_size"": 64, ""num_workers"": 0, ""epochs"": 150, ""early_stopping_patience"": 40, ""lr"": 0.001, ""weight_decay"": 0.0001, ""optimizer"": ""adam"", ""grad_clip"": 1.0, ""lr_scheduler"": ""cosine"", ""lr_min"": 1e-05, ""latent_dim"": 64, ""head_hidden"": 32, ""groups"": [{""name"": ""cleveland"", ""encoder"": ""mlp_tabular_ln"", ""input_dim"": 10, ""hidden_dim"": 64, ""dropout"": 0.1}, {""name"": ""hungarian"", ""encoder"": ""mlp_tabular_ln"", ""input_dim"": 8, ""hidden_dim"": 64, ""dropout"": 0.1}, {""name"": ""switzerland"", ""encoder"": ""mlp_tabular_ln"", ""input_dim"": 8, ""hidden_dim"": 64, ""dropout"": 0.1}, {""name"": ""va_long_beach"", ""encoder"": ""mlp_tabular_ln"", ""input_dim"": 9, ""hidden_dim"": 64, ""dropout"": 0.1}], ""anchor_eps"": 0.0001, ""sep_samples_per_class"": 4, ""sep_method"": ""classifier"", ""sep_margin"": 1.0, ""lambda_fit"": 0.1, ""lambda_sep"": 0.1, ""groupdro_enabled"": false, ""groupdro_eta"": 2.0, ""groupdro_gamma"": 0.9, ""groupdro_update_mode"": ""softmax"", ""groupdro_objective"": ""weighted"", ""groupdro_kl_lambda"": 0.0, ""groupdro_uniform_init"": true, ""log_interval"": 20, ""save_every"": 10, ""common_encoder"": false}","{""num_groups"": 4, ""num_classes"": 2, ""train_total"": 495, ""test_total"": 150, ""train_group_counts"": [242, 208, 20, 25], ""test_group_counts"": [61, 53, 10, 26], ""train_class_counts"": [266, 229], ""test_class_counts"": [73, 77], ""train_group_class_counts"": [[131, 111], [130, 78], [0, 20], [5, 20]], ""test_group_class_counts"": [[33, 28], [33, 20], [1, 9], [6, 20]], ""group_proportions"": [0.4888888888888889, 0.4202020202020202, 0.04040404040404041, 0.050505050505050504]}",,2026-09-07T00:58:05.051752,3,1.8347902465190282,0.647058819753552,0.001,0.6266666666666667,0.6039579813937995,0.5,0.6538461538461539,"[0.639344262295082, 0.6226415094339622, 0.5, 0.6538461538461539]","[0.6532619737210821, 0.6726699426489057, 0.7103565037250519, 0.6587168826506689]","[0.8356164383561644, 0.42857142857142855]","[[0.8787878787878788, 0.35714285714285715], [0.8787878787878788, 0.2], [0.0, 0.5555555555555556], [0.5, 0.7]]","[61, 53, 10, 26]",,,
"{""run_name"": ""fedheart_ablation_pergroup_noanchor"", ""seed"": 31337, ""run_dir"": ""runs/ablation_fedheart_fedheart/pergroup_erm_anchor_s31337"", ""use_fedheart"": true, ""num_classes"": 2, ""stratified_batching"": true, ""train_frac"": 0.8, ""data_split_seed"": 43, ""group_max_train_samples"": [null, null, 20, 25], ""true_hetero_input_dim"": true, ""feature_mask"": [[0, 1, 2, 3, 5, 6, 7, 8, 9, 10], [0, 1, 2, 3, 5, 6, 11, 12], [0, 1, 2, 4, 5, 7, 11, 12], [0, 1, 2, 4, 5, 6, 8, 9, 10]], ""batch_size"": 64, ""num_workers"": 0, ""epochs"": 150, ""early_stopping_patience"": 40, ""lr"": 0.001, ""weight_decay"": 0.0001, ""optimizer"": ""adam"", ""grad_clip"": 1.0, ""lr_scheduler"": ""cosine"", ""lr_min"": 1e-05, ""latent_dim"": 64, ""head_hidden"": 32, ""groups"": [{""name"": ""cleveland"", ""encoder"": ""mlp_tabular_ln"", ""input_dim"": 10, ""hidden_dim"": 64, ""dropout"": 0.1}, {""name"": ""hungarian"", ""encoder"": ""mlp_tabular_ln"", ""input_dim"": 8, ""hidden_dim"": 64, ""dropout"": 0.1}, {""name"": ""switzerland"", ""encoder"": ""mlp_tabular_ln"", ""input_dim"": 8, ""hidden_dim"": 64, ""dropout"": 0.1}, {""name"": ""va_long_beach"", ""encoder"": ""mlp_tabular_ln"", ""input_dim"": 9, ""hidden_dim"": 64, ""dropout"": 0.1}], ""anchor_eps"": 0.0001, ""sep_samples_per_class"": 4, ""sep_method"": ""classifier"", ""sep_margin"": 1.0, ""lambda_fit"": 0.1, ""lambda_sep"": 0.1, ""groupdro_enabled"": false, ""groupdro_eta"": 2.0, ""groupdro_gamma"": 0.9, ""groupdro_update_mode"": ""softmax"", ""groupdro_objective"": ""weighted"", ""groupdro_kl_lambda"": 0.0, ""groupdro_uniform_init"": true, ""log_interval"": 20, ""save_every"": 10, ""common_encoder"": false}","{""num_groups"": 4, ""num_classes"": 2, ""train_total"": 495, ""test_total"": 150, ""train_group_counts"": [242, 208, 20, 25], ""test_group_counts"": [61, 53, 10, 26], ""train_class_counts"": [266, 229], ""test_class_counts"": [73, 77], ""train_group_class_counts"": [[131, 111], [130, 78], [0, 20], [5, 20]], ""test_group_class_counts"": [[33, 28], [33, 20], [1, 9], [6, 20]], ""group_proportions"": [0.4888888888888889, 0.4202020202020202, 0.04040404040404041, 0.050505050505050504]}",,2026-09-07T00:58:05.051752,4,1.4768083208826333,0.6357466084924759,0.001,0.6666666666666666,0.6924903043136882,0.6538461538461539,0.8,"[0.6557377049180327, 0.660377358490566, 0.8, 0.6538461538461539]","[0.6462866341481444, 0.6718413886034263, 0.6607159018516541, 0.6497703836514399]","[0.8356164383561644, 0.5064935064935064]","[[0.8787878787878788, 0.39285714285714285], [0.8787878787878788, 0.3], [0.0, 0.8888888888888888], [0.5, 0.7]]","[61, 53, 10, 26]",,,
"{""run_name"": ""fedheart_ablation_pergroup_noanchor"", ""seed"": 31337, ""run_dir"": ""runs/ablation_fedheart_fedheart/pergroup_erm_anchor_s31337"", ""use_fedheart"": true, ""num_classes"": 2, ""stratified_batching"": true, ""train_frac"": 0.8, ""data_split_seed"": 43, ""group_max_train_samples"": [null, null, 20, 25], ""true_hetero_input_dim"": true, ""feature_mask"": [[0, 1, 2, 3, 5, 6, 7, 8, 9, 10], [0, 1, 2, 3, 5, 6, 11, 12], [0, 1, 2, 4, 5, 7, 11, 12], [0, 1, 2, 4, 5, 6, 8, 9, 10]], ""batch_size"": 64, ""num_workers"": 0, ""epochs"": 150, ""early_stopping_patience"": 40, ""lr"": 0.001, ""weight_decay"": 0.0001, ""optimizer"": ""adam"", ""grad_clip"": 1.0, ""lr_scheduler"": ""cosine"", ""lr_min"": 1e-05, ""latent_dim"": 64, ""head_hidden"": 32, ""groups"": [{""name"": ""cleveland"", ""encoder"": ""mlp_tabular_ln"", ""input_dim"": 10, ""hidden_dim"": 64, ""dropout"": 0.1}, {""name"": ""hungarian"", ""encoder"": ""mlp_tabular_ln"", ""input_dim"": 8, ""hidden_dim"": 64, ""dropout"": 0.1}, {""name"": ""switzerland"", ""encoder"": ""mlp_tabular_ln"", ""input_dim"": 8, ""hidden_dim"": 64, ""dropout"": 0.1}, {""name"": ""va_long_beach"", ""encoder"": ""mlp_tabular_ln"", ""input_dim"": 9, ""hidden_dim"": 64, ""dropout"": 0.1}], ""anchor_eps"": 0.0001, ""sep_samples_per_class"": 4, ""sep_method"": ""classifier"", ""sep_margin"": 1.0, ""lambda_fit"": 0.1, ""lambda_sep"": 0.1, ""groupdro_enabled"": false, ""groupdro_eta"": 2.0, ""groupdro_gamma"": 0.9, ""groupdro_update_mode"": ""softmax"", ""groupdro_objective"": ""weighted"", ""groupdro_kl_lambda"": 0.0, ""groupdro_uniform_init"": true, ""log_interval"": 20, ""save_every"": 10, ""common_encoder"": false}","{""num_groups"": 4, ""num_classes"": 2, ""train_total"": 495, ""test_total"": 150, ""train_group_counts"": [242, 208, 20, 25], ""test_group_counts"": [61, 53, 10, 26], ""train_class_counts"": [266, 229], ""test_class_counts"": [73, 77], ""train_group_class_counts"": [[131, 111], [130, 78], [0, 20], [5, 20]], ""test_group_class_counts"": [[33, 28], [33, 20], [1, 9], [6, 20]], ""group_proportions"": [0.4888888888888889, 0.4202020202020202, 0.04040404040404041, 0.050505050505050504]}",,2026-09-07T00:58:05.051752,5,1.2454289758906645,0.6877828016540044,0.001,0.6733333333333333,0.7168716838373503,0.6415094339622641,0.9,"[0.6721311475409836, 0.6415094339622641, 0.9, 0.6538461538461539]","[0.6337003629715716, 0.6588551064707199, 0.5987503588199615, 0.6389863055485946]","[0.8493150684931506, 0.5064935064935064]","[[0.9393939393939394, 0.35714285714285715], [0.8484848484848485, 0.3], [0.0, 1.0], [0.5, 0.7]]","[61, 53, 10, 26]",,,
"{""run_name"": ""fedheart_ablation_pergroup_noanchor"", ""seed"": 31337, ""run_dir"": ""runs/ablation_fedheart_fedheart/pergroup_erm_anchor_s31337"", ""use_fedheart"": true, ""num_classes"": 2, ""stratified_batching"": true, ""train_frac"": 0.8, ""data_split_seed"": 43, ""group_max_train_samples"": [null, null, 20, 25], ""true_hetero_input_dim"": true, ""feature_mask"": [[0, 1, 2, 3, 5, 6, 7, 8, 9, 10], [0, 1, 2, 3, 5, 6, 11, 12], [0, 1, 2, 4, 5, 7, 11, 12], [0, 1, 2, 4, 5, 6, 8, 9, 10]], ""batch_size"": 64, ""num_workers"": 0, ""epochs"": 150, ""early_stopping_patience"": 40, ""lr"": 0.001, ""weight_decay"": 0.0001, ""optimizer"": ""adam"", ""grad_clip"": 1.0, ""lr_scheduler"": ""cosine"", ""lr_min"": 1e-05, ""latent_dim"": 64, ""head_hidden"": 32, ""groups"": [{""name"": ""cleveland"", ""encoder"": ""mlp_tabular_ln"", ""input_dim"": 10, ""hidden_dim"": 64, ""dropout"": 0.1}, {""name"": ""hungarian"", ""encoder"": ""mlp_tabular_ln"", ""input_dim"": 8, ""hidden_dim"": 64, ""dropout"": 0.1}, {""name"": ""switzerland"", ""encoder"": ""mlp_tabular_ln"", ""input_dim"": 8, ""hidden_dim"": 64, ""dropout"": 0.1}, {""name"": ""va_long_beach"", ""encoder"": ""mlp_tabular_ln"", ""input_dim"": 9, ""hidden_dim"": 64, ""dropout"": 0.1}], ""anchor_eps"": 0.0001, ""sep_samples_per_class"": 4, ""sep_method"": ""classifier"", ""sep_margin"": 1.0, ""lambda_fit"": 0.1, ""lambda_sep"": 0.1, ""groupdro_enabled"": false, ""groupdro_eta"": 2.0, ""groupdro_gamma"": 0.9, ""groupdro_update_mode"": ""softmax"", ""groupdro_objective"": ""weighted"", ""groupdro_kl_lambda"": 0.0, ""groupdro_uniform_init"": true, ""log_interval"": 20, ""save_every"": 10, ""common_encoder"": false}","{""num_groups"": 4, ""num_classes"": 2, ""train_total"": 495, ""test_total"": 150, ""train_group_counts"": [242, 208, 20, 25], ""test_group_counts"": [61, 53, 10, 26], ""train_class_counts"": [266, 229], ""test_class_counts"": [73, 77], ""train_group_class_counts"": [[131, 111], [130, 78], [0, 20], [5, 20]], ""test_group_class_counts"": [[33, 28], [33, 20], [1, 9], [6, 20]], ""group_proportions"": [0.4888888888888889, 0.4202020202020202, 0.04040404040404041, 0.050505050505050504]}",,2026-09-07T00:58:05.051752,6,1.0699240875459903,0.7579185533847205,0.001,0.72,0.7627299007827928,0.660377358490566,0.9,"[0.7213114754098361, 0.660377358490566, 0.9, 0.7692307692307693]","[0.6178842616862938, 0.6460217293703331, 0.548169082403183, 0.6195165675420028]","[0.8356164383561644, 0.6103896103896104]","[[0.9090909090909091, 0.5], [0.8484848484848485, 0.35], [0.0, 1.0], [0.5, 0.85]]","[61, 53, 10, 26]",,,
"{""run_name"": ""fedheart_ablation_pergroup_noanchor"", ""seed"": 31337, ""run_dir"": ""runs/ablation_fedheart_fedheart/pergroup_erm_anchor_s31337"", ""use_fedheart"": true, ""num_classes"": 2, ""stratified_batching"": true, ""train_frac"": 0.8, ""data_split_seed"": 43, ""group_max_train_samples"": [null, null, 20, 25], ""true_hetero_input_dim"": true, ""feature_mask"": [[0, 1, 2, 3, 5, 6, 7, 8, 9, 10], [0, 1, 2, 3, 5, 6, 11, 12], [0, 1, 2, 4, 5, 7, 11, 12], [0, 1, 2, 4, 5, 6, 8, 9, 10]], ""batch_size"": 64, ""num_workers"": 0, ""epochs"": 150, ""early_stopping_patience"": 40, ""lr"": 0.001, ""weight_decay"": 0.0001, ""optimizer"": ""adam"", ""grad_clip"": 1.0, ""lr_scheduler"": ""cosine"", ""lr_min"": 1e-05, ""latent_dim"": 64, ""head_hidden"": 32, ""groups"": [{""name"": ""cleveland"", ""encoder"": ""mlp_tabular_ln"", ""input_dim"": 10, ""hidden_dim"": 64, ""dropout"": 0.1}, {""name"": ""hungarian"", ""encoder"": ""mlp_tabular_ln"", ""input_dim"": 8, ""hidden_dim"": 64, ""dropout"": 0.1}, {""name"": ""switzerland"", ""encoder"": ""mlp_tabular_ln"", ""input_dim"": 8, ""hidden_dim"": 64, ""dropout"": 0.1}, {""name"": ""va_long_beach"", ""encoder"": ""mlp_tabular_ln"", ""input_dim"": 9, ""hidden_dim"": 64, ""dropout"": 0.1}], ""anchor_eps"": 0.0001, ""sep_samples_per_class"": 4, ""sep_method"": ""classifier"", ""sep_margin"": 1.0, ""lambda_fit"": 0.1, ""lambda_sep"": 0.1, ""groupdro_enabled"": false, ""groupdro_eta"": 2.0, ""groupdro_gamma"": 0.9, ""groupdro_update_mode"": ""softmax"", ""groupdro_objective"": ""weighted"", ""groupdro_kl_lambda"": 0.0, ""groupdro_uniform_init"": true, ""log_interval"": 20, ""save_every"": 10, ""common_encoder"": false}","{""num_groups"": 4, ""num_classes"": 2, ""train_total"": 495, ""test_total"": 150, ""train_group_counts"": [242, 208, 20, 25], ""test_group_counts"": [61, 53, 10, 26], ""train_class_counts"": [266, 229], ""test_class_counts"": [73, 77], ""train_group_class_counts"": [[131, 111], [130, 78], [0, 20], [5, 20]], ""test_group_class_counts"": [[33, 28], [33, 20], [1, 9], [6, 20]], ""group_proportions"": [0.4888888888888889, 0.4202020202020202, 0.04040404040404041, 0.050505050505050504]}",,2026-09-07T00:58:05.051752,7,0.9751563220541941,0.766968326600968,0.001,0.74,0.7811606271859907,0.6792452830188679,0.9,"[0.7377049180327869, 0.6792452830188679, 0.9, 0.8076923076923077]","[0.5951034245920963, 0.633164459804319, 0.4972061783075333, 0.5982284121788465]","[0.7945205479452054, 0.6883116883116883]","[[0.8484848484848485, 0.6071428571428571], [0.8181818181818182, 0.45], [0.0, 1.0], [0.5, 0.9]]","[61, 53, 10, 26]",,,
"{""run_name"": ""fedheart_ablation_pergroup_noanchor"", ""seed"": 31337, ""run_dir"": ""runs/ablation_fedheart_fedheart/pergroup_erm_anchor_s31337"", ""use_fedheart"": true, ""num_classes"": 2, ""stratified_batching"": true, ""train_frac"": 0.8, ""data_split_seed"": 43, ""group_max_train_samples"": [null, null, 20, 25], ""true_hetero_input_dim"": true, ""feature_mask"": [[0, 1, 2, 3, 5, 6, 7, 8, 9, 10], [0, 1, 2, 3, 5, 6, 11, 12], [0, 1, 2, 4, 5, 7, 11, 12], [0, 1, 2, 4, 5, 6, 8, 9, 10]], ""batch_size"": 64, ""num_workers"": 0, ""epochs"": 150, ""early_stopping_patience"": 40, ""lr"": 0.001, ""weight_decay"": 0.0001, ""optimizer"": ""adam"", ""grad_clip"": 1.0, ""lr_scheduler"": ""cosine"", ""lr_min"": 1e-05, ""latent_dim"": 64, ""head_hidden"": 32, ""groups"": [{""name"": ""cleveland"", ""encoder"": ""mlp_tabular_ln"", ""input_dim"": 10, ""hidden_dim"": 64, ""dropout"": 0.1}, {""name"": ""hungarian"", ""encoder"": ""mlp_tabular_ln"", ""input_dim"": 8, ""hidden_dim"": 64, ""dropout"": 0.1}, {""name"": ""switzerland"", ""encoder"": ""mlp_tabular_ln"", ""input_dim"": 8, ""hidden_dim"": 64, ""dropout"": 0.1}, {""name"": ""va_long_beach"", ""encoder"": ""mlp_tabular_ln"", ""input_dim"": 9, ""hidden_dim"": 64, ""dropout"": 0.1}], ""anchor_eps"": 0.0001, ""sep_samples_per_class"": 4, ""sep_method"": ""classifier"", ""sep_margin"": 1.0, ""lambda_fit"": 0.1, ""lambda_sep"": 0.1, ""groupdro_enabled"": false, ""groupdro_eta"": 2.0, ""groupdro_gamma"": 0.9, ""groupdro_update_mode"": ""softmax"", ""groupdro_objective"": ""weighted"", ""groupdro_kl_lambda"": 0.0, ""groupdro_uniform_init"": true, ""log_interval"": 20, ""save_every"": 10, ""common_encoder"": false}","{""num_groups"": 4, ""num_classes"": 2, ""train_total"": 495, ""test_total"": 150, ""train_group_counts"": [242, 208, 20, 25], ""test_group_counts"": [61, 53, 10, 26], ""train_class_counts"": [266, 229], ""test_class_counts"": [73, 77], ""train_group_class_counts"": [[131, 111], [130, 78], [0, 20], [5, 20]], ""test_group_class_counts"": [[33, 28], [33, 20], [1, 9], [6, 20]], ""group_proportions"": [0.4888888888888889, 0.4202020202020202, 0.04040404040404041, 0.050505050505050504]}",,2026-09-07T00:58:05.051752,8,0.9062855907155378,0.805429867489845,0.001,0.7533333333333333,0.7899759689738037,0.6981132075471698,0.9,"[0.7540983606557377, 0.6981132075471698, 0.9, 0.8076923076923077]","[0.571151292470635, 0.6190049614546433, 0.436341205239296, 0.5692595564402066]","[0.7945205479452054, 0.7142857142857143]","[[0.8484848484848485, 0.6428571428571429], [0.8181818181818182, 0.5], [0.0, 1.0], [0.5, 0.9]]","[61, 53, 10, 26]",,,
"{""run_name"": ""fedheart_ablation_pergroup_noanchor"", ""seed"": 31337, ""run_dir"": ""runs/ablation_fedheart_fedheart/pergroup_erm_anchor_s31337"", ""use_fedheart"": true, ""num_classes"": 2, ""stratified_batching"": true, ""train_frac"": 0.8, ""data_split_seed"": 43, ""group_max_train_samples"": [null, null, 20, 25], ""true_hetero_input_dim"": true, ""feature_mask"": [[0, 1, 2, 3, 5, 6, 7, 8, 9, 10], [0, 1, 2, 3, 5, 6, 11, 12], [0, 1, 2, 4, 5, 7, 11, 12], [0, 1, 2, 4, 5, 6, 8, 9, 10]], ""batch_size"": 64, ""num_workers"": 0, ""epochs"": 150, ""early_stopping_patience"": 40, ""lr"": 0.001, ""weight_decay"": 0.0001, ""optimizer"": ""adam"", ""grad_clip"": 1.0, ""lr_scheduler"": ""cosine"", ""lr_min"": 1e-05, ""latent_dim"": 64, ""head_hidden"": 32, ""groups"": [{""name"": ""cleveland"", ""encoder"": ""mlp_tabular_ln"", ""input_dim"": 10, ""hidden_dim"": 64, ""dropout"": 0.1}, {""name"": ""hungarian"", ""encoder"": ""mlp_tabular_ln"", ""input_dim"": 8, ""hidden_dim"": 64, ""dropout"": 0.1}, {""name"": ""switzerland"", ""encoder"": ""mlp_tabular_ln"", ""input_dim"": 8, ""hidden_dim"": 64, ""dropout"": 0.1}, {""name"": ""va_long_beach"", ""encoder"": ""mlp_tabular_ln"", ""input_dim"": 9, ""hidden_dim"": 64, ""dropout"": 0.1}], ""anchor_eps"": 0.0001, ""sep_samples_per_class"": 4, ""sep_method"": ""classifier"", ""sep_margin"": 1.0, ""lambda_fit"": 0.1, ""lambda_sep"": 0.1, ""groupdro_enabled"": false, ""groupdro_eta"": 2.0, ""groupdro_gamma"": 0.9, ""groupdro_update_mode"": ""softmax"", ""groupdro_objective"": ""weighted"", ""groupdro_kl_lambda"": 0.0, ""groupdro_uniform_init"": true, ""log_interval"": 20, ""save_every"": 10, ""common_encoder"": false}","{""num_groups"": 4, ""num_classes"": 2, ""train_total"": 495, ""test_total"": 150, ""train_group_counts"": [242, 208, 20, 25], ""test_group_counts"": [61, 53, 10, 26], ""train_class_counts"": [266, 229], ""test_class_counts"": [73, 77], ""train_group_class_counts"": [[131, 111], [130, 78], [0, 20], [5, 20]], ""test_group_class_counts"": [[33, 28], [33, 20], [1, 9], [6, 20]], ""group_proportions"": [0.4888888888888889, 0.4202020202020202, 0.04040404040404041, 0.050505050505050504]}",,2026-09-07T00:58:05.051752,9,0.8321071350736315,0.7963800942735975,0.001,0.74,0.7762622237026815,0.6981132075471698,0.9,"[0.7377049180327869, 0.6981132075471698, 0.9, 0.7692307692307693]","[0.5509381763270644, 0.6052178313147347, 0.3864964321255684, 0.5393499399606998]","[0.7808219178082192, 0.7012987012987013]","[[0.8484848484848485, 0.6071428571428571], [0.8181818181818182, 0.5], [0.0, 1.0], [0.3333333333333333, 0.9]]","[61, 53, 10, 26]",,,
"{""run_name"": ""fedheart_ablation_pergroup_noanchor"", ""seed"": 31337, ""run_dir"": ""runs/ablation_fedheart_fedheart/pergroup_erm_anchor_s31337"", ""use_fedheart"": true, ""num_classes"": 2, ""stratified_batching"": true, ""train_frac"": 0.8, ""data_split_seed"": 43, ""group_max_train_samples"": [null, null, 20, 25], ""true_hetero_input_dim"": true, ""feature_mask"": [[0, 1, 2, 3, 5, 6, 7, 8, 9, 10], [0, 1, 2, 3, 5, 6, 11, 12], [0, 1, 2, 4, 5, 7, 11, 12], [0, 1, 2, 4, 5, 6, 8, 9, 10]], ""batch_size"": 64, ""num_workers"": 0, ""epochs"": 150, ""early_stopping_patience"": 40, ""lr"": 0.001, ""weight_decay"": 0.0001, ""optimizer"": ""adam"", ""grad_clip"": 1.0, ""lr_scheduler"": ""cosine"", ""lr_min"": 1e-05, ""latent_dim"": 64, ""head_hidden"": 32, ""groups"": [{""name"": ""cleveland"", ""encoder"": ""mlp_tabular_ln"", ""input_dim"": 10, ""hidden_dim"": 64, ""dropout"": 0.1}, {""name"": ""hungarian"", ""encoder"": ""mlp_tabular_ln"", ""input_dim"": 8, ""hidden_dim"": 64, ""dropout"": 0.1}, {""name"": ""switzerland"", ""encoder"": ""mlp_tabular_ln"", ""input_dim"": 8, ""hidden_dim"": 64, ""dropout"": 0.1}, {""name"": ""va_long_beach"", ""encoder"": ""mlp_tabular_ln"", ""input_dim"": 9, ""hidden_dim"": 64, ""dropout"": 0.1}], ""anchor_eps"": 0.0001, ""sep_samples_per_class"": 4, ""sep_method"": ""classifier"", ""sep_margin"": 1.0, ""lambda_fit"": 0.1, ""lambda_sep"": 0.1, ""groupdro_enabled"": false, ""groupdro_eta"": 2.0, ""groupdro_gamma"": 0.9, ""groupdro_update_mode"": ""softmax"", ""groupdro_objective"": ""weighted"", ""groupdro_kl_lambda"": 0.0, ""groupdro_uniform_init"": true, ""log_interval"": 20, ""save_every"": 10, ""common_encoder"": false}","{""num_groups"": 4, ""num_classes"": 2, ""train_total"": 495, ""test_total"": 150, ""train_group_counts"": [242, 208, 20, 25], ""test_group_counts"": [61, 53, 10, 26], ""train_class_counts"": [266, 229], ""test_class_counts"": [73, 77], ""train_group_class_counts"": [[131, 111], [130, 78], [0, 20], [5, 20]], ""test_group_class_counts"": [[33, 28], [33, 20], [1, 9], [6, 20]], ""group_proportions"": [0.4888888888888889, 0.4202020202020202, 0.04040404040404041, 0.050505050505050504]}",,2026-09-07T00:58:05.051752,10,0.7692985300025249,0.8054298677595493,0.001,0.76,0.7885573056698946,0.6981132075471698,0.9,"[0.7868852459016393, 0.6981132075471698, 0.9, 0.7692307692307693]","[0.5273285068449427, 0.6026104997913793, 0.3481579959392548, 0.5176943586422846]","[0.7671232876712328, 0.7532467532467533]","[[0.8181818181818182, 0.75], [0.8181818181818182, 0.5], [0.0, 1.0], [0.3333333333333333, 0.9]]","[61, 53, 10, 26]",,,
"{""run_name"": ""fedheart_ablation_pergroup_noanchor"", ""seed"": 31337, ""run_dir"": ""runs/ablation_fedheart_fedheart/pergroup_erm_anchor_s31337"", ""use_fedheart"": true, ""num_classes"": 2, ""stratified_batching"": true, ""train_frac"": 0.8, ""data_split_seed"": 43, ""group_max_train_samples"": [null, null, 20, 25], ""true_hetero_input_dim"": true, ""feature_mask"": [[0, 1, 2, 3, 5, 6, 7, 8, 9, 10], [0, 1, 2, 3, 5, 6, 11, 12], [0, 1, 2, 4, 5, 7, 11, 12], [0, 1, 2, 4, 5, 6, 8, 9, 10]], ""batch_size"": 64, ""num_workers"": 0, ""epochs"": 150, ""early_stopping_patience"": 40, ""lr"": 0.001, ""weight_decay"": 0.0001, ""optimizer"": ""adam"", ""grad_clip"": 1.0, ""lr_scheduler"": ""cosine"", ""lr_min"": 1e-05, ""latent_dim"": 64, ""head_hidden"": 32, ""groups"": [{""name"": ""cleveland"", ""encoder"": ""mlp_tabular_ln"", ""input_dim"": 10, ""hidden_dim"": 64, ""dropout"": 0.1}, {""name"": ""hungarian"", ""encoder"": ""mlp_tabular_ln"", ""input_dim"": 8, ""hidden_dim"": 64, ""dropout"": 0.1}, {""name"": ""switzerland"", ""encoder"": ""mlp_tabular_ln"", ""input_dim"": 8, ""hidden_dim"": 64, ""dropout"": 0.1}, {""name"": ""va_long_beach"", ""encoder"": ""mlp_tabular_ln"", ""input_dim"": 9, ""hidden_dim"": 64, ""dropout"": 0.1}], ""anchor_eps"": 0.0001, ""sep_samples_per_class"": 4, ""sep_method"": ""classifier"", ""sep_margin"": 1.0, ""lambda_fit"": 0.1, ""lambda_sep"": 0.1, ""groupdro_enabled"": false, ""groupdro_eta"": 2.0, ""groupdro_gamma"": 0.9, ""groupdro_update_mode"": ""softmax"", ""groupdro_objective"": ""weighted"", ""groupdro_kl_lambda"": 0.0, ""groupdro_uniform_init"": true, ""log_interval"": 20, ""save_every"": 10, ""common_encoder"": false}","{""num_groups"": 4, ""num_classes"": 2, ""train_total"": 495, ""test_total"": 150, ""train_group_counts"": [242, 208, 20, 25], ""test_group_counts"": [61, 53, 10, 26], ""train_class_counts"": [266, 229], ""test_class_counts"": [73, 77], ""train_group_class_counts"": [[131, 111], [130, 78], [0, 20], [5, 20]], ""test_group_class_counts"": [[33, 28], [33, 20], [1, 9], [6, 20]], ""group_proportions"": [0.4888888888888889, 0.4202020202020202, 0.04040404040404041, 0.050505050505050504]}",,2026-09-07T00:58:05.051752,11,0.6940266344342296,0.8325791865991791,0.001,0.7533333333333333,0.7844589450141569,0.6981132075471698,0.9,"[0.7704918032786885, 0.6981132075471698, 0.9, 0.7692307692307693]","[0.5145639121288159, 0.6100649932083094, 0.33572507947683333, 0.5054641016400777]","[0.7534246575342466, 0.7532467532467533]","[[0.7878787878787878, 0.75], [0.8181818181818182, 0.5], [0.0, 1.0], [0.3333333333333333, 0.9]]","[61, 53, 10, 26]",,,
"{""run_name"": ""fedheart_ablation_pergroup_noanchor"", ""seed"": 31337, ""run_dir"": ""runs/ablation_fedheart_fedheart/pergroup_erm_anchor_s31337"", ""use_fedheart"": true, ""num_classes"": 2, ""stratified_batching"": true, ""train_frac"": 0.8, ""data_split_seed"": 43, ""group_max_train_samples"": [null, null, 20, 25], ""true_hetero_input_dim"": true, ""feature_mask"": [[0, 1, 2, 3, 5, 6, 7, 8, 9, 10], [0, 1, 2, 3, 5, 6, 11, 12], [0, 1, 2, 4, 5, 7, 11, 12], [0, 1, 2, 4, 5, 6, 8, 9, 10]], ""batch_size"": 64, ""num_workers"": 0, ""epochs"": 150, ""early_stopping_patience"": 40, ""lr"": 0.001, ""weight_decay"": 0.0001, ""optimizer"": ""adam"", ""grad_clip"": 1.0, ""lr_scheduler"": ""cosine"", ""lr_min"": 1e-05, ""latent_dim"": 64, ""head_hidden"": 32, ""groups"": [{""name"": ""cleveland"", ""encoder"": ""mlp_tabular_ln"", ""input_dim"": 10, ""hidden_dim"": 64, ""dropout"": 0.1}, {""name"": ""hungarian"", ""encoder"": ""mlp_tabular_ln"", ""input_dim"": 8, ""hidden_dim"": 64, ""dropout"": 0.1}, {""name"": ""switzerland"", ""encoder"": ""mlp_tabular_ln"", ""input_dim"": 8, ""hidden_dim"": 64, ""dropout"": 0.1}, {""name"": ""va_long_beach"", ""encoder"": ""mlp_tabular_ln"", ""input_dim"": 9, ""hidden_dim"": 64, ""dropout"": 0.1}], ""anchor_eps"": 0.0001, ""sep_samples_per_class"": 4, ""sep_method"": ""classifier"", ""sep_margin"": 1.0, ""lambda_fit"": 0.1, ""lambda_sep"": 0.1, ""groupdro_enabled"": false, ""groupdro_eta"": 2.0, ""groupdro_gamma"": 0.9, ""groupdro_update_mode"": ""softmax"", ""groupdro_objective"": ""weighted"", ""groupdro_kl_lambda"": 0.0, ""groupdro_uniform_init"": true, ""log_interval"": 20, ""save_every"": 10, ""common_encoder"": false}","{""num_groups"": 4, ""num_classes"": 2, ""train_total"": 495, ""test_total"": 150, ""train_group_counts"": [242, 208, 20, 25], ""test_group_counts"": [61, 53, 10, 26], ""train_class_counts"": [266, 229], ""test_class_counts"": [73, 77], ""train_group_class_counts"": [[131, 111], [130, 78], [0, 20], [5, 20]], ""test_group_class_counts"": [[33, 28], [33, 20], [1, 9], [6, 20]], ""group_proportions"": [0.4888888888888889, 0.4202020202020202, 0.04040404040404041, 0.050505050505050504]}",,2026-09-07T00:58:05.051752,12,0.6619828259783094,0.8348416303077973,0.001,0.7533333333333333,0.7844589450141569,0.6981132075471698,0.9,"[0.7704918032786885, 0.6981132075471698, 0.9, 0.7692307692307693]","[0.5090984660582464, 0.6161412577021796, 0.3362171798944473, 0.5021526618645742]","[0.7671232876712328, 0.7402597402597403]","[[0.8181818181818182, 0.7142857142857143], [0.8181818181818182, 0.5], [0.0, 1.0], [0.3333333333333333, 0.9]]","[61, 53, 10, 26]",,,
"{""run_name"": ""fedheart_ablation_pergroup_noanchor"", ""seed"": 31337, ""run_dir"": ""runs/ablation_fedheart_fedheart/pergroup_erm_anchor_s31337"", ""use_fedheart"": true, ""num_classes"": 2, ""stratified_batching"": true, ""train_frac"": 0.8, ""data_split_seed"": 43, ""group_max_train_samples"": [null, null, 20, 25], ""true_hetero_input_dim"": true, ""feature_mask"": [[0, 1, 2, 3, 5, 6, 7, 8, 9, 10], [0, 1, 2, 3, 5, 6, 11, 12], [0, 1, 2, 4, 5, 7, 11, 12], [0, 1, 2, 4, 5, 6, 8, 9, 10]], ""batch_size"": 64, ""num_workers"": 0, ""epochs"": 150, ""early_stopping_patience"": 40, ""lr"": 0.001, ""weight_decay"": 0.0001, ""optimizer"": ""adam"", ""grad_clip"": 1.0, ""lr_scheduler"": ""cosine"", ""lr_min"": 1e-05, ""latent_dim"": 64, ""head_hidden"": 32, ""groups"": [{""name"": ""cleveland"", ""encoder"": ""mlp_tabular_ln"", ""input_dim"": 10, ""hidden_dim"": 64, ""dropout"": 0.1}, {""name"": ""hungarian"", ""encoder"": ""mlp_tabular_ln"", ""input_dim"": 8, ""hidden_dim"": 64, ""dropout"": 0.1}, {""name"": ""switzerland"", ""encoder"": ""mlp_tabular_ln"", ""input_dim"": 8, ""hidden_dim"": 64, ""dropout"": 0.1}, {""name"": ""va_long_beach"", ""encoder"": ""mlp_tabular_ln"", ""input_dim"": 9, ""hidden_dim"": 64, ""dropout"": 0.1}], ""anchor_eps"": 0.0001, ""sep_samples_per_class"": 4, ""sep_method"": ""classifier"", ""sep_margin"": 1.0, ""lambda_fit"": 0.1, ""lambda_sep"": 0.1, ""groupdro_enabled"": false, ""groupdro_eta"": 2.0, ""groupdro_gamma"": 0.9, ""groupdro_update_mode"": ""softmax"", ""groupdro_objective"": ""weighted"", ""groupdro_kl_lambda"": 0.0, ""groupdro_uniform_init"": true, ""log_interval"": 20, ""save_every"": 10, ""common_encoder"": false}","{""num_groups"": 4, ""num_classes"": 2, ""train_total"": 495, ""test_total"": 150, ""train_group_counts"": [242, 208, 20, 25], ""test_group_counts"": [61, 53, 10, 26], ""train_class_counts"": [266, 229], ""test_class_counts"": [73, 77], ""train_group_class_counts"": [[131, 111], [130, 78], [0, 20], [5, 20]], ""test_group_class_counts"": [[33, 28], [33, 20], [1, 9], [6, 20]], ""group_proportions"": [0.4888888888888889, 0.4202020202020202, 0.04040404040404041, 0.050505050505050504]}",,2026-09-07T00:58:05.051752,13,0.6319699166047626,0.8348416294986846,0.001,0.74,0.7762622237026815,0.6981132075471698,0.9,"[0.7377049180327869, 0.6981132075471698, 0.9, 0.7692307692307693]","[0.5195134470208747, 0.633963832596563, 0.3353553473949432, 0.5000475994669474]","[0.7808219178082192, 0.7012987012987013]","[[0.8484848484848485, 0.6071428571428571], [0.8181818181818182, 0.5], [0.0, 1.0], [0.3333333333333333, 0.9]]","[61, 53, 10, 26]",,,
"{""run_name"": ""fedheart_ablation_pergroup_noanchor"", ""seed"": 31337, ""run_dir"": ""runs/ablation_fedheart_fedheart/pergroup_erm_anchor_s31337"", ""use_fedheart"": true, ""num_classes"": 2, ""stratified_batching"": true, ""train_frac"": 0.8, ""data_split_seed"": 43, ""group_max_train_samples"": [null, null, 20, 25], ""true_hetero_input_dim"": true, ""feature_mask"": [[0, 1, 2, 3, 5, 6, 7, 8, 9, 10], [0, 1, 2, 3, 5, 6, 11, 12], [0, 1, 2, 4, 5, 7, 11, 12], [0, 1, 2, 4, 5, 6, 8, 9, 10]], ""batch_size"": 64, ""num_workers"": 0, ""epochs"": 150, ""early_stopping_patience"": 40, ""lr"": 0.001, ""weight_decay"": 0.0001, ""optimizer"": ""adam"", ""grad_clip"": 1.0, ""lr_scheduler"": ""cosine"", ""lr_min"": 1e-05, ""latent_dim"": 64, ""head_hidden"": 32, ""groups"": [{""name"": ""cleveland"", ""encoder"": ""mlp_tabular_ln"", ""input_dim"": 10, ""hidden_dim"": 64, ""dropout"": 0.1}, {""name"": ""hungarian"", ""encoder"": ""mlp_tabular_ln"", ""input_dim"": 8, ""hidden_dim"": 64, ""dropout"": 0.1}, {""name"": ""switzerland"", ""encoder"": ""mlp_tabular_ln"", ""input_dim"": 8, ""hidden_dim"": 64, ""dropout"": 0.1}, {""name"": ""va_long_beach"", ""encoder"": ""mlp_tabular_ln"", ""input_dim"": 9, ""hidden_dim"": 64, ""dropout"": 0.1}], ""anchor_eps"": 0.0001, ""sep_samples_per_class"": 4, ""sep_method"": ""classifier"", ""sep_margin"": 1.0, ""lambda_fit"": 0.1, ""lambda_sep"": 0.1, ""groupdro_enabled"": false, ""groupdro_eta"": 2.0, ""groupdro_gamma"": 0.9, ""groupdro_update_mode"": ""softmax"", ""groupdro_objective"": ""weighted"", ""groupdro_kl_lambda"": 0.0, ""groupdro_uniform_init"": true, ""log_interval"": 20, ""save_every"": 10, ""common_encoder"": false}","{""num_groups"": 4, ""num_classes"": 2, ""train_total"": 495, ""test_total"": 150, ""train_group_counts"": [242, 208, 20, 25], ""test_group_counts"": [61, 53, 10, 26], ""train_class_counts"": [266, 229], ""test_class_counts"": [73, 77], ""train_group_class_counts"": [[131, 111], [130, 78], [0, 20], [5, 20]], ""test_group_class_counts"": [[33, 28], [33, 20], [1, 9], [6, 20]], ""group_proportions"": [0.4888888888888889, 0.4202020202020202, 0.04040404040404041, 0.050505050505050504]}",,2026-09-07T00:58:05.051752,14,0.5867127905603987,0.8144796388181625,0.001,0.74,0.7762622237026815,0.6981132075471698,0.9,"[0.7377049180327869, 0.6981132075471698, 0.9, 0.7692307692307693]","[0.5173011331773195, 0.6300145113524401, 0.33356889598071576, 0.515915794011492]","[0.7671232876712328, 0.7142857142857143]","[[0.8181818181818182, 0.6428571428571429], [0.8181818181818182, 0.5], [0.0, 1.0], [0.3333333333333333, 0.9]]","[61, 53, 10, 26]",,,
"{""run_name"": ""fedheart_ablation_pergroup_noanchor"", ""seed"": 31337, ""run_dir"": ""runs/ablation_fedheart_fedheart/pergroup_erm_anchor_s31337"", ""use_fedheart"": true, ""num_classes"": 2, ""stratified_batching"": true, ""train_frac"": 0.8, ""data_split_seed"": 43, ""group_max_train_samples"": [null, null, 20, 25], ""true_hetero_input_dim"": true, ""feature_mask"": [[0, 1, 2, 3, 5, 6, 7, 8, 9, 10], [0, 1, 2, 3, 5, 6, 11, 12], [0, 1, 2, 4, 5, 7, 11, 12], [0, 1, 2, 4, 5, 6, 8, 9, 10]], ""batch_size"": 64, ""num_workers"": 0, ""epochs"": 150, ""early_stopping_patience"": 40, ""lr"": 0.001, ""weight_decay"": 0.0001, ""optimizer"": ""adam"", ""grad_clip"": 1.0, ""lr_scheduler"": ""cosine"", ""lr_min"": 1e-05, ""latent_dim"": 64, ""head_hidden"": 32, ""groups"": [{""name"": ""cleveland"", ""encoder"": ""mlp_tabular_ln"", ""input_dim"": 10, ""hidden_dim"": 64, ""dropout"": 0.1}, {""name"": ""hungarian"", ""encoder"": ""mlp_tabular_ln"", ""input_dim"": 8, ""hidden_dim"": 64, ""dropout"": 0.1}, {""name"": ""switzerland"", ""encoder"": ""mlp_tabular_ln"", ""input_dim"": 8, ""hidden_dim"": 64, ""dropout"": 0.1}, {""name"": ""va_long_beach"", ""encoder"": ""mlp_tabular_ln"", ""input_dim"": 9, ""hidden_dim"": 64, ""dropout"": 0.1}], ""anchor_eps"": 0.0001, ""sep_samples_per_class"": 4, ""sep_method"": ""classifier"", ""sep_margin"": 1.0, ""lambda_fit"": 0.1, ""lambda_sep"": 0.1, ""groupdro_enabled"": false, ""groupdro_eta"": 2.0, ""groupdro_gamma"": 0.9, ""groupdro_update_mode"": ""softmax"", ""groupdro_objective"": ""weighted"", ""groupdro_kl_lambda"": 0.0, ""groupdro_uniform_init"": true, ""log_interval"": 20, ""save_every"": 10, ""common_encoder"": false}","{""num_groups"": 4, ""num_classes"": 2, ""train_total"": 495, ""test_total"": 150, ""train_group_counts"": [242, 208, 20, 25], ""test_group_counts"": [61, 53, 10, 26], ""train_class_counts"": [266, 229], ""test_class_counts"": [73, 77], ""train_group_class_counts"": [[131, 111], [130, 78], [0, 20], [5, 20]], ""test_group_class_counts"": [[33, 28], [33, 20], [1, 9], [6, 20]], ""group_proportions"": [0.4888888888888889, 0.4202020202020202, 0.04040404040404041, 0.050505050505050504]}",,2026-09-07T00:58:05.051752,15,0.5625364602421203,0.8348416273410504,0.001,0.7466666666666667,0.7803605843584192,0.6981132075471698,0.9,"[0.7540983606557377, 0.6981132075471698, 0.9, 0.7692307692307693]","[0.5144511648743856, 0.6401215570996392, 0.3383609015494585, 0.5252446073752183]","[0.7671232876712328, 0.7272727272727273]","[[0.8181818181818182, 0.6785714285714286], [0.8181818181818182, 0.5], [0.0, 1.0], [0.3333333333333333, 0.9]]","[61, 53, 10, 26]",,,
"{""run_name"": ""fedheart_ablation_pergroup_noanchor"", ""seed"": 31337, ""run_dir"": ""runs/ablation_fedheart_fedheart/pergroup_erm_anchor_s31337"", ""use_fedheart"": true, ""num_classes"": 2, ""stratified_batching"": true, ""train_frac"": 0.8, ""data_split_seed"": 43, ""group_max_train_samples"": [null, null, 20, 25], ""true_hetero_input_dim"": true, ""feature_mask"": [[0, 1, 2, 3, 5, 6, 7, 8, 9, 10], [0, 1, 2, 3, 5, 6, 11, 12], [0, 1, 2, 4, 5, 7, 11, 12], [0, 1, 2, 4, 5, 6, 8, 9, 10]], ""batch_size"": 64, ""num_workers"": 0, ""epochs"": 150, ""early_stopping_patience"": 40, ""lr"": 0.001, ""weight_decay"": 0.0001, ""optimizer"": ""adam"", ""grad_clip"": 1.0, ""lr_scheduler"": ""cosine"", ""lr_min"": 1e-05, ""latent_dim"": 64, ""head_hidden"": 32, ""groups"": [{""name"": ""cleveland"", ""encoder"": ""mlp_tabular_ln"", ""input_dim"": 10, ""hidden_dim"": 64, ""dropout"": 0.1}, {""name"": ""hungarian"", ""encoder"": ""mlp_tabular_ln"", ""input_dim"": 8, ""hidden_dim"": 64, ""dropout"": 0.1}, {""name"": ""switzerland"", ""encoder"": ""mlp_tabular_ln"", ""input_dim"": 8, ""hidden_dim"": 64, ""dropout"": 0.1}, {""name"": ""va_long_beach"", ""encoder"": ""mlp_tabular_ln"", ""input_dim"": 9, ""hidden_dim"": 64, ""dropout"": 0.1}], ""anchor_eps"": 0.0001, ""sep_samples_per_class"": 4, ""sep_method"": ""classifier"", ""sep_margin"": 1.0, ""lambda_fit"": 0.1, ""lambda_sep"": 0.1, ""groupdro_enabled"": false, ""groupdro_eta"": 2.0, ""groupdro_gamma"": 0.9, ""groupdro_update_mode"": ""softmax"", ""groupdro_objective"": ""weighted"", ""groupdro_kl_lambda"": 0.0, ""groupdro_uniform_init"": true, ""log_interval"": 20, ""save_every"": 10, ""common_encoder"": false}","{""num_groups"": 4, ""num_classes"": 2, ""train_total"": 495, ""test_total"": 150, ""train_group_counts"": [242, 208, 20, 25], ""test_group_counts"": [61, 53, 10, 26], ""train_class_counts"": [266, 229], ""test_class_counts"": [73, 77], ""train_group_class_counts"": [[131, 111], [130, 78], [0, 20], [5, 20]], ""test_group_class_counts"": [[33, 28], [33, 20], [1, 9], [6, 20]], ""group_proportions"": [0.4888888888888889, 0.4202020202020202, 0.04040404040404041, 0.050505050505050504]}",,2026-09-07T00:58:05.051752,16,0.533244783792021,0.8461538472326633,0.001,0.7333333333333333,0.7721638630469438,0.6981132075471698,0.9,"[0.7213114754098361, 0.6981132075471698, 0.9, 0.7692307692307693]","[0.530997566939866, 0.6671062265083475, 0.3596761554479599, 0.5508381612598896]","[0.7671232876712328, 0.7012987012987013]","[[0.8181818181818182, 0.6071428571428571], [0.8181818181818182, 0.5], [0.0, 1.0], [0.3333333333333333, 0.9]]","[61, 53, 10, 26]",,,
"{""run_name"": ""fedheart_ablation_pergroup_noanchor"", ""seed"": 31337, ""run_dir"": ""runs/ablation_fedheart_fedheart/pergroup_erm_anchor_s31337"", ""use_fedheart"": true, ""num_classes"": 2, ""stratified_batching"": true, ""train_frac"": 0.8, ""data_split_seed"": 43, ""group_max_train_samples"": [null, null, 20, 25], ""true_hetero_input_dim"": true, ""feature_mask"": [[0, 1, 2, 3, 5, 6, 7, 8, 9, 10], [0, 1, 2, 3, 5, 6, 11, 12], [0, 1, 2, 4, 5, 7, 11, 12], [0, 1, 2, 4, 5, 6, 8, 9, 10]], ""batch_size"": 64, ""num_workers"": 0, ""epochs"": 150, ""early_stopping_patience"": 40, ""lr"": 0.001, ""weight_decay"": 0.0001, ""optimizer"": ""adam"", ""grad_clip"": 1.0, ""lr_scheduler"": ""cosine"", ""lr_min"": 1e-05, ""latent_dim"": 64, ""head_hidden"": 32, ""groups"": [{""name"": ""cleveland"", ""encoder"": ""mlp_tabular_ln"", ""input_dim"": 10, ""hidden_dim"": 64, ""dropout"": 0.1}, {""name"": ""hungarian"", ""encoder"": ""mlp_tabular_ln"", ""input_dim"": 8, ""hidden_dim"": 64, ""dropout"": 0.1}, {""name"": ""switzerland"", ""encoder"": ""mlp_tabular_ln"", ""input_dim"": 8, ""hidden_dim"": 64, ""dropout"": 0.1}, {""name"": ""va_long_beach"", ""encoder"": ""mlp_tabular_ln"", ""input_dim"": 9, ""hidden_dim"": 64, ""dropout"": 0.1}], ""anchor_eps"": 0.0001, ""sep_samples_per_class"": 4, ""sep_method"": ""classifier"", ""sep_margin"": 1.0, ""lambda_fit"": 0.1, ""lambda_sep"": 0.1, ""groupdro_enabled"": false, ""groupdro_eta"": 2.0, ""groupdro_gamma"": 0.9, ""groupdro_update_mode"": ""softmax"", ""groupdro_objective"": ""weighted"", ""groupdro_kl_lambda"": 0.0, ""groupdro_uniform_init"": true, ""log_interval"": 20, ""save_every"": 10, ""common_encoder"": false}","{""num_groups"": 4, ""num_classes"": 2, ""train_total"": 495, ""test_total"": 150, ""train_group_counts"": [242, 208, 20, 25], ""test_group_counts"": [61, 53, 10, 26], ""train_class_counts"": [266, 229], ""test_class_counts"": [73, 77], ""train_group_class_counts"": [[131, 111], [130, 78], [0, 20], [5, 20]], ""test_group_class_counts"": [[33, 28], [33, 20], [1, 9], [6, 20]], ""group_proportions"": [0.4888888888888889, 0.4202020202020202, 0.04040404040404041, 0.050505050505050504]}",,2026-09-07T00:58:05.051752,17,0.49944280175601735,0.8552036204489109,0.001,0.7533333333333333,0.7838403245378192,0.6792452830188679,0.9,"[0.7868852459016393, 0.6792452830188679, 0.9, 0.7692307692307693]","[0.528085296393418, 0.6946116886892408, 0.3788228346034884, 0.5737279392062471]","[0.7397260273972602, 0.7662337662337663]","[[0.8181818181818182, 0.75], [0.7575757575757576, 0.55], [0.0, 1.0], [0.3333333333333333, 0.9]]","[61, 53, 10, 26]",,,
"{""run_name"": ""fedheart_ablation_pergroup_noanchor"", ""seed"": 31337, ""run_dir"": ""runs/ablation_fedheart_fedheart/pergroup_erm_anchor_s31337"", ""use_fedheart"": true, ""num_classes"": 2, ""stratified_batching"": true, ""train_frac"": 0.8, ""data_split_seed"": 43, ""group_max_train_samples"": [null, null, 20, 25], ""true_hetero_input_dim"": true, ""feature_mask"": [[0, 1, 2, 3, 5, 6, 7, 8, 9, 10], [0, 1, 2, 3, 5, 6, 11, 12], [0, 1, 2, 4, 5, 7, 11, 12], [0, 1, 2, 4, 5, 6, 8, 9, 10]], ""batch_size"": 64, ""num_workers"": 0, ""epochs"": 150, ""early_stopping_patience"": 40, ""lr"": 0.001, ""weight_decay"": 0.0001, ""optimizer"": ""adam"", ""grad_clip"": 1.0, ""lr_scheduler"": ""cosine"", ""lr_min"": 1e-05, ""latent_dim"": 64, ""head_hidden"": 32, ""groups"": [{""name"": ""cleveland"", ""encoder"": ""mlp_tabular_ln"", ""input_dim"": 10, ""hidden_dim"": 64, ""dropout"": 0.1}, {""name"": ""hungarian"", ""encoder"": ""mlp_tabular_ln"", ""input_dim"": 8, ""hidden_dim"": 64, ""dropout"": 0.1}, {""name"": ""switzerland"", ""encoder"": ""mlp_tabular_ln"", ""input_dim"": 8, ""hidden_dim"": 64, ""dropout"": 0.1}, {""name"": ""va_long_beach"", ""encoder"": ""mlp_tabular_ln"", ""input_dim"": 9, ""hidden_dim"": 64, ""dropout"": 0.1}], ""anchor_eps"": 0.0001, ""sep_samples_per_class"": 4, ""sep_method"": ""classifier"", ""sep_margin"": 1.0, ""lambda_fit"": 0.1, ""lambda_sep"": 0.1, ""groupdro_enabled"": false, ""groupdro_eta"": 2.0, ""groupdro_gamma"": 0.9, ""groupdro_update_mode"": ""softmax"", ""groupdro_objective"": ""weighted"", ""groupdro_kl_lambda"": 0.0, ""groupdro_uniform_init"": true, ""log_interval"": 20, ""save_every"": 10, ""common_encoder"": false}","{""num_groups"": 4, ""num_classes"": 2, ""train_total"": 495, ""test_total"": 150, ""train_group_counts"": [242, 208, 20, 25], ""test_group_counts"": [61, 53, 10, 26], ""train_class_counts"": [266, 229], ""test_class_counts"": [73, 77], ""train_group_class_counts"": [[131, 111], [130, 78], [0, 20], [5, 20]], ""test_group_class_counts"": [[33, 28], [33, 20], [1, 9], [6, 20]], ""group_proportions"": [0.4888888888888889, 0.4202020202020202, 0.04040404040404041, 0.050505050505050504]}",,2026-09-07T00:58:05.051752,18,0.4755602474935454,0.8348416294986846,0.001,0.7533333333333333,0.7844589450141569,0.6981132075471698,0.9,"[0.7704918032786885, 0.6981132075471698, 0.9, 0.7692307692307693]","[0.5410899847868036, 0.6935949403581754, 0.373472748324275, 0.5759571752725885]","[0.7671232876712328, 0.7402597402597403]","[[0.8181818181818182, 0.7142857142857143], [0.8181818181818182, 0.5], [0.0, 1.0], [0.3333333333333333, 0.9]]","[61, 53, 10, 26]",,,
"{""run_name"": ""fedheart_ablation_pergroup_noanchor"", ""seed"": 31337, ""run_dir"": ""runs/ablation_fedheart_fedheart/pergroup_erm_anchor_s31337"", ""use_fedheart"": true, ""num_classes"": 2, ""stratified_batching"": true, ""train_frac"": 0.8, ""data_split_seed"": 43, ""group_max_train_samples"": [null, null, 20, 25], ""true_hetero_input_dim"": true, ""feature_mask"": [[0, 1, 2, 3, 5, 6, 7, 8, 9, 10], [0, 1, 2, 3, 5, 6, 11, 12], [0, 1, 2, 4, 5, 7, 11, 12], [0, 1, 2, 4, 5, 6, 8, 9, 10]], ""batch_size"": 64, ""num_workers"": 0, ""epochs"": 150, ""early_stopping_patience"": 40, ""lr"": 0.001, ""weight_decay"": 0.0001, ""optimizer"": ""adam"", ""grad_clip"": 1.0, ""lr_scheduler"": ""cosine"", ""lr_min"": 1e-05, ""latent_dim"": 64, ""head_hidden"": 32, ""groups"": [{""name"": ""cleveland"", ""encoder"": ""mlp_tabular_ln"", ""input_dim"": 10, ""hidden_dim"": 64, ""dropout"": 0.1}, {""name"": ""hungarian"", ""encoder"": ""mlp_tabular_ln"", ""input_dim"": 8, ""hidden_dim"": 64, ""dropout"": 0.1}, {""name"": ""switzerland"", ""encoder"": ""mlp_tabular_ln"", ""input_dim"": 8, ""hidden_dim"": 64, ""dropout"": 0.1}, {""name"": ""va_long_beach"", ""encoder"": ""mlp_tabular_ln"", ""input_dim"": 9, ""hidden_dim"": 64, ""dropout"": 0.1}], ""anchor_eps"": 0.0001, ""sep_samples_per_class"": 4, ""sep_method"": ""classifier"", ""sep_margin"": 1.0, ""lambda_fit"": 0.1, ""lambda_sep"": 0.1, ""groupdro_enabled"": false, ""groupdro_eta"": 2.0, ""groupdro_gamma"": 0.9, ""groupdro_update_mode"": ""softmax"", ""groupdro_objective"": ""weighted"", ""groupdro_kl_lambda"": 0.0, ""groupdro_uniform_init"": true, ""log_interval"": 20, ""save_every"": 10, ""common_encoder"": false}","{""num_groups"": 4, ""num_classes"": 2, ""train_total"": 495, ""test_total"": 150, ""train_group_counts"": [242, 208, 20, 25], ""test_group_counts"": [61, 53, 10, 26], ""train_class_counts"": [266, 229], ""test_class_counts"": [73, 77], ""train_group_class_counts"": [[131, 111], [130, 78], [0, 20], [5, 20]], ""test_group_class_counts"": [[33, 28], [33, 20], [1, 9], [6, 20]], ""group_proportions"": [0.4888888888888889, 0.4202020202020202, 0.04040404040404041, 0.050505050505050504]}",,2026-09-07T00:58:05.051752,19,0.4512402729481054,0.8597285048994003,0.001,0.7133333333333334,0.7592501606033929,0.6792452830188679,0.9,"[0.6885245901639344, 0.6792452830188679, 0.9, 0.7692307692307693]","[0.5865856941453502, 0.7047271410811622, 0.3762584764510393, 0.5576513528537291]","[0.7534246575342466, 0.6753246753246753]","[[0.8181818181818182, 0.5357142857142857], [0.7878787878787878, 0.5], [0.0, 1.0], [0.3333333333333333, 0.9]]","[61, 53, 10, 26]",,,
"{""run_name"": ""fedheart_ablation_pergroup_noanchor"", ""seed"": 31337, ""run_dir"": ""runs/ablation_fedheart_fedheart/pergroup_erm_anchor_s31337"", ""use_fedheart"": true, ""num_classes"": 2, ""stratified_batching"": true, ""train_frac"": 0.8, ""data_split_seed"": 43, ""group_max_train_samples"": [null, null, 20, 25], ""true_hetero_input_dim"": true, ""feature_mask"": [[0, 1, 2, 3, 5, 6, 7, 8, 9, 10], [0, 1, 2, 3, 5, 6, 11, 12], [0, 1, 2, 4, 5, 7, 11, 12], [0, 1, 2, 4, 5, 6, 8, 9, 10]], ""batch_size"": 64, ""num_workers"": 0, ""epochs"": 150, ""early_stopping_patience"": 40, ""lr"": 0.001, ""weight_decay"": 0.0001, ""optimizer"": ""adam"", ""grad_clip"": 1.0, ""lr_scheduler"": ""cosine"", ""lr_min"": 1e-05, ""latent_dim"": 64, ""head_hidden"": 32, ""groups"": [{""name"": ""cleveland"", ""encoder"": ""mlp_tabular_ln"", ""input_dim"": 10, ""hidden_dim"": 64, ""dropout"": 0.1}, {""name"": ""hungarian"", ""encoder"": ""mlp_tabular_ln"", ""input_dim"": 8, ""hidden_dim"": 64, ""dropout"": 0.1}, {""name"": ""switzerland"", ""encoder"": ""mlp_tabular_ln"", ""input_dim"": 8, ""hidden_dim"": 64, ""dropout"": 0.1}, {""name"": ""va_long_beach"", ""encoder"": ""mlp_tabular_ln"", ""input_dim"": 9, ""hidden_dim"": 64, ""dropout"": 0.1}], ""anchor_eps"": 0.0001, ""sep_samples_per_class"": 4, ""sep_method"": ""classifier"", ""sep_margin"": 1.0, ""lambda_fit"": 0.1, ""lambda_sep"": 0.1, ""groupdro_enabled"": false, ""groupdro_eta"": 2.0, ""groupdro_gamma"": 0.9, ""groupdro_update_mode"": ""softmax"", ""groupdro_objective"": ""weighted"", ""groupdro_kl_lambda"": 0.0, ""groupdro_uniform_init"": true, ""log_interval"": 20, ""save_every"": 10, ""common_encoder"": false}","{""num_groups"": 4, ""num_classes"": 2, ""train_total"": 495, ""test_total"": 150, ""train_group_counts"": [242, 208, 20, 25], ""test_group_counts"": [61, 53, 10, 26], ""train_class_counts"": [266, 229], ""test_class_counts"": [73, 77], ""train_group_class_counts"": [[131, 111], [130, 78], [0, 20], [5, 20]], ""test_group_class_counts"": [[33, 28], [33, 20], [1, 9], [6, 20]], ""group_proportions"": [0.4888888888888889, 0.4202020202020202, 0.04040404040404041, 0.050505050505050504]}",,2026-09-07T00:58:05.051752,20,0.4649092582016509,0.8529411799767438,0.001,0.7533333333333333,0.7838403245378192,0.6792452830188679,0.9,"[0.7868852459016393, 0.6792452830188679, 0.9, 0.7692307692307693]","[0.5689566517401425, 0.7056724625938343, 0.38009578846395015, 0.5610684242386085]","[0.726027397260274, 0.7792207792207793]","[[0.7575757575757576, 0.8214285714285714], [0.7878787878787878, 0.5], [0.0, 1.0], [0.3333333333333333, 0.9]]","[61, 53, 10, 26]",,,
"{""run_name"": ""fedheart_ablation_pergroup_noanchor"", ""seed"": 31337, ""run_dir"": ""runs/ablation_fedheart_fedheart/pergroup_erm_anchor_s31337"", ""use_fedheart"": true, ""num_classes"": 2, ""stratified_batching"": true, ""train_frac"": 0.8, ""data_split_seed"": 43, ""group_max_train_samples"": [null, null, 20, 25], ""true_hetero_input_dim"": true, ""feature_mask"": [[0, 1, 2, 3, 5, 6, 7, 8, 9, 10], [0, 1, 2, 3, 5, 6, 11, 12], [0, 1, 2, 4, 5, 7, 11, 12], [0, 1, 2, 4, 5, 6, 8, 9, 10]], ""batch_size"": 64, ""num_workers"": 0, ""epochs"": 150, ""early_stopping_patience"": 40, ""lr"": 0.001, ""weight_decay"": 0.0001, ""optimizer"": ""adam"", ""grad_clip"": 1.0, ""lr_scheduler"": ""cosine"", ""lr_min"": 1e-05, ""latent_dim"": 64, ""head_hidden"": 32, ""groups"": [{""name"": ""cleveland"", ""encoder"": ""mlp_tabular_ln"", ""input_dim"": 10, ""hidden_dim"": 64, ""dropout"": 0.1}, {""name"": ""hungarian"", ""encoder"": ""mlp_tabular_ln"", ""input_dim"": 8, ""hidden_dim"": 64, ""dropout"": 0.1}, {""name"": ""switzerland"", ""encoder"": ""mlp_tabular_ln"", ""input_dim"": 8, ""hidden_dim"": 64, ""dropout"": 0.1}, {""name"": ""va_long_beach"", ""encoder"": ""mlp_tabular_ln"", ""input_dim"": 9, ""hidden_dim"": 64, ""dropout"": 0.1}], ""anchor_eps"": 0.0001, ""sep_samples_per_class"": 4, ""sep_method"": ""classifier"", ""sep_margin"": 1.0, ""lambda_fit"": 0.1, ""lambda_sep"": 0.1, ""groupdro_enabled"": false, ""groupdro_eta"": 2.0, ""groupdro_gamma"": 0.9, ""groupdro_update_mode"": ""softmax"", ""groupdro_objective"": ""weighted"", ""groupdro_kl_lambda"": 0.0, ""groupdro_uniform_init"": true, ""log_interval"": 20, ""save_every"": 10, ""common_encoder"": false}","{""num_groups"": 4, ""num_classes"": 2, ""train_total"": 495, ""test_total"": 150, ""train_group_counts"": [242, 208, 20, 25], ""test_group_counts"": [61, 53, 10, 26], ""train_class_counts"": [266, 229], ""test_class_counts"": [73, 77], ""train_group_class_counts"": [[131, 111], [130, 78], [0, 20], [5, 20]], ""test_group_class_counts"": [[33, 28], [33, 20], [1, 9], [6, 20]], ""group_proportions"": [0.4888888888888889, 0.4202020202020202, 0.04040404040404041, 0.050505050505050504]}",,2026-09-07T00:58:05.051752,21,0.4481522954696983,0.8393665190735554,0.001,0.7133333333333334,0.7592501606033929,0.6792452830188679,0.9,"[0.6885245901639344, 0.6792452830188679, 0.9, 0.7692307692307693]","[0.5885404392191377, 0.7015786079584427, 0.38147015441209076, 0.6036019481431979]","[0.7534246575342466, 0.6753246753246753]","[[0.8181818181818182, 0.5357142857142857], [0.7878787878787878, 0.5], [0.0, 1.0], [0.3333333333333333, 0.9]]","[61, 53, 10, 26]",,,
"{""run_name"": ""fedheart_ablation_pergroup_noanchor"", ""seed"": 31337, ""run_dir"": ""runs/ablation_fedheart_fedheart/pergroup_erm_anchor_s31337"", ""use_fedheart"": true, ""num_classes"": 2, ""stratified_batching"": true, ""train_frac"": 0.8, ""data_split_seed"": 43, ""group_max_train_samples"": [null, null, 20, 25], ""true_hetero_input_dim"": true, ""feature_mask"": [[0, 1, 2, 3, 5, 6, 7, 8, 9, 10], [0, 1, 2, 3, 5, 6, 11, 12], [0, 1, 2, 4, 5, 7, 11, 12], [0, 1, 2, 4, 5, 6, 8, 9, 10]], ""batch_size"": 64, ""num_workers"": 0, ""epochs"": 150, ""early_stopping_patience"": 40, ""lr"": 0.001, ""weight_decay"": 0.0001, ""optimizer"": ""adam"", ""grad_clip"": 1.0, ""lr_scheduler"": ""cosine"", ""lr_min"": 1e-05, ""latent_dim"": 64, ""head_hidden"": 32, ""groups"": [{""name"": ""cleveland"", ""encoder"": ""mlp_tabular_ln"", ""input_dim"": 10, ""hidden_dim"": 64, ""dropout"": 0.1}, {""name"": ""hungarian"", ""encoder"": ""mlp_tabular_ln"", ""input_dim"": 8, ""hidden_dim"": 64, ""dropout"": 0.1}, {""name"": ""switzerland"", ""encoder"": ""mlp_tabular_ln"", ""input_dim"": 8, ""hidden_dim"": 64, ""dropout"": 0.1}, {""name"": ""va_long_beach"", ""encoder"": ""mlp_tabular_ln"", ""input_dim"": 9, ""hidden_dim"": 64, ""dropout"": 0.1}], ""anchor_eps"": 0.0001, ""sep_samples_per_class"": 4, ""sep_method"": ""classifier"", ""sep_margin"": 1.0, ""lambda_fit"": 0.1, ""lambda_sep"": 0.1, ""groupdro_enabled"": false, ""groupdro_eta"": 2.0, ""groupdro_gamma"": 0.9, ""groupdro_update_mode"": ""softmax"", ""groupdro_objective"": ""weighted"", ""groupdro_kl_lambda"": 0.0, ""groupdro_uniform_init"": true, ""log_interval"": 20, ""save_every"": 10, ""common_encoder"": false}","{""num_groups"": 4, ""num_classes"": 2, ""train_total"": 495, ""test_total"": 150, ""train_group_counts"": [242, 208, 20, 25], ""test_group_counts"": [61, 53, 10, 26], ""train_class_counts"": [266, 229], ""test_class_counts"": [73, 77], ""train_group_class_counts"": [[131, 111], [130, 78], [0, 20], [5, 20]], ""test_group_class_counts"": [[33, 28], [33, 20], [1, 9], [6, 20]], ""group_proportions"": [0.4888888888888889, 0.4202020202020202, 0.04040404040404041, 0.050505050505050504]}",,2026-09-07T00:58:05.051752,22,0.3987995098888604,0.8687782837794378,0.001,0.7466666666666667,0.7797419638820814,0.6792452830188679,0.9,"[0.7704918032786885, 0.6792452830188679, 0.9, 0.7692307692307693]","[0.564724062584707, 0.7007291132127339, 0.38072337172925474, 0.6272518654138997]","[0.726027397260274, 0.7662337662337663]","[[0.7575757575757576, 0.7857142857142857], [0.7878787878787878, 0.5], [0.0, 1.0], [0.3333333333333333, 0.9]]","[61, 53, 10, 26]",,,
"{""run_name"": ""fedheart_ablation_pergroup_noanchor"", ""seed"": 31337, ""run_dir"": ""runs/ablation_fedheart_fedheart/pergroup_erm_anchor_s31337"", ""use_fedheart"": true, ""num_classes"": 2, ""stratified_batching"": true, ""train_frac"": 0.8, ""data_split_seed"": 43, ""group_max_train_samples"": [null, null, 20, 25], ""true_hetero_input_dim"": true, ""feature_mask"": [[0, 1, 2, 3, 5, 6, 7, 8, 9, 10], [0, 1, 2, 3, 5, 6, 11, 12], [0, 1, 2, 4, 5, 7, 11, 12], [0, 1, 2, 4, 5, 6, 8, 9, 10]], ""batch_size"": 64, ""num_workers"": 0, ""epochs"": 150, ""early_stopping_patience"": 40, ""lr"": 0.001, ""weight_decay"": 0.0001, ""optimizer"": ""adam"", ""grad_clip"": 1.0, ""lr_scheduler"": ""cosine"", ""lr_min"": 1e-05, ""latent_dim"": 64, ""head_hidden"": 32, ""groups"": [{""name"": ""cleveland"", ""encoder"": ""mlp_tabular_ln"", ""input_dim"": 10, ""hidden_dim"": 64, ""dropout"": 0.1}, {""name"": ""hungarian"", ""encoder"": ""mlp_tabular_ln"", ""input_dim"": 8, ""hidden_dim"": 64, ""dropout"": 0.1}, {""name"": ""switzerland"", ""encoder"": ""mlp_tabular_ln"", ""input_dim"": 8, ""hidden_dim"": 64, ""dropout"": 0.1}, {""name"": ""va_long_beach"", ""encoder"": ""mlp_tabular_ln"", ""input_dim"": 9, ""hidden_dim"": 64, ""dropout"": 0.1}], ""anchor_eps"": 0.0001, ""sep_samples_per_class"": 4, ""sep_method"": ""classifier"", ""sep_margin"": 1.0, ""lambda_fit"": 0.1, ""lambda_sep"": 0.1, ""groupdro_enabled"": false, ""groupdro_eta"": 2.0, ""groupdro_gamma"": 0.9, ""groupdro_update_mode"": ""softmax"", ""groupdro_objective"": ""weighted"", ""groupdro_kl_lambda"": 0.0, ""groupdro_uniform_init"": true, ""log_interval"": 20, ""save_every"": 10, ""common_encoder"": false}","{""num_groups"": 4, ""num_classes"": 2, ""train_total"": 495, ""test_total"": 150, ""train_group_counts"": [242, 208, 20, 25], ""test_group_counts"": [61, 53, 10, 26], ""train_class_counts"": [266, 229], ""test_class_counts"": [73, 77], ""train_group_class_counts"": [[131, 111], [130, 78], [0, 20], [5, 20]], ""test_group_class_counts"": [[33, 28], [33, 20], [1, 9], [6, 20]], ""group_proportions"": [0.4888888888888889, 0.4202020202020202, 0.04040404040404041, 0.050505050505050504]}",,2026-09-07T00:58:05.051752,23,0.4100890437402337,0.8665158403405236,0.001,0.7466666666666667,0.7852589878417283,0.6792452830188679,0.9,"[0.7540983606557377, 0.6792452830188679, 0.9, 0.8076923076923077]","[0.5931656900029935, 0.7058006237559723, 0.389074632152915, 0.6355902208731725]","[0.7671232876712328, 0.7272727272727273]","[[0.8181818181818182, 0.6785714285714286], [0.7878787878787878, 0.5], [0.0, 1.0], [0.5, 0.9]]","[61, 53, 10, 26]",,,
"{""run_name"": ""fedheart_ablation_pergroup_noanchor"", ""seed"": 31337, ""run_dir"": ""runs/ablation_fedheart_fedheart/pergroup_erm_anchor_s31337"", ""use_fedheart"": true, ""num_classes"": 2, ""stratified_batching"": true, ""train_frac"": 0.8, ""data_split_seed"": 43, ""group_max_train_samples"": [null, null, 20, 25], ""true_hetero_input_dim"": true, ""feature_mask"": [[0, 1, 2, 3, 5, 6, 7, 8, 9, 10], [0, 1, 2, 3, 5, 6, 11, 12], [0, 1, 2, 4, 5, 7, 11, 12], [0, 1, 2, 4, 5, 6, 8, 9, 10]], ""batch_size"": 64, ""num_workers"": 0, ""epochs"": 150, ""early_stopping_patience"": 40, ""lr"": 0.001, ""weight_decay"": 0.0001, ""optimizer"": ""adam"", ""grad_clip"": 1.0, ""lr_scheduler"": ""cosine"", ""lr_min"": 1e-05, ""latent_dim"": 64, ""head_hidden"": 32, ""groups"": [{""name"": ""cleveland"", ""encoder"": ""mlp_tabular_ln"", ""input_dim"": 10, ""hidden_dim"": 64, ""dropout"": 0.1}, {""name"": ""hungarian"", ""encoder"": ""mlp_tabular_ln"", ""input_dim"": 8, ""hidden_dim"": 64, ""dropout"": 0.1}, {""name"": ""switzerland"", ""encoder"": ""mlp_tabular_ln"", ""input_dim"": 8, ""hidden_dim"": 64, ""dropout"": 0.1}, {""name"": ""va_long_beach"", ""encoder"": ""mlp_tabular_ln"", ""input_dim"": 9, ""hidden_dim"": 64, ""dropout"": 0.1}], ""anchor_eps"": 0.0001, ""sep_samples_per_class"": 4, ""sep_method"": ""classifier"", ""sep_margin"": 1.0, ""lambda_fit"": 0.1, ""lambda_sep"": 0.1, ""groupdro_enabled"": false, ""groupdro_eta"": 2.0, ""groupdro_gamma"": 0.9, ""groupdro_update_mode"": ""softmax"", ""groupdro_objective"": ""weighted"", ""groupdro_kl_lambda"": 0.0, ""groupdro_uniform_init"": true, ""log_interval"": 20, ""save_every"": 10, ""common_encoder"": false}","{""num_groups"": 4, ""num_classes"": 2, ""train_total"": 495, ""test_total"": 150, ""train_group_counts"": [242, 208, 20, 25], ""test_group_counts"": [61, 53, 10, 26], ""train_class_counts"": [266, 229], ""test_class_counts"": [73, 77], ""train_group_class_counts"": [[131, 111], [130, 78], [0, 20], [5, 20]], ""test_group_class_counts"": [[33, 28], [33, 20], [1, 9], [6, 20]], ""group_proportions"": [0.4888888888888889, 0.4202020202020202, 0.04040404040404041, 0.050505050505050504]}",,2026-09-07T00:58:05.051752,24,0.3874467100223265,0.8529411794373353,0.001,0.74,0.7756436032263437,0.6792452830188679,0.9,"[0.7540983606557377, 0.6792452830188679, 0.9, 0.7692307692307693]","[0.595639392290814, 0.7194329894516828, 0.4100749665871263, 0.6393820645574194]","[0.7397260273972602, 0.7402597402597403]","[[0.7878787878787878, 0.7142857142857143], [0.7878787878787878, 0.5], [0.0, 1.0], [0.3333333333333333, 0.9]]","[61, 53, 10, 26]",,,
"{""run_name"": ""fedheart_ablation_pergroup_noanchor"", ""seed"": 31337, ""run_dir"": ""runs/ablation_fedheart_fedheart/pergroup_erm_anchor_s31337"", ""use_fedheart"": true, ""num_classes"": 2, ""stratified_batching"": true, ""train_frac"": 0.8, ""data_split_seed"": 43, ""group_max_train_samples"": [null, null, 20, 25], ""true_hetero_input_dim"": true, ""feature_mask"": [[0, 1, 2, 3, 5, 6, 7, 8, 9, 10], [0, 1, 2, 3, 5, 6, 11, 12], [0, 1, 2, 4, 5, 7, 11, 12], [0, 1, 2, 4, 5, 6, 8, 9, 10]], ""batch_size"": 64, ""num_workers"": 0, ""epochs"": 150, ""early_stopping_patience"": 40, ""lr"": 0.001, ""weight_decay"": 0.0001, ""optimizer"": ""adam"", ""grad_clip"": 1.0, ""lr_scheduler"": ""cosine"", ""lr_min"": 1e-05, ""latent_dim"": 64, ""head_hidden"": 32, ""groups"": [{""name"": ""cleveland"", ""encoder"": ""mlp_tabular_ln"", ""input_dim"": 10, ""hidden_dim"": 64, ""dropout"": 0.1}, {""name"": ""hungarian"", ""encoder"": ""mlp_tabular_ln"", ""input_dim"": 8, ""hidden_dim"": 64, ""dropout"": 0.1}, {""name"": ""switzerland"", ""encoder"": ""mlp_tabular_ln"", ""input_dim"": 8, ""hidden_dim"": 64, ""dropout"": 0.1}, {""name"": ""va_long_beach"", ""encoder"": ""mlp_tabular_ln"", ""input_dim"": 9, ""hidden_dim"": 64, ""dropout"": 0.1}], ""anchor_eps"": 0.0001, ""sep_samples_per_class"": 4, ""sep_method"": ""classifier"", ""sep_margin"": 1.0, ""lambda_fit"": 0.1, ""lambda_sep"": 0.1, ""groupdro_enabled"": false, ""groupdro_eta"": 2.0, ""groupdro_gamma"": 0.9, ""groupdro_update_mode"": ""softmax"", ""groupdro_objective"": ""weighted"", ""groupdro_kl_lambda"": 0.0, ""groupdro_uniform_init"": true, ""log_interval"": 20, ""save_every"": 10, ""common_encoder"": false}","{""num_groups"": 4, ""num_classes"": 2, ""train_total"": 495, ""test_total"": 150, ""train_group_counts"": [242, 208, 20, 25], ""test_group_counts"": [61, 53, 10, 26], ""train_class_counts"": [266, 229], ""test_class_counts"": [73, 77], ""train_group_class_counts"": [[131, 111], [130, 78], [0, 20], [5, 20]], ""test_group_class_counts"": [[33, 28], [33, 20], [1, 9], [6, 20]], ""group_proportions"": [0.4888888888888889, 0.4202020202020202, 0.04040404040404041, 0.050505050505050504]}",,2026-09-07T00:58:05.051752,25,0.4142511346760918,0.8371040756346414,0.001,0.7266666666666667,0.7674468819148683,0.6792452830188679,0.9,"[0.7213114754098361, 0.6792452830188679, 0.9, 0.7692307692307693]","[0.5940638540892816, 0.7302011560016083, 0.42057898454368114, 0.7107025783222455]","[0.7397260273972602, 0.7142857142857143]","[[0.7878787878787878, 0.6428571428571429], [0.7878787878787878, 0.5], [0.0, 1.0], [0.3333333333333333, 0.9]]","[61, 53, 10, 26]",,,
"{""run_name"": ""fedheart_ablation_pergroup_noanchor"", ""seed"": 31337, ""run_dir"": ""runs/ablation_fedheart_fedheart/pergroup_erm_anchor_s31337"", ""use_fedheart"": true, ""num_classes"": 2, ""stratified_batching"": true, ""train_frac"": 0.8, ""data_split_seed"": 43, ""group_max_train_samples"": [null, null, 20, 25], ""true_hetero_input_dim"": true, ""feature_mask"": [[0, 1, 2, 3, 5, 6, 7, 8, 9, 10], [0, 1, 2, 3, 5, 6, 11, 12], [0, 1, 2, 4, 5, 7, 11, 12], [0, 1, 2, 4, 5, 6, 8, 9, 10]], ""batch_size"": 64, ""num_workers"": 0, ""epochs"": 150, ""early_stopping_patience"": 40, ""lr"": 0.001, ""weight_decay"": 0.0001, ""optimizer"": ""adam"", ""grad_clip"": 1.0, ""lr_scheduler"": ""cosine"", ""lr_min"": 1e-05, ""latent_dim"": 64, ""head_hidden"": 32, ""groups"": [{""name"": ""cleveland"", ""encoder"": ""mlp_tabular_ln"", ""input_dim"": 10, ""hidden_dim"": 64, ""dropout"": 0.1}, {""name"": ""hungarian"", ""encoder"": ""mlp_tabular_ln"", ""input_dim"": 8, ""hidden_dim"": 64, ""dropout"": 0.1}, {""name"": ""switzerland"", ""encoder"": ""mlp_tabular_ln"", ""input_dim"": 8, ""hidden_dim"": 64, ""dropout"": 0.1}, {""name"": ""va_long_beach"", ""encoder"": ""mlp_tabular_ln"", ""input_dim"": 9, ""hidden_dim"": 64, ""dropout"": 0.1}], ""anchor_eps"": 0.0001, ""sep_samples_per_class"": 4, ""sep_method"": ""classifier"", ""sep_margin"": 1.0, ""lambda_fit"": 0.1, ""lambda_sep"": 0.1, ""groupdro_enabled"": false, ""groupdro_eta"": 2.0, ""groupdro_gamma"": 0.9, ""groupdro_update_mode"": ""softmax"", ""groupdro_objective"": ""weighted"", ""groupdro_kl_lambda"": 0.0, ""groupdro_uniform_init"": true, ""log_interval"": 20, ""save_every"": 10, ""common_encoder"": false}","{""num_groups"": 4, ""num_classes"": 2, ""train_total"": 495, ""test_total"": 150, ""train_group_counts"": [242, 208, 20, 25], ""test_group_counts"": [61, 53, 10, 26], ""train_class_counts"": [266, 229], ""test_class_counts"": [73, 77], ""train_group_class_counts"": [[131, 111], [130, 78], [0, 20], [5, 20]], ""test_group_class_counts"": [[33, 28], [33, 20], [1, 9], [6, 20]], ""group_proportions"": [0.4888888888888889, 0.4202020202020202, 0.04040404040404041, 0.050505050505050504]}",,2026-09-07T00:58:05.051752,26,0.3754339673939873,0.8642533969016096,0.001,0.74,0.7756436032263437,0.6792452830188679,0.9,"[0.7540983606557377, 0.6792452830188679, 0.9, 0.7692307692307693]","[0.6093599737820322, 0.7486030430585708, 0.41817956129088996, 0.7413386893458664]","[0.7534246575342466, 0.7272727272727273]","[[0.8181818181818182, 0.6785714285714286], [0.7878787878787878, 0.5], [0.0, 1.0], [0.3333333333333333, 0.9]]","[61, 53, 10, 26]",,,
"{""run_name"": ""fedheart_ablation_pergroup_noanchor"", ""seed"": 31337, ""run_dir"": ""runs/ablation_fedheart_fedheart/pergroup_erm_anchor_s31337"", ""use_fedheart"": true, ""num_classes"": 2, ""stratified_batching"": true, ""train_frac"": 0.8, ""data_split_seed"": 43, ""group_max_train_samples"": [null, null, 20, 25], ""true_hetero_input_dim"": true, ""feature_mask"": [[0, 1, 2, 3, 5, 6, 7, 8, 9, 10], [0, 1, 2, 3, 5, 6, 11, 12], [0, 1, 2, 4, 5, 7, 11, 12], [0, 1, 2, 4, 5, 6, 8, 9, 10]], ""batch_size"": 64, ""num_workers"": 0, ""epochs"": 150, ""early_stopping_patience"": 40, ""lr"": 0.001, ""weight_decay"": 0.0001, ""optimizer"": ""adam"", ""grad_clip"": 1.0, ""lr_scheduler"": ""cosine"", ""lr_min"": 1e-05, ""latent_dim"": 64, ""head_hidden"": 32, ""groups"": [{""name"": ""cleveland"", ""encoder"": ""mlp_tabular_ln"", ""input_dim"": 10, ""hidden_dim"": 64, ""dropout"": 0.1}, {""name"": ""hungarian"", ""encoder"": ""mlp_tabular_ln"", ""input_dim"": 8, ""hidden_dim"": 64, ""dropout"": 0.1}, {""name"": ""switzerland"", ""encoder"": ""mlp_tabular_ln"", ""input_dim"": 8, ""hidden_dim"": 64, ""dropout"": 0.1}, {""name"": ""va_long_beach"", ""encoder"": ""mlp_tabular_ln"", ""input_dim"": 9, ""hidden_dim"": 64, ""dropout"": 0.1}], ""anchor_eps"": 0.0001, ""sep_samples_per_class"": 4, ""sep_method"": ""classifier"", ""sep_margin"": 1.0, ""lambda_fit"": 0.1, ""lambda_sep"": 0.1, ""groupdro_enabled"": false, ""groupdro_eta"": 2.0, ""groupdro_gamma"": 0.9, ""groupdro_update_mode"": ""softmax"", ""groupdro_objective"": ""weighted"", ""groupdro_kl_lambda"": 0.0, ""groupdro_uniform_init"": true, ""log_interval"": 20, ""save_every"": 10, ""common_encoder"": false}","{""num_groups"": 4, ""num_classes"": 2, ""train_total"": 495, ""test_total"": 150, ""train_group_counts"": [242, 208, 20, 25], ""test_group_counts"": [61, 53, 10, 26], ""train_class_counts"": [266, 229], ""test_class_counts"": [73, 77], ""train_group_class_counts"": [[131, 111], [130, 78], [0, 20], [5, 20]], ""test_group_class_counts"": [[33, 28], [33, 20], [1, 9], [6, 20]], ""group_proportions"": [0.4888888888888889, 0.4202020202020202, 0.04040404040404041, 0.050505050505050504]}",,2026-09-07T00:58:05.051752,27,0.38471474286118246,0.8484162906715773,0.001,0.7466666666666667,0.7803605843584192,0.6981132075471698,0.9,"[0.7540983606557377, 0.6981132075471698, 0.9, 0.7692307692307693]","[0.6012324200576691, 0.7407782112933555, 0.4125464642420411, 0.7249332566100818]","[0.7534246575342466, 0.7402597402597403]","[[0.7878787878787878, 0.7142857142857143], [0.8181818181818182, 0.5], [0.0, 1.0], [0.3333333333333333, 0.9]]","[61, 53, 10, 26]",,,
"{""run_name"": ""fedheart_ablation_pergroup_noanchor"", ""seed"": 31337, ""run_dir"": ""runs/ablation_fedheart_fedheart/pergroup_erm_anchor_s31337"", ""use_fedheart"": true, ""num_classes"": 2, ""stratified_batching"": true, ""train_frac"": 0.8, ""data_split_seed"": 43, ""group_max_train_samples"": [null, null, 20, 25], ""true_hetero_input_dim"": true, ""feature_mask"": [[0, 1, 2, 3, 5, 6, 7, 8, 9, 10], [0, 1, 2, 3, 5, 6, 11, 12], [0, 1, 2, 4, 5, 7, 11, 12], [0, 1, 2, 4, 5, 6, 8, 9, 10]], ""batch_size"": 64, ""num_workers"": 0, ""epochs"": 150, ""early_stopping_patience"": 40, ""lr"": 0.001, ""weight_decay"": 0.0001, ""optimizer"": ""adam"", ""grad_clip"": 1.0, ""lr_scheduler"": ""cosine"", ""lr_min"": 1e-05, ""latent_dim"": 64, ""head_hidden"": 32, ""groups"": [{""name"": ""cleveland"", ""encoder"": ""mlp_tabular_ln"", ""input_dim"": 10, ""hidden_dim"": 64, ""dropout"": 0.1}, {""name"": ""hungarian"", ""encoder"": ""mlp_tabular_ln"", ""input_dim"": 8, ""hidden_dim"": 64, ""dropout"": 0.1}, {""name"": ""switzerland"", ""encoder"": ""mlp_tabular_ln"", ""input_dim"": 8, ""hidden_dim"": 64, ""dropout"": 0.1}, {""name"": ""va_long_beach"", ""encoder"": ""mlp_tabular_ln"", ""input_dim"": 9, ""hidden_dim"": 64, ""dropout"": 0.1}], ""anchor_eps"": 0.0001, ""sep_samples_per_class"": 4, ""sep_method"": ""classifier"", ""sep_margin"": 1.0, ""lambda_fit"": 0.1, ""lambda_sep"": 0.1, ""groupdro_enabled"": false, ""groupdro_eta"": 2.0, ""groupdro_gamma"": 0.9, ""groupdro_update_mode"": ""softmax"", ""groupdro_objective"": ""weighted"", ""groupdro_kl_lambda"": 0.0, ""groupdro_uniform_init"": true, ""log_interval"": 20, ""save_every"": 10, ""common_encoder"": false}","{""num_groups"": 4, ""num_classes"": 2, ""train_total"": 495, ""test_total"": 150, ""train_group_counts"": [242, 208, 20, 25], ""test_group_counts"": [61, 53, 10, 26], ""train_class_counts"": [266, 229], ""test_class_counts"": [73, 77], ""train_group_class_counts"": [[131, 111], [130, 78], [0, 20], [5, 20]], ""test_group_class_counts"": [[33, 28], [33, 20], [1, 9], [6, 20]], ""group_proportions"": [0.4888888888888889, 0.4202020202020202, 0.04040404040404041, 0.050505050505050504]}",,2026-09-07T00:58:05.051752,28,0.3744079639199632,0.8506787311437443,0.001,0.72,0.7639671417354683,0.6885245901639344,0.9,"[0.6885245901639344, 0.6981132075471698, 0.9, 0.7692307692307693]","[0.6368977510996285, 0.7132407185744565, 0.41982561256736517, 0.6613091728650033]","[0.7534246575342466, 0.6883116883116883]","[[0.7878787878787878, 0.5714285714285714], [0.8181818181818182, 0.5], [0.0, 1.0], [0.3333333333333333, 0.9]]","[61, 53, 10, 26]",,,
"{""run_name"": ""fedheart_ablation_pergroup_noanchor"", ""seed"": 31337, ""run_dir"": ""runs/ablation_fedheart_fedheart/pergroup_erm_anchor_s31337"", ""use_fedheart"": true, ""num_classes"": 2, ""stratified_batching"": true, ""train_frac"": 0.8, ""data_split_seed"": 43, ""group_max_train_samples"": [null, null, 20, 25], ""true_hetero_input_dim"": true, ""feature_mask"": [[0, 1, 2, 3, 5, 6, 7, 8, 9, 10], [0, 1, 2, 3, 5, 6, 11, 12], [0, 1, 2, 4, 5, 7, 11, 12], [0, 1, 2, 4, 5, 6, 8, 9, 10]], ""batch_size"": 64, ""num_workers"": 0, ""epochs"": 150, ""early_stopping_patience"": 40, ""lr"": 0.001, ""weight_decay"": 0.0001, ""optimizer"": ""adam"", ""grad_clip"": 1.0, ""lr_scheduler"": ""cosine"", ""lr_min"": 1e-05, ""latent_dim"": 64, ""head_hidden"": 32, ""groups"": [{""name"": ""cleveland"", ""encoder"": ""mlp_tabular_ln"", ""input_dim"": 10, ""hidden_dim"": 64, ""dropout"": 0.1}, {""name"": ""hungarian"", ""encoder"": ""mlp_tabular_ln"", ""input_dim"": 8, ""hidden_dim"": 64, ""dropout"": 0.1}, {""name"": ""switzerland"", ""encoder"": ""mlp_tabular_ln"", ""input_dim"": 8, ""hidden_dim"": 64, ""dropout"": 0.1}, {""name"": ""va_long_beach"", ""encoder"": ""mlp_tabular_ln"", ""input_dim"": 9, ""hidden_dim"": 64, ""dropout"": 0.1}], ""anchor_eps"": 0.0001, ""sep_samples_per_class"": 4, ""sep_method"": ""classifier"", ""sep_margin"": 1.0, ""lambda_fit"": 0.1, ""lambda_sep"": 0.1, ""groupdro_enabled"": false, ""groupdro_eta"": 2.0, ""groupdro_gamma"": 0.9, ""groupdro_update_mode"": ""softmax"", ""groupdro_objective"": ""weighted"", ""groupdro_kl_lambda"": 0.0, ""groupdro_uniform_init"": true, ""log_interval"": 20, ""save_every"": 10, ""common_encoder"": false}","{""num_groups"": 4, ""num_classes"": 2, ""train_total"": 495, ""test_total"": 150, ""train_group_counts"": [242, 208, 20, 25], ""test_group_counts"": [61, 53, 10, 26], ""train_class_counts"": [266, 229], ""test_class_counts"": [73, 77], ""train_group_class_counts"": [[131, 111], [130, 78], [0, 20], [5, 20]], ""test_group_class_counts"": [[33, 28], [33, 20], [1, 9], [6, 20]], ""group_proportions"": [0.4888888888888889, 0.4202020202020202, 0.04040404040404041, 0.050505050505050504]}",,2026-09-07T00:58:05.051752,29,0.3618786417251259,0.871040727488056,0.001,0.7266666666666667,0.7674468819148683,0.6792452830188679,0.9,"[0.7213114754098361, 0.6792452830188679, 0.9, 0.7692307692307693]","[0.6185730136472916, 0.7454264897079963, 0.42587042078375814, 0.6593337560502383]","[0.7123287671232876, 0.7402597402597403]","[[0.7575757575757576, 0.6785714285714286], [0.7575757575757576, 0.55], [0.0, 1.0], [0.3333333333333333, 0.9]]","[61, 53, 10, 26]",,,
"{""run_name"": ""fedheart_ablation_pergroup_noanchor"", ""seed"": 31337, ""run_dir"": ""runs/ablation_fedheart_fedheart/pergroup_erm_anchor_s31337"", ""use_fedheart"": true, ""num_classes"": 2, ""stratified_batching"": true, ""train_frac"": 0.8, ""data_split_seed"": 43, ""group_max_train_samples"": [null, null, 20, 25], ""true_hetero_input_dim"": true, ""feature_mask"": [[0, 1, 2, 3, 5, 6, 7, 8, 9, 10], [0, 1, 2, 3, 5, 6, 11, 12], [0, 1, 2, 4, 5, 7, 11, 12], [0, 1, 2, 4, 5, 6, 8, 9, 10]], ""batch_size"": 64, ""num_workers"": 0, ""epochs"": 150, ""early_stopping_patience"": 40, ""lr"": 0.001, ""weight_decay"": 0.0001, ""optimizer"": ""adam"", ""grad_clip"": 1.0, ""lr_scheduler"": ""cosine"", ""lr_min"": 1e-05, ""latent_dim"": 64, ""head_hidden"": 32, ""groups"": [{""name"": ""cleveland"", ""encoder"": ""mlp_tabular_ln"", ""input_dim"": 10, ""hidden_dim"": 64, ""dropout"": 0.1}, {""name"": ""hungarian"", ""encoder"": ""mlp_tabular_ln"", ""input_dim"": 8, ""hidden_dim"": 64, ""dropout"": 0.1}, {""name"": ""switzerland"", ""encoder"": ""mlp_tabular_ln"", ""input_dim"": 8, ""hidden_dim"": 64, ""dropout"": 0.1}, {""name"": ""va_long_beach"", ""encoder"": ""mlp_tabular_ln"", ""input_dim"": 9, ""hidden_dim"": 64, ""dropout"": 0.1}], ""anchor_eps"": 0.0001, ""sep_samples_per_class"": 4, ""sep_method"": ""classifier"", ""sep_margin"": 1.0, ""lambda_fit"": 0.1, ""lambda_sep"": 0.1, ""groupdro_enabled"": false, ""groupdro_eta"": 2.0, ""groupdro_gamma"": 0.9, ""groupdro_update_mode"": ""softmax"", ""groupdro_objective"": ""weighted"", ""groupdro_kl_lambda"": 0.0, ""groupdro_uniform_init"": true, ""log_interval"": 20, ""save_every"": 10, ""common_encoder"": false}","{""num_groups"": 4, ""num_classes"": 2, ""train_total"": 495, ""test_total"": 150, ""train_group_counts"": [242, 208, 20, 25], ""test_group_counts"": [61, 53, 10, 26], ""train_class_counts"": [266, 229], ""test_class_counts"": [73, 77], ""train_group_class_counts"": [[131, 111], [130, 78], [0, 20], [5, 20]], ""test_group_class_counts"": [[33, 28], [33, 20], [1, 9], [6, 20]], ""group_proportions"": [0.4888888888888889, 0.4202020202020202, 0.04040404040404041, 0.050505050505050504]}",,2026-09-07T00:58:05.051752,30,0.3445208620162032,0.8710407272183518,0.001,0.7133333333333334,0.7598687810797307,0.6721311475409836,0.9,"[0.6721311475409836, 0.6981132075471698, 0.9, 0.7692307692307693]","[0.6419683765375712, 0.7525423713871893, 0.4190071299672127, 0.7043784355314878]","[0.7397260273972602, 0.6883116883116883]","[[0.7575757575757576, 0.5714285714285714], [0.8181818181818182, 0.5], [0.0, 1.0], [0.3333333333333333, 0.9]]","[61, 53, 10, 26]",,,
"{""run_name"": ""fedheart_ablation_pergroup_noanchor"", ""seed"": 31337, ""run_dir"": ""runs/ablation_fedheart_fedheart/pergroup_erm_anchor_s31337"", ""use_fedheart"": true, ""num_classes"": 2, ""stratified_batching"": true, ""train_frac"": 0.8, ""data_split_seed"": 43, ""group_max_train_samples"": [null, null, 20, 25], ""true_hetero_input_dim"": true, ""feature_mask"": [[0, 1, 2, 3, 5, 6, 7, 8, 9, 10], [0, 1, 2, 3, 5, 6, 11, 12], [0, 1, 2, 4, 5, 7, 11, 12], [0, 1, 2, 4, 5, 6, 8, 9, 10]], ""batch_size"": 64, ""num_workers"": 0, ""epochs"": 150, ""early_stopping_patience"": 40, ""lr"": 0.001, ""weight_decay"": 0.0001, ""optimizer"": ""adam"", ""grad_clip"": 1.0, ""lr_scheduler"": ""cosine"", ""lr_min"": 1e-05, ""latent_dim"": 64, ""head_hidden"": 32, ""groups"": [{""name"": ""cleveland"", ""encoder"": ""mlp_tabular_ln"", ""input_dim"": 10, ""hidden_dim"": 64, ""dropout"": 0.1}, {""name"": ""hungarian"", ""encoder"": ""mlp_tabular_ln"", ""input_dim"": 8, ""hidden_dim"": 64, ""dropout"": 0.1}, {""name"": ""switzerland"", ""encoder"": ""mlp_tabular_ln"", ""input_dim"": 8, ""hidden_dim"": 64, ""dropout"": 0.1}, {""name"": ""va_long_beach"", ""encoder"": ""mlp_tabular_ln"", ""input_dim"": 9, ""hidden_dim"": 64, ""dropout"": 0.1}], ""anchor_eps"": 0.0001, ""sep_samples_per_class"": 4, ""sep_method"": ""classifier"", ""sep_margin"": 1.0, ""lambda_fit"": 0.1, ""lambda_sep"": 0.1, ""groupdro_enabled"": false, ""groupdro_eta"": 2.0, ""groupdro_gamma"": 0.9, ""groupdro_update_mode"": ""softmax"", ""groupdro_objective"": ""weighted"", ""groupdro_kl_lambda"": 0.0, ""groupdro_uniform_init"": true, ""log_interval"": 20, ""save_every"": 10, ""common_encoder"": false}","{""num_groups"": 4, ""num_classes"": 2, ""train_total"": 495, ""test_total"": 150, ""train_group_counts"": [242, 208, 20, 25], ""test_group_counts"": [61, 53, 10, 26], ""train_class_counts"": [266, 229], ""test_class_counts"": [73, 77], ""train_group_class_counts"": [[131, 111], [130, 78], [0, 20], [5, 20]], ""test_group_class_counts"": [[33, 28], [33, 20], [1, 9], [6, 20]], ""group_proportions"": [0.4888888888888889, 0.4202020202020202, 0.04040404040404041, 0.050505050505050504]}",,2026-09-07T00:58:05.051752,31,0.3246514613811786,0.877828054838051,0.001,0.72,0.7627299007827928,0.660377358490566,0.9,"[0.7213114754098361, 0.660377358490566, 0.9, 0.7692307692307693]","[0.6510608687722048, 0.7753066764265861, 0.41847497718408705, 0.7541987867667698]","[0.6986301369863014, 0.7402597402597403]","[[0.7575757575757576, 0.6785714285714286], [0.7272727272727273, 0.55], [0.0, 1.0], [0.3333333333333333, 0.9]]","[61, 53, 10, 26]",,,
"{""run_name"": ""fedheart_ablation_pergroup_noanchor"", ""seed"": 31337, ""run_dir"": ""runs/ablation_fedheart_fedheart/pergroup_erm_anchor_s31337"", ""use_fedheart"": true, ""num_classes"": 2, ""stratified_batching"": true, ""train_frac"": 0.8, ""data_split_seed"": 43, ""group_max_train_samples"": [null, null, 20, 25], ""true_hetero_input_dim"": true, ""feature_mask"": [[0, 1, 2, 3, 5, 6, 7, 8, 9, 10], [0, 1, 2, 3, 5, 6, 11, 12], [0, 1, 2, 4, 5, 7, 11, 12], [0, 1, 2, 4, 5, 6, 8, 9, 10]], ""batch_size"": 64, ""num_workers"": 0, ""epochs"": 150, ""early_stopping_patience"": 40, ""lr"": 0.001, ""weight_decay"": 0.0001, ""optimizer"": ""adam"", ""grad_clip"": 1.0, ""lr_scheduler"": ""cosine"", ""lr_min"": 1e-05, ""latent_dim"": 64, ""head_hidden"": 32, ""groups"": [{""name"": ""cleveland"", ""encoder"": ""mlp_tabular_ln"", ""input_dim"": 10, ""hidden_dim"": 64, ""dropout"": 0.1}, {""name"": ""hungarian"", ""encoder"": ""mlp_tabular_ln"", ""input_dim"": 8, ""hidden_dim"": 64, ""dropout"": 0.1}, {""name"": ""switzerland"", ""encoder"": ""mlp_tabular_ln"", ""input_dim"": 8, ""hidden_dim"": 64, ""dropout"": 0.1}, {""name"": ""va_long_beach"", ""encoder"": ""mlp_tabular_ln"", ""input_dim"": 9, ""hidden_dim"": 64, ""dropout"": 0.1}], ""anchor_eps"": 0.0001, ""sep_samples_per_class"": 4, ""sep_method"": ""classifier"", ""sep_margin"": 1.0, ""lambda_fit"": 0.1, ""lambda_sep"": 0.1, ""groupdro_enabled"": false, ""groupdro_eta"": 2.0, ""groupdro_gamma"": 0.9, ""groupdro_update_mode"": ""softmax"", ""groupdro_objective"": ""weighted"", ""groupdro_kl_lambda"": 0.0, ""groupdro_uniform_init"": true, ""log_interval"": 20, ""save_every"": 10, ""common_encoder"": false}","{""num_groups"": 4, ""num_classes"": 2, ""train_total"": 495, ""test_total"": 150, ""train_group_counts"": [242, 208, 20, 25], ""test_group_counts"": [61, 53, 10, 26], ""train_class_counts"": [266, 229], ""test_class_counts"": [73, 77], ""train_group_class_counts"": [[131, 111], [130, 78], [0, 20], [5, 20]], ""test_group_class_counts"": [[33, 28], [33, 20], [1, 9], [6, 20]], ""group_proportions"": [0.4888888888888889, 0.4202020202020202, 0.04040404040404041, 0.050505050505050504]}",,2026-09-07T00:58:05.051752,32,0.3216288666919346,0.8733031706572658,0.001,0.72,0.7633485212591307,0.6792452830188679,0.9,"[0.7049180327868853, 0.6792452830188679, 0.9, 0.7692307692307693]","[0.6907052254060009, 0.7619230362041941, 0.43002316281199454, 0.7828955571614922]","[0.7534246575342466, 0.6883116883116883]","[[0.8181818181818182, 0.5714285714285714], [0.7878787878787878, 0.5], [0.0, 1.0], [0.3333333333333333, 0.9]]","[61, 53, 10, 26]",,,
"{""run_name"": ""fedheart_ablation_pergroup_noanchor"", ""seed"": 31337, ""run_dir"": ""runs/ablation_fedheart_fedheart/pergroup_erm_anchor_s31337"", ""use_fedheart"": true, ""num_classes"": 2, ""stratified_batching"": true, ""train_frac"": 0.8, ""data_split_seed"": 43, ""group_max_train_samples"": [null, null, 20, 25], ""true_hetero_input_dim"": true, ""feature_mask"": [[0, 1, 2, 3, 5, 6, 7, 8, 9, 10], [0, 1, 2, 3, 5, 6, 11, 12], [0, 1, 2, 4, 5, 7, 11, 12], [0, 1, 2, 4, 5, 6, 8, 9, 10]], ""batch_size"": 64, ""num_workers"": 0, ""epochs"": 150, ""early_stopping_patience"": 40, ""lr"": 0.001, ""weight_decay"": 0.0001, ""optimizer"": ""adam"", ""grad_clip"": 1.0, ""lr_scheduler"": ""cosine"", ""lr_min"": 1e-05, ""latent_dim"": 64, ""head_hidden"": 32, ""groups"": [{""name"": ""cleveland"", ""encoder"": ""mlp_tabular_ln"", ""input_dim"": 10, ""hidden_dim"": 64, ""dropout"": 0.1}, {""name"": ""hungarian"", ""encoder"": ""mlp_tabular_ln"", ""input_dim"": 8, ""hidden_dim"": 64, ""dropout"": 0.1}, {""name"": ""switzerland"", ""encoder"": ""mlp_tabular_ln"", ""input_dim"": 8, ""hidden_dim"": 64, ""dropout"": 0.1}, {""name"": ""va_long_beach"", ""encoder"": ""mlp_tabular_ln"", ""input_dim"": 9, ""hidden_dim"": 64, ""dropout"": 0.1}], ""anchor_eps"": 0.0001, ""sep_samples_per_class"": 4, ""sep_method"": ""classifier"", ""sep_margin"": 1.0, ""lambda_fit"": 0.1, ""lambda_sep"": 0.1, ""groupdro_enabled"": false, ""groupdro_eta"": 2.0, ""groupdro_gamma"": 0.9, ""groupdro_update_mode"": ""softmax"", ""groupdro_objective"": ""weighted"", ""groupdro_kl_lambda"": 0.0, ""groupdro_uniform_init"": true, ""log_interval"": 20, ""save_every"": 10, ""common_encoder"": false}","{""num_groups"": 4, ""num_classes"": 2, ""train_total"": 495, ""test_total"": 150, ""train_group_counts"": [242, 208, 20, 25], ""test_group_counts"": [61, 53, 10, 26], ""train_class_counts"": [266, 229], ""test_class_counts"": [73, 77], ""train_group_class_counts"": [[131, 111], [130, 78], [0, 20], [5, 20]], ""test_group_class_counts"": [[33, 28], [33, 20], [1, 9], [6, 20]], ""group_proportions"": [0.4888888888888889, 0.4202020202020202, 0.04040404040404041, 0.050505050505050504]}",,2026-09-07T00:58:05.051752,33,0.3196242084869972,0.8733031652631803,0.001,0.7466666666666667,0.7803605843584192,0.6981132075471698,0.9,"[0.7540983606557377, 0.6981132075471698, 0.9, 0.7692307692307693]","[0.6754517699210126, 0.7664387132269594, 0.4281699161976576, 0.7392773251765623]","[0.7123287671232876, 0.7792207792207793]","[[0.7272727272727273, 0.7857142857142857], [0.7878787878787878, 0.55], [0.0, 1.0], [0.3333333333333333, 0.9]]","[61, 53, 10, 26]",,,
"{""run_name"": ""fedheart_ablation_pergroup_noanchor"", ""seed"": 31337, ""run_dir"": ""runs/ablation_fedheart_fedheart/pergroup_erm_anchor_s31337"", ""use_fedheart"": true, ""num_classes"": 2, ""stratified_batching"": true, ""train_frac"": 0.8, ""data_split_seed"": 43, ""group_max_train_samples"": [null, null, 20, 25], ""true_hetero_input_dim"": true, ""feature_mask"": [[0, 1, 2, 3, 5, 6, 7, 8, 9, 10], [0, 1, 2, 3, 5, 6, 11, 12], [0, 1, 2, 4, 5, 7, 11, 12], [0, 1, 2, 4, 5, 6, 8, 9, 10]], ""batch_size"": 64, ""num_workers"": 0, ""epochs"": 150, ""early_stopping_patience"": 40, ""lr"": 0.001, ""weight_decay"": 0.0001, ""optimizer"": ""adam"", ""grad_clip"": 1.0, ""lr_scheduler"": ""cosine"", ""lr_min"": 1e-05, ""latent_dim"": 64, ""head_hidden"": 32, ""groups"": [{""name"": ""cleveland"", ""encoder"": ""mlp_tabular_ln"", ""input_dim"": 10, ""hidden_dim"": 64, ""dropout"": 0.1}, {""name"": ""hungarian"", ""encoder"": ""mlp_tabular_ln"", ""input_dim"": 8, ""hidden_dim"": 64, ""dropout"": 0.1}, {""name"": ""switzerland"", ""encoder"": ""mlp_tabular_ln"", ""input_dim"": 8, ""hidden_dim"": 64, ""dropout"": 0.1}, {""name"": ""va_long_beach"", ""encoder"": ""mlp_tabular_ln"", ""input_dim"": 9, ""hidden_dim"": 64, ""dropout"": 0.1}], ""anchor_eps"": 0.0001, ""sep_samples_per_class"": 4, ""sep_method"": ""classifier"", ""sep_margin"": 1.0, ""lambda_fit"": 0.1, ""lambda_sep"": 0.1, ""groupdro_enabled"": false, ""groupdro_eta"": 2.0, ""groupdro_gamma"": 0.9, ""groupdro_update_mode"": ""softmax"", ""groupdro_objective"": ""weighted"", ""groupdro_kl_lambda"": 0.0, ""groupdro_uniform_init"": true, ""log_interval"": 20, ""save_every"": 10, ""common_encoder"": false}","{""num_groups"": 4, ""num_classes"": 2, ""train_total"": 495, ""test_total"": 150, ""train_group_counts"": [242, 208, 20, 25], ""test_group_counts"": [61, 53, 10, 26], ""train_class_counts"": [266, 229], ""test_class_counts"": [73, 77], ""train_group_class_counts"": [[131, 111], [130, 78], [0, 20], [5, 20]], ""test_group_class_counts"": [[33, 28], [33, 20], [1, 9], [6, 20]], ""group_proportions"": [0.4888888888888889, 0.4202020202020202, 0.04040404040404041, 0.050505050505050504]}",,2026-09-07T00:58:05.051752,34,0.33008066102929784,0.8574660617301907,0.001,0.72,0.7639671417354683,0.6885245901639344,0.9,"[0.6885245901639344, 0.6981132075471698, 0.9, 0.7692307692307693]","[0.7295682193085429, 0.7797732134261783, 0.42874559238553045, 0.7404126052458125]","[0.7534246575342466, 0.6883116883116883]","[[0.8181818181818182, 0.5357142857142857], [0.7878787878787878, 0.55], [0.0, 1.0], [0.3333333333333333, 0.9]]","[61, 53, 10, 26]",,,
"{""run_name"": ""fedheart_ablation_pergroup_noanchor"", ""seed"": 31337, ""run_dir"": ""runs/ablation_fedheart_fedheart/pergroup_erm_anchor_s31337"", ""use_fedheart"": true, ""num_classes"": 2, ""stratified_batching"": true, ""train_frac"": 0.8, ""data_split_seed"": 43, ""group_max_train_samples"": [null, null, 20, 25], ""true_hetero_input_dim"": true, ""feature_mask"": [[0, 1, 2, 3, 5, 6, 7, 8, 9, 10], [0, 1, 2, 3, 5, 6, 11, 12], [0, 1, 2, 4, 5, 7, 11, 12], [0, 1, 2, 4, 5, 6, 8, 9, 10]], ""batch_size"": 64, ""num_workers"": 0, ""epochs"": 150, ""early_stopping_patience"": 40, ""lr"": 0.001, ""weight_decay"": 0.0001, ""optimizer"": ""adam"", ""grad_clip"": 1.0, ""lr_scheduler"": ""cosine"", ""lr_min"": 1e-05, ""latent_dim"": 64, ""head_hidden"": 32, ""groups"": [{""name"": ""cleveland"", ""encoder"": ""mlp_tabular_ln"", ""input_dim"": 10, ""hidden_dim"": 64, ""dropout"": 0.1}, {""name"": ""hungarian"", ""encoder"": ""mlp_tabular_ln"", ""input_dim"": 8, ""hidden_dim"": 64, ""dropout"": 0.1}, {""name"": ""switzerland"", ""encoder"": ""mlp_tabular_ln"", ""input_dim"": 8, ""hidden_dim"": 64, ""dropout"": 0.1}, {""name"": ""va_long_beach"", ""encoder"": ""mlp_tabular_ln"", ""input_dim"": 9, ""hidden_dim"": 64, ""dropout"": 0.1}], ""anchor_eps"": 0.0001, ""sep_samples_per_class"": 4, ""sep_method"": ""classifier"", ""sep_margin"": 1.0, ""lambda_fit"": 0.1, ""lambda_sep"": 0.1, ""groupdro_enabled"": false, ""groupdro_eta"": 2.0, ""groupdro_gamma"": 0.9, ""groupdro_update_mode"": ""softmax"", ""groupdro_objective"": ""weighted"", ""groupdro_kl_lambda"": 0.0, ""groupdro_uniform_init"": true, ""log_interval"": 20, ""save_every"": 10, ""common_encoder"": false}","{""num_groups"": 4, ""num_classes"": 2, ""train_total"": 495, ""test_total"": 150, ""train_group_counts"": [242, 208, 20, 25], ""test_group_counts"": [61, 53, 10, 26], ""train_class_counts"": [266, 229], ""test_class_counts"": [73, 77], ""train_group_class_counts"": [[131, 111], [130, 78], [0, 20], [5, 20]], ""test_group_class_counts"": [[33, 28], [33, 20], [1, 9], [6, 20]], ""group_proportions"": [0.4888888888888889, 0.4202020202020202, 0.04040404040404041, 0.050505050505050504]}",,2026-09-07T00:58:05.051752,35,0.3048039790731749,0.8574660617301907,0.001,0.7333333333333333,0.771545242570606,0.6792452830188679,0.9,"[0.7377049180327869, 0.6792452830188679, 0.9, 0.7692307692307693]","[0.6969808949707229, 0.7705526883661185, 0.4301789772696793, 0.7772304008965596]","[0.726027397260274, 0.7402597402597403]","[[0.7575757575757576, 0.7142857142857143], [0.7878787878787878, 0.5], [0.0, 1.0], [0.3333333333333333, 0.9]]","[61, 53, 10, 26]",,,
"{""run_name"": ""fedheart_ablation_pergroup_noanchor"", ""seed"": 31337, ""run_dir"": ""runs/ablation_fedheart_fedheart/pergroup_erm_anchor_s31337"", ""use_fedheart"": true, ""num_classes"": 2, ""stratified_batching"": true, ""train_frac"": 0.8, ""data_split_seed"": 43, ""group_max_train_samples"": [null, null, 20, 25], ""true_hetero_input_dim"": true, ""feature_mask"": [[0, 1, 2, 3, 5, 6, 7, 8, 9, 10], [0, 1, 2, 3, 5, 6, 11, 12], [0, 1, 2, 4, 5, 7, 11, 12], [0, 1, 2, 4, 5, 6, 8, 9, 10]], ""batch_size"": 64, ""num_workers"": 0, ""epochs"": 150, ""early_stopping_patience"": 40, ""lr"": 0.001, ""weight_decay"": 0.0001, ""optimizer"": ""adam"", ""grad_clip"": 1.0, ""lr_scheduler"": ""cosine"", ""lr_min"": 1e-05, ""latent_dim"": 64, ""head_hidden"": 32, ""groups"": [{""name"": ""cleveland"", ""encoder"": ""mlp_tabular_ln"", ""input_dim"": 10, ""hidden_dim"": 64, ""dropout"": 0.1}, {""name"": ""hungarian"", ""encoder"": ""mlp_tabular_ln"", ""input_dim"": 8, ""hidden_dim"": 64, ""dropout"": 0.1}, {""name"": ""switzerland"", ""encoder"": ""mlp_tabular_ln"", ""input_dim"": 8, ""hidden_dim"": 64, ""dropout"": 0.1}, {""name"": ""va_long_beach"", ""encoder"": ""mlp_tabular_ln"", ""input_dim"": 9, ""hidden_dim"": 64, ""dropout"": 0.1}], ""anchor_eps"": 0.0001, ""sep_samples_per_class"": 4, ""sep_method"": ""classifier"", ""sep_margin"": 1.0, ""lambda_fit"": 0.1, ""lambda_sep"": 0.1, ""groupdro_enabled"": false, ""groupdro_eta"": 2.0, ""groupdro_gamma"": 0.9, ""groupdro_update_mode"": ""softmax"", ""groupdro_objective"": ""weighted"", ""groupdro_kl_lambda"": 0.0, ""groupdro_uniform_init"": true, ""log_interval"": 20, ""save_every"": 10, ""common_encoder"": false}","{""num_groups"": 4, ""num_classes"": 2, ""train_total"": 495, ""test_total"": 150, ""train_group_counts"": [242, 208, 20, 25], ""test_group_counts"": [61, 53, 10, 26], ""train_class_counts"": [266, 229], ""test_class_counts"": [73, 77], ""train_group_class_counts"": [[131, 111], [130, 78], [0, 20], [5, 20]], ""test_group_class_counts"": [[33, 28], [33, 20], [1, 9], [6, 20]], ""group_proportions"": [0.4888888888888889, 0.4202020202020202, 0.04040404040404041, 0.050505050505050504]}",,2026-09-07T00:58:05.051752,36,0.30200685459564175,0.8687782837794378,0.001,0.7266666666666667,0.7674468819148683,0.6792452830188679,0.9,"[0.7213114754098361, 0.6792452830188679, 0.9, 0.7692307692307693]","[0.7035105496064805, 0.7679268508657532, 0.4251684661023319, 0.8108915453687167]","[0.7397260273972602, 0.7142857142857143]","[[0.8181818181818182, 0.6071428571428571], [0.7575757575757576, 0.55], [0.0, 1.0], [0.3333333333333333, 0.9]]","[61, 53, 10, 26]",,,
"{""run_name"": ""fedheart_ablation_pergroup_noanchor"", ""seed"": 31337, ""run_dir"": ""runs/ablation_fedheart_fedheart/pergroup_erm_anchor_s31337"", ""use_fedheart"": true, ""num_classes"": 2, ""stratified_batching"": true, ""train_frac"": 0.8, ""data_split_seed"": 43, ""group_max_train_samples"": [null, null, 20, 25], ""true_hetero_input_dim"": true, ""feature_mask"": [[0, 1, 2, 3, 5, 6, 7, 8, 9, 10], [0, 1, 2, 3, 5, 6, 11, 12], [0, 1, 2, 4, 5, 7, 11, 12], [0, 1, 2, 4, 5, 6, 8, 9, 10]], ""batch_size"": 64, ""num_workers"": 0, ""epochs"": 150, ""early_stopping_patience"": 40, ""lr"": 0.001, ""weight_decay"": 0.0001, ""optimizer"": ""adam"", ""grad_clip"": 1.0, ""lr_scheduler"": ""cosine"", ""lr_min"": 1e-05, ""latent_dim"": 64, ""head_hidden"": 32, ""groups"": [{""name"": ""cleveland"", ""encoder"": ""mlp_tabular_ln"", ""input_dim"": 10, ""hidden_dim"": 64, ""dropout"": 0.1}, {""name"": ""hungarian"", ""encoder"": ""mlp_tabular_ln"", ""input_dim"": 8, ""hidden_dim"": 64, ""dropout"": 0.1}, {""name"": ""switzerland"", ""encoder"": ""mlp_tabular_ln"", ""input_dim"": 8, ""hidden_dim"": 64, ""dropout"": 0.1}, {""name"": ""va_long_beach"", ""encoder"": ""mlp_tabular_ln"", ""input_dim"": 9, ""hidden_dim"": 64, ""dropout"": 0.1}], ""anchor_eps"": 0.0001, ""sep_samples_per_class"": 4, ""sep_method"": ""classifier"", ""sep_margin"": 1.0, ""lambda_fit"": 0.1, ""lambda_sep"": 0.1, ""groupdro_enabled"": false, ""groupdro_eta"": 2.0, ""groupdro_gamma"": 0.9, ""groupdro_update_mode"": ""softmax"", ""groupdro_objective"": ""weighted"", ""groupdro_kl_lambda"": 0.0, ""groupdro_uniform_init"": true, ""log_interval"": 20, ""save_every"": 10, ""common_encoder"": false}","{""num_groups"": 4, ""num_classes"": 2, ""train_total"": 495, ""test_total"": 150, ""train_group_counts"": [242, 208, 20, 25], ""test_group_counts"": [61, 53, 10, 26], ""train_class_counts"": [266, 229], ""test_class_counts"": [73, 77], ""train_group_class_counts"": [[131, 111], [130, 78], [0, 20], [5, 20]], ""test_group_class_counts"": [[33, 28], [33, 20], [1, 9], [6, 20]], ""group_proportions"": [0.4888888888888889, 0.4202020202020202, 0.04040404040404041, 0.050505050505050504]}",,2026-09-07T00:58:05.051752,37,0.2787175403056641,0.8846153875821317,0.001,0.72,0.7633485212591307,0.6792452830188679,0.9,"[0.7049180327868853, 0.6792452830188679, 0.9, 0.7692307692307693]","[0.7017351934365684, 0.7909442150157016, 0.42603523172438146, 0.8360744813242211]","[0.7123287671232876, 0.7272727272727273]","[[0.7575757575757576, 0.6428571428571429], [0.7575757575757576, 0.55], [0.0, 1.0], [0.3333333333333333, 0.9]]","[61, 53, 10, 26]",,,
"{""run_name"": ""fedheart_ablation_pergroup_noanchor"", ""seed"": 31337, ""run_dir"": ""runs/ablation_fedheart_fedheart/pergroup_erm_anchor_s31337"", ""use_fedheart"": true, ""num_classes"": 2, ""stratified_batching"": true, ""train_frac"": 0.8, ""data_split_seed"": 43, ""group_max_train_samples"": [null, null, 20, 25], ""true_hetero_input_dim"": true, ""feature_mask"": [[0, 1, 2, 3, 5, 6, 7, 8, 9, 10], [0, 1, 2, 3, 5, 6, 11, 12], [0, 1, 2, 4, 5, 7, 11, 12], [0, 1, 2, 4, 5, 6, 8, 9, 10]], ""batch_size"": 64, ""num_workers"": 0, ""epochs"": 150, ""early_stopping_patience"": 40, ""lr"": 0.001, ""weight_decay"": 0.0001, ""optimizer"": ""adam"", ""grad_clip"": 1.0, ""lr_scheduler"": ""cosine"", ""lr_min"": 1e-05, ""latent_dim"": 64, ""head_hidden"": 32, ""groups"": [{""name"": ""cleveland"", ""encoder"": ""mlp_tabular_ln"", ""input_dim"": 10, ""hidden_dim"": 64, ""dropout"": 0.1}, {""name"": ""hungarian"", ""encoder"": ""mlp_tabular_ln"", ""input_dim"": 8, ""hidden_dim"": 64, ""dropout"": 0.1}, {""name"": ""switzerland"", ""encoder"": ""mlp_tabular_ln"", ""input_dim"": 8, ""hidden_dim"": 64, ""dropout"": 0.1}, {""name"": ""va_long_beach"", ""encoder"": ""mlp_tabular_ln"", ""input_dim"": 9, ""hidden_dim"": 64, ""dropout"": 0.1}], ""anchor_eps"": 0.0001, ""sep_samples_per_class"": 4, ""sep_method"": ""classifier"", ""sep_margin"": 1.0, ""lambda_fit"": 0.1, ""lambda_sep"": 0.1, ""groupdro_enabled"": false, ""groupdro_eta"": 2.0, ""groupdro_gamma"": 0.9, ""groupdro_update_mode"": ""softmax"", ""groupdro_objective"": ""weighted"", ""groupdro_kl_lambda"": 0.0, ""groupdro_uniform_init"": true, ""log_interval"": 20, ""save_every"": 10, ""common_encoder"": false}","{""num_groups"": 4, ""num_classes"": 2, ""train_total"": 495, ""test_total"": 150, ""train_group_counts"": [242, 208, 20, 25], ""test_group_counts"": [61, 53, 10, 26], ""train_class_counts"": [266, 229], ""test_class_counts"": [73, 77], ""train_group_class_counts"": [[131, 111], [130, 78], [0, 20], [5, 20]], ""test_group_class_counts"": [[33, 28], [33, 20], [1, 9], [6, 20]], ""group_proportions"": [0.4888888888888889, 0.4202020202020202, 0.04040404040404041, 0.050505050505050504]}",,2026-09-07T00:58:05.051752,38,0.30371338182984436,0.8710407272183518,0.001,0.7333333333333333,0.7721638630469438,0.6981132075471698,0.9,"[0.7213114754098361, 0.6981132075471698, 0.9, 0.7692307692307693]","[0.7172011870081674, 0.810454060692551, 0.44306028448045254, 0.8705249432778845]","[0.7534246575342466, 0.7142857142857143]","[[0.8181818181818182, 0.6071428571428571], [0.7878787878787878, 0.55], [0.0, 1.0], [0.3333333333333333, 0.9]]","[61, 53, 10, 26]",,,
"{""run_name"": ""fedheart_ablation_pergroup_noanchor"", ""seed"": 31337, ""run_dir"": ""runs/ablation_fedheart_fedheart/pergroup_erm_anchor_s31337"", ""use_fedheart"": true, ""num_classes"": 2, ""stratified_batching"": true, ""train_frac"": 0.8, ""data_split_seed"": 43, ""group_max_train_samples"": [null, null, 20, 25], ""true_hetero_input_dim"": true, ""feature_mask"": [[0, 1, 2, 3, 5, 6, 7, 8, 9, 10], [0, 1, 2, 3, 5, 6, 11, 12], [0, 1, 2, 4, 5, 7, 11, 12], [0, 1, 2, 4, 5, 6, 8, 9, 10]], ""batch_size"": 64, ""num_workers"": 0, ""epochs"": 150, ""early_stopping_patience"": 40, ""lr"": 0.001, ""weight_decay"": 0.0001, ""optimizer"": ""adam"", ""grad_clip"": 1.0, ""lr_scheduler"": ""cosine"", ""lr_min"": 1e-05, ""latent_dim"": 64, ""head_hidden"": 32, ""groups"": [{""name"": ""cleveland"", ""encoder"": ""mlp_tabular_ln"", ""input_dim"": 10, ""hidden_dim"": 64, ""dropout"": 0.1}, {""name"": ""hungarian"", ""encoder"": ""mlp_tabular_ln"", ""input_dim"": 8, ""hidden_dim"": 64, ""dropout"": 0.1}, {""name"": ""switzerland"", ""encoder"": ""mlp_tabular_ln"", ""input_dim"": 8, ""hidden_dim"": 64, ""dropout"": 0.1}, {""name"": ""va_long_beach"", ""encoder"": ""mlp_tabular_ln"", ""input_dim"": 9, ""hidden_dim"": 64, ""dropout"": 0.1}], ""anchor_eps"": 0.0001, ""sep_samples_per_class"": 4, ""sep_method"": ""classifier"", ""sep_margin"": 1.0, ""lambda_fit"": 0.1, ""lambda_sep"": 0.1, ""groupdro_enabled"": false, ""groupdro_eta"": 2.0, ""groupdro_gamma"": 0.9, ""groupdro_update_mode"": ""softmax"", ""groupdro_objective"": ""weighted"", ""groupdro_kl_lambda"": 0.0, ""groupdro_uniform_init"": true, ""log_interval"": 20, ""save_every"": 10, ""common_encoder"": false}","{""num_groups"": 4, ""num_classes"": 2, ""train_total"": 495, ""test_total"": 150, ""train_group_counts"": [242, 208, 20, 25], ""test_group_counts"": [61, 53, 10, 26], ""train_class_counts"": [266, 229], ""test_class_counts"": [73, 77], ""train_group_class_counts"": [[131, 111], [130, 78], [0, 20], [5, 20]], ""test_group_class_counts"": [[33, 28], [33, 20], [1, 9], [6, 20]], ""group_proportions"": [0.4888888888888889, 0.4202020202020202, 0.04040404040404041, 0.050505050505050504]}",,2026-09-07T00:58:05.051752,39,0.2952682053611289,0.8778280524107126,0.001,0.7266666666666667,0.7668282614385306,0.660377358490566,0.9,"[0.7377049180327869, 0.660377358490566, 0.9, 0.7692307692307693]","[0.7371777547065352, 0.8137588998267673, 0.4517689301632345, 0.8598943220164913]","[0.7397260273972602, 0.7142857142857143]","[[0.8484848484848485, 0.6071428571428571], [0.7272727272727273, 0.55], [0.0, 1.0], [0.3333333333333333, 0.9]]","[61, 53, 10, 26]",,,
"{""run_name"": ""fedheart_ablation_pergroup_noanchor"", ""seed"": 31337, ""run_dir"": ""runs/ablation_fedheart_fedheart/pergroup_erm_anchor_s31337"", ""use_fedheart"": true, ""num_classes"": 2, ""stratified_batching"": true, ""train_frac"": 0.8, ""data_split_seed"": 43, ""group_max_train_samples"": [null, null, 20, 25], ""true_hetero_input_dim"": true, ""feature_mask"": [[0, 1, 2, 3, 5, 6, 7, 8, 9, 10], [0, 1, 2, 3, 5, 6, 11, 12], [0, 1, 2, 4, 5, 7, 11, 12], [0, 1, 2, 4, 5, 6, 8, 9, 10]], ""batch_size"": 64, ""num_workers"": 0, ""epochs"": 150, ""early_stopping_patience"": 40, ""lr"": 0.001, ""weight_decay"": 0.0001, ""optimizer"": ""adam"", ""grad_clip"": 1.0, ""lr_scheduler"": ""cosine"", ""lr_min"": 1e-05, ""latent_dim"": 64, ""head_hidden"": 32, ""groups"": [{""name"": ""cleveland"", ""encoder"": ""mlp_tabular_ln"", ""input_dim"": 10, ""hidden_dim"": 64, ""dropout"": 0.1}, {""name"": ""hungarian"", ""encoder"": ""mlp_tabular_ln"", ""input_dim"": 8, ""hidden_dim"": 64, ""dropout"": 0.1}, {""name"": ""switzerland"", ""encoder"": ""mlp_tabular_ln"", ""input_dim"": 8, ""hidden_dim"": 64, ""dropout"": 0.1}, {""name"": ""va_long_beach"", ""encoder"": ""mlp_tabular_ln"", ""input_dim"": 9, ""hidden_dim"": 64, ""dropout"": 0.1}], ""anchor_eps"": 0.0001, ""sep_samples_per_class"": 4, ""sep_method"": ""classifier"", ""sep_margin"": 1.0, ""lambda_fit"": 0.1, ""lambda_sep"": 0.1, ""groupdro_enabled"": false, ""groupdro_eta"": 2.0, ""groupdro_gamma"": 0.9, ""groupdro_update_mode"": ""softmax"", ""groupdro_objective"": ""weighted"", ""groupdro_kl_lambda"": 0.0, ""groupdro_uniform_init"": true, ""log_interval"": 20, ""save_every"": 10, ""common_encoder"": false}","{""num_groups"": 4, ""num_classes"": 2, ""train_total"": 495, ""test_total"": 150, ""train_group_counts"": [242, 208, 20, 25], ""test_group_counts"": [61, 53, 10, 26], ""train_class_counts"": [266, 229], ""test_class_counts"": [73, 77], ""train_group_class_counts"": [[131, 111], [130, 78], [0, 20], [5, 20]], ""test_group_class_counts"": [[33, 28], [33, 20], [1, 9], [6, 20]], ""group_proportions"": [0.4888888888888889, 0.4202020202020202, 0.04040404040404041, 0.050505050505050504]}",,2026-09-07T00:58:05.051752,40,0.28976656098711007,0.8665158352161425,0.001,0.7466666666666667,0.7803605843584192,0.6981132075471698,0.9,"[0.7540983606557377, 0.6981132075471698, 0.9, 0.7692307692307693]","[0.7230287754877669, 0.7986118768535133, 0.4484795075841248, 0.8256772754069132]","[0.7397260273972602, 0.7532467532467533]","[[0.7878787878787878, 0.7142857142857143], [0.7878787878787878, 0.55], [0.0, 1.0], [0.3333333333333333, 0.9]]","[61, 53, 10, 26]",,,
"{""run_name"": ""fedheart_ablation_pergroup_noanchor"", ""seed"": 31337, ""run_dir"": ""runs/ablation_fedheart_fedheart/pergroup_erm_anchor_s31337"", ""use_fedheart"": true, ""num_classes"": 2, ""stratified_batching"": true, ""train_frac"": 0.8, ""data_split_seed"": 43, ""group_max_train_samples"": [null, null, 20, 25], ""true_hetero_input_dim"": true, ""feature_mask"": [[0, 1, 2, 3, 5, 6, 7, 8, 9, 10], [0, 1, 2, 3, 5, 6, 11, 12], [0, 1, 2, 4, 5, 7, 11, 12], [0, 1, 2, 4, 5, 6, 8, 9, 10]], ""batch_size"": 64, ""num_workers"": 0, ""epochs"": 150, ""early_stopping_patience"": 40, ""lr"": 0.001, ""weight_decay"": 0.0001, ""optimizer"": ""adam"", ""grad_clip"": 1.0, ""lr_scheduler"": ""cosine"", ""lr_min"": 1e-05, ""latent_dim"": 64, ""head_hidden"": 32, ""groups"": [{""name"": ""cleveland"", ""encoder"": ""mlp_tabular_ln"", ""input_dim"": 10, ""hidden_dim"": 64, ""dropout"": 0.1}, {""name"": ""hungarian"", ""encoder"": ""mlp_tabular_ln"", ""input_dim"": 8, ""hidden_dim"": 64, ""dropout"": 0.1}, {""name"": ""switzerland"", ""encoder"": ""mlp_tabular_ln"", ""input_dim"": 8, ""hidden_dim"": 64, ""dropout"": 0.1}, {""name"": ""va_long_beach"", ""encoder"": ""mlp_tabular_ln"", ""input_dim"": 9, ""hidden_dim"": 64, ""dropout"": 0.1}], ""anchor_eps"": 0.0001, ""sep_samples_per_class"": 4, ""sep_method"": ""classifier"", ""sep_margin"": 1.0, ""lambda_fit"": 0.1, ""lambda_sep"": 0.1, ""groupdro_enabled"": false, ""groupdro_eta"": 2.0, ""groupdro_gamma"": 0.9, ""groupdro_update_mode"": ""softmax"", ""groupdro_objective"": ""weighted"", ""groupdro_kl_lambda"": 0.0, ""groupdro_uniform_init"": true, ""log_interval"": 20, ""save_every"": 10, ""common_encoder"": false}","{""num_groups"": 4, ""num_classes"": 2, ""train_total"": 495, ""test_total"": 150, ""train_group_counts"": [242, 208, 20, 25], ""test_group_counts"": [61, 53, 10, 26], ""train_class_counts"": [266, 229], ""test_class_counts"": [73, 77], ""train_group_class_counts"": [[131, 111], [130, 78], [0, 20], [5, 20]], ""test_group_class_counts"": [[33, 28], [33, 20], [1, 9], [6, 20]], ""group_proportions"": [0.4888888888888889, 0.4202020202020202, 0.04040404040404041, 0.050505050505050504]}",,2026-09-07T00:58:05.051752,41,0.2692145222452431,0.8800905009740079,0.001,0.7333333333333333,0.7721638630469438,0.6981132075471698,0.9,"[0.7213114754098361, 0.6981132075471698, 0.9, 0.7692307692307693]","[0.7492969441189445, 0.8223944127840815, 0.448812713008374, 0.8209358187069973]","[0.7671232876712328, 0.7012987012987013]","[[0.8484848484848485, 0.5714285714285714], [0.7878787878787878, 0.55], [0.0, 1.0], [0.3333333333333333, 0.9]]","[61, 53, 10, 26]",,,
"{""run_name"": ""fedheart_ablation_pergroup_noanchor"", ""seed"": 31337, ""run_dir"": ""runs/ablation_fedheart_fedheart/pergroup_erm_anchor_s31337"", ""use_fedheart"": true, ""num_classes"": 2, ""stratified_batching"": true, ""train_frac"": 0.8, ""data_split_seed"": 43, ""group_max_train_samples"": [null, null, 20, 25], ""true_hetero_input_dim"": true, ""feature_mask"": [[0, 1, 2, 3, 5, 6, 7, 8, 9, 10], [0, 1, 2, 3, 5, 6, 11, 12], [0, 1, 2, 4, 5, 7, 11, 12], [0, 1, 2, 4, 5, 6, 8, 9, 10]], ""batch_size"": 64, ""num_workers"": 0, ""epochs"": 150, ""early_stopping_patience"": 40, ""lr"": 0.001, ""weight_decay"": 0.0001, ""optimizer"": ""adam"", ""grad_clip"": 1.0, ""lr_scheduler"": ""cosine"", ""lr_min"": 1e-05, ""latent_dim"": 64, ""head_hidden"": 32, ""groups"": [{""name"": ""cleveland"", ""encoder"": ""mlp_tabular_ln"", ""input_dim"": 10, ""hidden_dim"": 64, ""dropout"": 0.1}, {""name"": ""hungarian"", ""encoder"": ""mlp_tabular_ln"", ""input_dim"": 8, ""hidden_dim"": 64, ""dropout"": 0.1}, {""name"": ""switzerland"", ""encoder"": ""mlp_tabular_ln"", ""input_dim"": 8, ""hidden_dim"": 64, ""dropout"": 0.1}, {""name"": ""va_long_beach"", ""encoder"": ""mlp_tabular_ln"", ""input_dim"": 9, ""hidden_dim"": 64, ""dropout"": 0.1}], ""anchor_eps"": 0.0001, ""sep_samples_per_class"": 4, ""sep_method"": ""classifier"", ""sep_margin"": 1.0, ""lambda_fit"": 0.1, ""lambda_sep"": 0.1, ""groupdro_enabled"": false, ""groupdro_eta"": 2.0, ""groupdro_gamma"": 0.9, ""groupdro_update_mode"": ""softmax"", ""groupdro_objective"": ""weighted"", ""groupdro_kl_lambda"": 0.0, ""groupdro_uniform_init"": true, ""log_interval"": 20, ""save_every"": 10, ""common_encoder"": false}","{""num_groups"": 4, ""num_classes"": 2, ""train_total"": 495, ""test_total"": 150, ""train_group_counts"": [242, 208, 20, 25], ""test_group_counts"": [61, 53, 10, 26], ""train_class_counts"": [266, 229], ""test_class_counts"": [73, 77], ""train_group_class_counts"": [[131, 111], [130, 78], [0, 20], [5, 20]], ""test_group_class_counts"": [[33, 28], [33, 20], [1, 9], [6, 20]], ""group_proportions"": [0.4888888888888889, 0.4202020202020202, 0.04040404040404041, 0.050505050505050504]}",,2026-09-07T00:58:05.051752,42,0.26258873319194326,0.8868778258966644,0.001,0.7333333333333333,0.7721638630469438,0.6981132075471698,0.9,"[0.7213114754098361, 0.6981132075471698, 0.9, 0.7692307692307693]","[0.7174885669478872, 0.8237250236056324, 0.45009119445458057, 0.8471280064953205]","[0.7123287671232876, 0.7532467532467533]","[[0.7272727272727273, 0.7142857142857143], [0.7878787878787878, 0.55], [0.0, 1.0], [0.3333333333333333, 0.9]]","[61, 53, 10, 26]",,,
"{""run_name"": ""fedheart_ablation_pergroup_noanchor"", ""seed"": 31337, ""run_dir"": ""runs/ablation_fedheart_fedheart/pergroup_erm_anchor_s31337"", ""use_fedheart"": true, ""num_classes"": 2, ""stratified_batching"": true, ""train_frac"": 0.8, ""data_split_seed"": 43, ""group_max_train_samples"": [null, null, 20, 25], ""true_hetero_input_dim"": true, ""feature_mask"": [[0, 1, 2, 3, 5, 6, 7, 8, 9, 10], [0, 1, 2, 3, 5, 6, 11, 12], [0, 1, 2, 4, 5, 7, 11, 12], [0, 1, 2, 4, 5, 6, 8, 9, 10]], ""batch_size"": 64, ""num_workers"": 0, ""epochs"": 150, ""early_stopping_patience"": 40, ""lr"": 0.001, ""weight_decay"": 0.0001, ""optimizer"": ""adam"", ""grad_clip"": 1.0, ""lr_scheduler"": ""cosine"", ""lr_min"": 1e-05, ""latent_dim"": 64, ""head_hidden"": 32, ""groups"": [{""name"": ""cleveland"", ""encoder"": ""mlp_tabular_ln"", ""input_dim"": 10, ""hidden_dim"": 64, ""dropout"": 0.1}, {""name"": ""hungarian"", ""encoder"": ""mlp_tabular_ln"", ""input_dim"": 8, ""hidden_dim"": 64, ""dropout"": 0.1}, {""name"": ""switzerland"", ""encoder"": ""mlp_tabular_ln"", ""input_dim"": 8, ""hidden_dim"": 64, ""dropout"": 0.1}, {""name"": ""va_long_beach"", ""encoder"": ""mlp_tabular_ln"", ""input_dim"": 9, ""hidden_dim"": 64, ""dropout"": 0.1}], ""anchor_eps"": 0.0001, ""sep_samples_per_class"": 4, ""sep_method"": ""classifier"", ""sep_margin"": 1.0, ""lambda_fit"": 0.1, ""lambda_sep"": 0.1, ""groupdro_enabled"": false, ""groupdro_eta"": 2.0, ""groupdro_gamma"": 0.9, ""groupdro_update_mode"": ""softmax"", ""groupdro_objective"": ""weighted"", ""groupdro_kl_lambda"": 0.0, ""groupdro_uniform_init"": true, ""log_interval"": 20, ""save_every"": 10, ""common_encoder"": false}","{""num_groups"": 4, ""num_classes"": 2, ""train_total"": 495, ""test_total"": 150, ""train_group_counts"": [242, 208, 20, 25], ""test_group_counts"": [61, 53, 10, 26], ""train_class_counts"": [266, 229], ""test_class_counts"": [73, 77], ""train_group_class_counts"": [[131, 111], [130, 78], [0, 20], [5, 20]], ""test_group_class_counts"": [[33, 28], [33, 20], [1, 9], [6, 20]], ""group_proportions"": [0.4888888888888889, 0.4202020202020202, 0.04040404040404041, 0.050505050505050504]}",,2026-09-07T00:58:05.051752,43,0.2882399229981781,0.8823529392885406,0.001,0.72,0.7639671417354683,0.6885245901639344,0.9,"[0.6885245901639344, 0.6981132075471698, 0.9, 0.7692307692307693]","[0.766466836357245, 0.8111325834860217, 0.45119416164234283, 0.8692331437666255]","[0.7397260273972602, 0.7012987012987013]","[[0.7878787878787878, 0.5714285714285714], [0.7878787878787878, 0.55], [0.0, 1.0], [0.3333333333333333, 0.9]]","[61, 53, 10, 26]",,,
"{""run_name"": ""fedheart_ablation_pergroup_noanchor"", ""seed"": 31337, ""run_dir"": ""runs/ablation_fedheart_fedheart/pergroup_erm_anchor_s31337"", ""use_fedheart"": true, ""num_classes"": 2, ""stratified_batching"": true, ""train_frac"": 0.8, ""data_split_seed"": 43, ""group_max_train_samples"": [null, null, 20, 25], ""true_hetero_input_dim"": true, ""feature_mask"": [[0, 1, 2, 3, 5, 6, 7, 8, 9, 10], [0, 1, 2, 3, 5, 6, 11, 12], [0, 1, 2, 4, 5, 7, 11, 12], [0, 1, 2, 4, 5, 6, 8, 9, 10]], ""batch_size"": 64, ""num_workers"": 0, ""epochs"": 150, ""early_stopping_patience"": 40, ""lr"": 0.001, ""weight_decay"": 0.0001, ""optimizer"": ""adam"", ""grad_clip"": 1.0, ""lr_scheduler"": ""cosine"", ""lr_min"": 1e-05, ""latent_dim"": 64, ""head_hidden"": 32, ""groups"": [{""name"": ""cleveland"", ""encoder"": ""mlp_tabular_ln"", ""input_dim"": 10, ""hidden_dim"": 64, ""dropout"": 0.1}, {""name"": ""hungarian"", ""encoder"": ""mlp_tabular_ln"", ""input_dim"": 8, ""hidden_dim"": 64, ""dropout"": 0.1}, {""name"": ""switzerland"", ""encoder"": ""mlp_tabular_ln"", ""input_dim"": 8, ""hidden_dim"": 64, ""dropout"": 0.1}, {""name"": ""va_long_beach"", ""encoder"": ""mlp_tabular_ln"", ""input_dim"": 9, ""hidden_dim"": 64, ""dropout"": 0.1}], ""anchor_eps"": 0.0001, ""sep_samples_per_class"": 4, ""sep_method"": ""classifier"", ""sep_margin"": 1.0, ""lambda_fit"": 0.1, ""lambda_sep"": 0.1, ""groupdro_enabled"": false, ""groupdro_eta"": 2.0, ""groupdro_gamma"": 0.9, ""groupdro_update_mode"": ""softmax"", ""groupdro_objective"": ""weighted"", ""groupdro_kl_lambda"": 0.0, ""groupdro_uniform_init"": true, ""log_interval"": 20, ""save_every"": 10, ""common_encoder"": false}","{""num_groups"": 4, ""num_classes"": 2, ""train_total"": 495, ""test_total"": 150, ""train_group_counts"": [242, 208, 20, 25], ""test_group_counts"": [61, 53, 10, 26], ""train_class_counts"": [266, 229], ""test_class_counts"": [73, 77], ""train_group_class_counts"": [[131, 111], [130, 78], [0, 20], [5, 20]], ""test_group_class_counts"": [[33, 28], [33, 20], [1, 9], [6, 20]], ""group_proportions"": [0.4888888888888889, 0.4202020202020202, 0.04040404040404041, 0.050505050505050504]}",,2026-09-07T00:58:05.051752,44,0.2646329427196969,0.8914027127744925,0.001,0.7266666666666667,0.7680655023912061,0.6981132075471698,0.9,"[0.7049180327868853, 0.6981132075471698, 0.9, 0.7692307692307693]","[0.7398440432849295, 0.8037969449991887, 0.46767418095842006, 0.868588693435483]","[0.726027397260274, 0.7272727272727273]","[[0.7575757575757576, 0.6428571428571429], [0.7878787878787878, 0.55], [0.0, 1.0], [0.3333333333333333, 0.9]]","[61, 53, 10, 26]",,,
"{""run_name"": ""fedheart_ablation_pergroup_noanchor"", ""seed"": 31337, ""run_dir"": ""runs/ablation_fedheart_fedheart/pergroup_erm_anchor_s31337"", ""use_fedheart"": true, ""num_classes"": 2, ""stratified_batching"": true, ""train_frac"": 0.8, ""data_split_seed"": 43, ""group_max_train_samples"": [null, null, 20, 25], ""true_hetero_input_dim"": true, ""feature_mask"": [[0, 1, 2, 3, 5, 6, 7, 8, 9, 10], [0, 1, 2, 3, 5, 6, 11, 12], [0, 1, 2, 4, 5, 7, 11, 12], [0, 1, 2, 4, 5, 6, 8, 9, 10]], ""batch_size"": 64, ""num_workers"": 0, ""epochs"": 150, ""early_stopping_patience"": 40, ""lr"": 0.001, ""weight_decay"": 0.0001, ""optimizer"": ""adam"", ""grad_clip"": 1.0, ""lr_scheduler"": ""cosine"", ""lr_min"": 1e-05, ""latent_dim"": 64, ""head_hidden"": 32, ""groups"": [{""name"": ""cleveland"", ""encoder"": ""mlp_tabular_ln"", ""input_dim"": 10, ""hidden_dim"": 64, ""dropout"": 0.1}, {""name"": ""hungarian"", ""encoder"": ""mlp_tabular_ln"", ""input_dim"": 8, ""hidden_dim"": 64, ""dropout"": 0.1}, {""name"": ""switzerland"", ""encoder"": ""mlp_tabular_ln"", ""input_dim"": 8, ""hidden_dim"": 64, ""dropout"": 0.1}, {""name"": ""va_long_beach"", ""encoder"": ""mlp_tabular_ln"", ""input_dim"": 9, ""hidden_dim"": 64, ""dropout"": 0.1}], ""anchor_eps"": 0.0001, ""sep_samples_per_class"": 4, ""sep_method"": ""classifier"", ""sep_margin"": 1.0, ""lambda_fit"": 0.1, ""lambda_sep"": 0.1, ""groupdro_enabled"": false, ""groupdro_eta"": 2.0, ""groupdro_gamma"": 0.9, ""groupdro_update_mode"": ""softmax"", ""groupdro_objective"": ""weighted"", ""groupdro_kl_lambda"": 0.0, ""groupdro_uniform_init"": true, ""log_interval"": 20, ""save_every"": 10, ""common_encoder"": false}","{""num_groups"": 4, ""num_classes"": 2, ""train_total"": 495, ""test_total"": 150, ""train_group_counts"": [242, 208, 20, 25], ""test_group_counts"": [61, 53, 10, 26], ""train_class_counts"": [266, 229], ""test_class_counts"": [73, 77], ""train_group_class_counts"": [[131, 111], [130, 78], [0, 20], [5, 20]], ""test_group_class_counts"": [[33, 28], [33, 20], [1, 9], [6, 20]], ""group_proportions"": [0.4888888888888889, 0.4202020202020202, 0.04040404040404041, 0.050505050505050504]}",,2026-09-07T00:58:05.051752,45,0.2543262492073068,0.8914027178988737,0.001,0.7333333333333333,0.771545242570606,0.6792452830188679,0.9,"[0.7377049180327869, 0.6792452830188679, 0.9, 0.7692307692307693]","[0.7411482031991492, 0.8232037707600953, 0.470829646429047, 0.8892192877381324]","[0.6986301369863014, 0.7662337662337663]","[[0.7272727272727273, 0.75], [0.7575757575757576, 0.55], [0.0, 1.0], [0.3333333333333333, 0.9]]","[61, 53, 10, 26]",,,
"{""run_name"": ""fedheart_ablation_pergroup_noanchor"", ""seed"": 31337, ""run_dir"": ""runs/ablation_fedheart_fedheart/pergroup_erm_anchor_s31337"", ""use_fedheart"": true, ""num_classes"": 2, ""stratified_batching"": true, ""train_frac"": 0.8, ""data_split_seed"": 43, ""group_max_train_samples"": [null, null, 20, 25], ""true_hetero_input_dim"": true, ""feature_mask"": [[0, 1, 2, 3, 5, 6, 7, 8, 9, 10], [0, 1, 2, 3, 5, 6, 11, 12], [0, 1, 2, 4, 5, 7, 11, 12], [0, 1, 2, 4, 5, 6, 8, 9, 10]], ""batch_size"": 64, ""num_workers"": 0, ""epochs"": 150, ""early_stopping_patience"": 40, ""lr"": 0.001, ""weight_decay"": 0.0001, ""optimizer"": ""adam"", ""grad_clip"": 1.0, ""lr_scheduler"": ""cosine"", ""lr_min"": 1e-05, ""latent_dim"": 64, ""head_hidden"": 32, ""groups"": [{""name"": ""cleveland"", ""encoder"": ""mlp_tabular_ln"", ""input_dim"": 10, ""hidden_dim"": 64, ""dropout"": 0.1}, {""name"": ""hungarian"", ""encoder"": ""mlp_tabular_ln"", ""input_dim"": 8, ""hidden_dim"": 64, ""dropout"": 0.1}, {""name"": ""switzerland"", ""encoder"": ""mlp_tabular_ln"", ""input_dim"": 8, ""hidden_dim"": 64, ""dropout"": 0.1}, {""name"": ""va_long_beach"", ""encoder"": ""mlp_tabular_ln"", ""input_dim"": 9, ""hidden_dim"": 64, ""dropout"": 0.1}], ""anchor_eps"": 0.0001, ""sep_samples_per_class"": 4, ""sep_method"": ""classifier"", ""sep_margin"": 1.0, ""lambda_fit"": 0.1, ""lambda_sep"": 0.1, ""groupdro_enabled"": false, ""groupdro_eta"": 2.0, ""groupdro_gamma"": 0.9, ""groupdro_update_mode"": ""softmax"", ""groupdro_objective"": ""weighted"", ""groupdro_kl_lambda"": 0.0, ""groupdro_uniform_init"": true, ""log_interval"": 20, ""save_every"": 10, ""common_encoder"": false}","{""num_groups"": 4, ""num_classes"": 2, ""train_total"": 495, ""test_total"": 150, ""train_group_counts"": [242, 208, 20, 25], ""test_group_counts"": [61, 53, 10, 26], ""train_class_counts"": [266, 229], ""test_class_counts"": [73, 77], ""train_group_class_counts"": [[131, 111], [130, 78], [0, 20], [5, 20]], ""test_group_class_counts"": [[33, 28], [33, 20], [1, 9], [6, 20]], ""group_proportions"": [0.4888888888888889, 0.4202020202020202, 0.04040404040404041, 0.050505050505050504]}",,2026-09-07T00:58:05.051752,46,0.23572528564552375,0.8981900433609389,0.001,0.7133333333333334,0.7592501606033929,0.6792452830188679,0.9,"[0.6885245901639344, 0.6792452830188679, 0.9, 0.7692307692307693]","[0.8256662492640316, 0.8389906119203793, 0.47103615654632447, 0.8810290126577736]","[0.726027397260274, 0.7012987012987013]","[[0.7878787878787878, 0.5714285714285714], [0.7575757575757576, 0.55], [0.0, 1.0], [0.3333333333333333, 0.9]]","[61, 53, 10, 26]",,,
"{""run_name"": ""fedheart_ablation_pergroup_noanchor"", ""seed"": 31337, ""run_dir"": ""runs/ablation_fedheart_fedheart/pergroup_erm_anchor_s31337"", ""use_fedheart"": true, ""num_classes"": 2, ""stratified_batching"": true, ""train_frac"": 0.8, ""data_split_seed"": 43, ""group_max_train_samples"": [null, null, 20, 25], ""true_hetero_input_dim"": true, ""feature_mask"": [[0, 1, 2, 3, 5, 6, 7, 8, 9, 10], [0, 1, 2, 3, 5, 6, 11, 12], [0, 1, 2, 4, 5, 7, 11, 12], [0, 1, 2, 4, 5, 6, 8, 9, 10]], ""batch_size"": 64, ""num_workers"": 0, ""epochs"": 150, ""early_stopping_patience"": 40, ""lr"": 0.001, ""weight_decay"": 0.0001, ""optimizer"": ""adam"", ""grad_clip"": 1.0, ""lr_scheduler"": ""cosine"", ""lr_min"": 1e-05, ""latent_dim"": 64, ""head_hidden"": 32, ""groups"": [{""name"": ""cleveland"", ""encoder"": ""mlp_tabular_ln"", ""input_dim"": 10, ""hidden_dim"": 64, ""dropout"": 0.1}, {""name"": ""hungarian"", ""encoder"": ""mlp_tabular_ln"", ""input_dim"": 8, ""hidden_dim"": 64, ""dropout"": 0.1}, {""name"": ""switzerland"", ""encoder"": ""mlp_tabular_ln"", ""input_dim"": 8, ""hidden_dim"": 64, ""dropout"": 0.1}, {""name"": ""va_long_beach"", ""encoder"": ""mlp_tabular_ln"", ""input_dim"": 9, ""hidden_dim"": 64, ""dropout"": 0.1}], ""anchor_eps"": 0.0001, ""sep_samples_per_class"": 4, ""sep_method"": ""classifier"", ""sep_margin"": 1.0, ""lambda_fit"": 0.1, ""lambda_sep"": 0.1, ""groupdro_enabled"": false, ""groupdro_eta"": 2.0, ""groupdro_gamma"": 0.9, ""groupdro_update_mode"": ""softmax"", ""groupdro_objective"": ""weighted"", ""groupdro_kl_lambda"": 0.0, ""groupdro_uniform_init"": true, ""log_interval"": 20, ""save_every"": 10, ""common_encoder"": false}","{""num_groups"": 4, ""num_classes"": 2, ""train_total"": 495, ""test_total"": 150, ""train_group_counts"": [242, 208, 20, 25], ""test_group_counts"": [61, 53, 10, 26], ""train_class_counts"": [266, 229], ""test_class_counts"": [73, 77], ""train_group_class_counts"": [[131, 111], [130, 78], [0, 20], [5, 20]], ""test_group_class_counts"": [[33, 28], [33, 20], [1, 9], [6, 20]], ""group_proportions"": [0.4888888888888889, 0.4202020202020202, 0.04040404040404041, 0.050505050505050504]}",,2026-09-07T00:58:05.051752,47,0.25365078718953543,0.8914027178988737,0.001,0.7266666666666667,0.7674468819148683,0.6792452830188679,0.9,"[0.7213114754098361, 0.6792452830188679, 0.9, 0.7692307692307693]","[0.8041893678953963, 0.8584321070251599, 0.4699331493116915, 0.8734429972425389]","[0.6986301369863014, 0.7532467532467533]","[[0.7272727272727273, 0.7142857142857143], [0.7575757575757576, 0.55], [0.0, 1.0], [0.3333333333333333, 0.9]]","[61, 53, 10, 26]",,,
"{""run_name"": ""fedheart_ablation_pergroup_noanchor"", ""seed"": 31337, ""run_dir"": ""runs/ablation_fedheart_fedheart/pergroup_erm_anchor_s31337"", ""use_fedheart"": true, ""num_classes"": 2, ""stratified_batching"": true, ""train_frac"": 0.8, ""data_split_seed"": 43, ""group_max_train_samples"": [null, null, 20, 25], ""true_hetero_input_dim"": true, ""feature_mask"": [[0, 1, 2, 3, 5, 6, 7, 8, 9, 10], [0, 1, 2, 3, 5, 6, 11, 12], [0, 1, 2, 4, 5, 7, 11, 12], [0, 1, 2, 4, 5, 6, 8, 9, 10]], ""batch_size"": 64, ""num_workers"": 0, ""epochs"": 150, ""early_stopping_patience"": 40, ""lr"": 0.001, ""weight_decay"": 0.0001, ""optimizer"": ""adam"", ""grad_clip"": 1.0, ""lr_scheduler"": ""cosine"", ""lr_min"": 1e-05, ""latent_dim"": 64, ""head_hidden"": 32, ""groups"": [{""name"": ""cleveland"", ""encoder"": ""mlp_tabular_ln"", ""input_dim"": 10, ""hidden_dim"": 64, ""dropout"": 0.1}, {""name"": ""hungarian"", ""encoder"": ""mlp_tabular_ln"", ""input_dim"": 8, ""hidden_dim"": 64, ""dropout"": 0.1}, {""name"": ""switzerland"", ""encoder"": ""mlp_tabular_ln"", ""input_dim"": 8, ""hidden_dim"": 64, ""dropout"": 0.1}, {""name"": ""va_long_beach"", ""encoder"": ""mlp_tabular_ln"", ""input_dim"": 9, ""hidden_dim"": 64, ""dropout"": 0.1}], ""anchor_eps"": 0.0001, ""sep_samples_per_class"": 4, ""sep_method"": ""classifier"", ""sep_margin"": 1.0, ""lambda_fit"": 0.1, ""lambda_sep"": 0.1, ""groupdro_enabled"": false, ""groupdro_eta"": 2.0, ""groupdro_gamma"": 0.9, ""groupdro_update_mode"": ""softmax"", ""groupdro_objective"": ""weighted"", ""groupdro_kl_lambda"": 0.0, ""groupdro_uniform_init"": true, ""log_interval"": 20, ""save_every"": 10, ""common_encoder"": false}","{""num_groups"": 4, ""num_classes"": 2, ""train_total"": 495, ""test_total"": 150, ""train_group_counts"": [242, 208, 20, 25], ""test_group_counts"": [61, 53, 10, 26], ""train_class_counts"": [266, 229], ""test_class_counts"": [73, 77], ""train_group_class_counts"": [[131, 111], [130, 78], [0, 20], [5, 20]], ""test_group_class_counts"": [[33, 28], [33, 20], [1, 9], [6, 20]], ""group_proportions"": [0.4888888888888889, 0.4202020202020202, 0.04040404040404041, 0.050505050505050504]}",,2026-09-07T00:58:05.051752,48,0.27043171287661766,0.877828054838051,0.001,0.7133333333333334,0.7598687810797307,0.6721311475409836,0.9,"[0.6721311475409836, 0.6981132075471698, 0.9, 0.7692307692307693]","[0.8100765234615165, 0.8714297918848833, 0.46366843157447873, 0.8684613165320255]","[0.684931506849315, 0.7402597402597403]","[[0.7272727272727273, 0.6071428571428571], [0.7272727272727273, 0.65], [0.0, 1.0], [0.3333333333333333, 0.9]]","[61, 53, 10, 26]",,,
