config,dataset_info,groupdro_config,start_time,epoch,train_loss,train_acc,learning_rate,test_overall_acc,test_balanced_acc,test_worst_group_acc,test_best_group_acc,test_per_group_acc,test_per_group_loss,test_per_class_acc,test_per_group_per_class_acc,test_per_group_counts,groupdro_weights,groupdro_pi,groupdro_kl_penalty
"{""run_name"": ""fedheart_ablation_pergroup_noanchor"", ""seed"": 2024, ""run_dir"": ""runs/ablation_fedheart_fedheart/shared_erm_s2024"", ""use_fedheart"": true, ""num_classes"": 2, ""stratified_batching"": true, ""train_frac"": 0.8, ""data_split_seed"": 43, ""group_max_train_samples"": [null, null, 20, 25], ""true_hetero_input_dim"": true, ""feature_mask"": [[0, 1, 2, 3, 5, 6, 7, 8, 9, 10], [0, 1, 2, 3, 5, 6, 11, 12], [0, 1, 2, 4, 5, 7, 11, 12], [0, 1, 2, 4, 5, 6, 8, 9, 10]], ""batch_size"": 64, ""num_workers"": 0, ""epochs"": 150, ""early_stopping_patience"": 40, ""lr"": 0.001, ""weight_decay"": 0.0001, ""optimizer"": ""adam"", ""grad_clip"": 1.0, ""lr_scheduler"": ""cosine"", ""lr_min"": 1e-05, ""latent_dim"": 64, ""head_hidden"": 32, ""groups"": [{""name"": ""cleveland"", ""encoder"": ""mlp_tabular_ln"", ""input_dim"": 13, ""hidden_dim"": 64, ""dropout"": 0.1}, {""name"": ""hungarian"", ""encoder"": ""mlp_tabular_ln"", ""input_dim"": 13, ""hidden_dim"": 64, ""dropout"": 0.1}, {""name"": ""switzerland"", ""encoder"": ""mlp_tabular_ln"", ""input_dim"": 13, ""hidden_dim"": 64, ""dropout"": 0.1}, {""name"": ""va_long_beach"", ""encoder"": ""mlp_tabular_ln"", ""input_dim"": 13, ""hidden_dim"": 64, ""dropout"": 0.1}], ""anchor_eps"": 0.0001, ""sep_samples_per_class"": 4, ""sep_method"": ""classifier"", ""sep_margin"": 1.0, ""lambda_fit"": 0.0, ""lambda_sep"": 0.0, ""groupdro_enabled"": false, ""groupdro_eta"": 2.0, ""groupdro_gamma"": 0.9, ""groupdro_update_mode"": ""softmax"", ""groupdro_objective"": ""weighted"", ""groupdro_kl_lambda"": 0.0, ""groupdro_uniform_init"": true, ""log_interval"": 20, ""save_every"": 10, ""common_encoder"": true}","{""num_groups"": 4, ""num_classes"": 2, ""train_total"": 495, ""test_total"": 150, ""train_group_counts"": [242, 208, 20, 25], ""test_group_counts"": [61, 53, 10, 26], ""train_class_counts"": [266, 229], ""test_class_counts"": [73, 77], ""train_group_class_counts"": [[131, 111], [130, 78], [0, 20], [5, 20]], ""test_group_class_counts"": [[33, 28], [33, 20], [1, 9], [6, 20]], ""group_proportions"": [0.4888888888888889, 0.4202020202020202, 0.04040404040404041, 0.050505050505050504]}",,2026-09-07T00:55:58.469087,1,0.6538750068094935,0.6199094987562879,0.001,0.62,0.5815032477575007,0.5,0.7358490566037735,"[0.5901639344262295, 0.7358490566037735, 0.5, 0.5]","[0.661075475763102, 0.6173915896775588, 0.6768489837646484, 0.7217360070118537]","[0.8356164383561644, 0.4155844155844156]","[[0.8181818181818182, 0.32142857142857145], [0.8484848484848485, 0.55], [1.0, 0.4444444444444444], [0.8333333333333334, 0.4]]","[61, 53, 10, 26]",,,
"{""run_name"": ""fedheart_ablation_pergroup_noanchor"", ""seed"": 2024, ""run_dir"": ""runs/ablation_fedheart_fedheart/shared_erm_s2024"", ""use_fedheart"": true, ""num_classes"": 2, ""stratified_batching"": true, ""train_frac"": 0.8, ""data_split_seed"": 43, ""group_max_train_samples"": [null, null, 20, 25], ""true_hetero_input_dim"": true, ""feature_mask"": [[0, 1, 2, 3, 5, 6, 7, 8, 9, 10], [0, 1, 2, 3, 5, 6, 11, 12], [0, 1, 2, 4, 5, 7, 11, 12], [0, 1, 2, 4, 5, 6, 8, 9, 10]], ""batch_size"": 64, ""num_workers"": 0, ""epochs"": 150, ""early_stopping_patience"": 40, ""lr"": 0.001, ""weight_decay"": 0.0001, ""optimizer"": ""adam"", ""grad_clip"": 1.0, ""lr_scheduler"": ""cosine"", ""lr_min"": 1e-05, ""latent_dim"": 64, ""head_hidden"": 32, ""groups"": [{""name"": ""cleveland"", ""encoder"": ""mlp_tabular_ln"", ""input_dim"": 13, ""hidden_dim"": 64, ""dropout"": 0.1}, {""name"": ""hungarian"", ""encoder"": ""mlp_tabular_ln"", ""input_dim"": 13, ""hidden_dim"": 64, ""dropout"": 0.1}, {""name"": ""switzerland"", ""encoder"": ""mlp_tabular_ln"", ""input_dim"": 13, ""hidden_dim"": 64, ""dropout"": 0.1}, {""name"": ""va_long_beach"", ""encoder"": ""mlp_tabular_ln"", ""input_dim"": 13, ""hidden_dim"": 64, ""dropout"": 0.1}], ""anchor_eps"": 0.0001, ""sep_samples_per_class"": 4, ""sep_method"": ""classifier"", ""sep_margin"": 1.0, ""lambda_fit"": 0.0, ""lambda_sep"": 0.0, ""groupdro_enabled"": false, ""groupdro_eta"": 2.0, ""groupdro_gamma"": 0.9, ""groupdro_update_mode"": ""softmax"", ""groupdro_objective"": ""weighted"", ""groupdro_kl_lambda"": 0.0, ""groupdro_uniform_init"": true, ""log_interval"": 20, ""save_every"": 10, ""common_encoder"": true}","{""num_groups"": 4, ""num_classes"": 2, ""train_total"": 495, ""test_total"": 150, ""train_group_counts"": [242, 208, 20, 25], ""test_group_counts"": [61, 53, 10, 26], ""train_class_counts"": [266, 229], ""test_class_counts"": [73, 77], ""train_group_class_counts"": [[131, 111], [130, 78], [0, 20], [5, 20]], ""test_group_class_counts"": [[33, 28], [33, 20], [1, 9], [6, 20]], ""group_proportions"": [0.4888888888888889, 0.4202020202020202, 0.04040404040404041, 0.050505050505050504]}",,2026-09-07T00:55:58.469087,2,0.6055321825575505,0.7488687745046831,0.001,0.7,0.6681362868495563,0.6,0.7358490566037735,"[0.7213114754098361, 0.7358490566037735, 0.6, 0.6153846153846154]","[0.622294552502085, 0.5691576501670873, 0.6177864879369735, 0.7292422778331317]","[0.8767123287671232, 0.5324675324675324]","[[0.9090909090909091, 0.5], [0.8484848484848485, 0.55], [1.0, 0.5555555555555556], [0.8333333333333334, 0.55]]","[61, 53, 10, 26]",,,
"{""run_name"": ""fedheart_ablation_pergroup_noanchor"", ""seed"": 2024, ""run_dir"": ""runs/ablation_fedheart_fedheart/shared_erm_s2024"", ""use_fedheart"": true, ""num_classes"": 2, ""stratified_batching"": true, ""train_frac"": 0.8, ""data_split_seed"": 43, ""group_max_train_samples"": [null, null, 20, 25], ""true_hetero_input_dim"": true, ""feature_mask"": [[0, 1, 2, 3, 5, 6, 7, 8, 9, 10], [0, 1, 2, 3, 5, 6, 11, 12], [0, 1, 2, 4, 5, 7, 11, 12], [0, 1, 2, 4, 5, 6, 8, 9, 10]], ""batch_size"": 64, ""num_workers"": 0, ""epochs"": 150, ""early_stopping_patience"": 40, ""lr"": 0.001, ""weight_decay"": 0.0001, ""optimizer"": ""adam"", ""grad_clip"": 1.0, ""lr_scheduler"": ""cosine"", ""lr_min"": 1e-05, ""latent_dim"": 64, ""head_hidden"": 32, ""groups"": [{""name"": ""cleveland"", ""encoder"": ""mlp_tabular_ln"", ""input_dim"": 13, ""hidden_dim"": 64, ""dropout"": 0.1}, {""name"": ""hungarian"", ""encoder"": ""mlp_tabular_ln"", ""input_dim"": 13, ""hidden_dim"": 64, ""dropout"": 0.1}, {""name"": ""switzerland"", ""encoder"": ""mlp_tabular_ln"", ""input_dim"": 13, ""hidden_dim"": 64, ""dropout"": 0.1}, {""name"": ""va_long_beach"", ""encoder"": ""mlp_tabular_ln"", ""input_dim"": 13, ""hidden_dim"": 64, ""dropout"": 0.1}], ""anchor_eps"": 0.0001, ""sep_samples_per_class"": 4, ""sep_method"": ""classifier"", ""sep_margin"": 1.0, ""lambda_fit"": 0.0, ""lambda_sep"": 0.0, ""groupdro_enabled"": false, ""groupdro_eta"": 2.0, ""groupdro_gamma"": 0.9, ""groupdro_update_mode"": ""softmax"", ""groupdro_objective"": ""weighted"", ""groupdro_kl_lambda"": 0.0, ""groupdro_uniform_init"": true, ""log_interval"": 20, ""save_every"": 10, ""common_encoder"": true}","{""num_groups"": 4, ""num_classes"": 2, ""train_total"": 495, ""test_total"": 150, ""train_group_counts"": [242, 208, 20, 25], ""test_group_counts"": [61, 53, 10, 26], ""train_class_counts"": [266, 229], ""test_class_counts"": [73, 77], ""train_group_class_counts"": [[131, 111], [130, 78], [0, 20], [5, 20]], ""test_group_class_counts"": [[33, 28], [33, 20], [1, 9], [6, 20]], ""group_proportions"": [0.4888888888888889, 0.4202020202020202, 0.04040404040404041, 0.050505050505050504]}",,2026-09-07T00:55:58.469087,3,0.5398756631089552,0.7443438949088705,0.001,0.7066666666666667,0.6716160270289562,0.6,0.7540983606557377,"[0.7540983606557377, 0.7169811320754716, 0.6, 0.6153846153846154]","[0.5897737055039797, 0.5470165877409701, 0.5147702246904373, 0.7102493574986091]","[0.821917808219178, 0.5974025974025974]","[[0.8787878787878788, 0.6071428571428571], [0.7575757575757576, 0.65], [1.0, 0.5555555555555556], [0.8333333333333334, 0.55]]","[61, 53, 10, 26]",,,
"{""run_name"": ""fedheart_ablation_pergroup_noanchor"", ""seed"": 2024, ""run_dir"": ""runs/ablation_fedheart_fedheart/shared_erm_s2024"", ""use_fedheart"": true, ""num_classes"": 2, ""stratified_batching"": true, ""train_frac"": 0.8, ""data_split_seed"": 43, ""group_max_train_samples"": [null, null, 20, 25], ""true_hetero_input_dim"": true, ""feature_mask"": [[0, 1, 2, 3, 5, 6, 7, 8, 9, 10], [0, 1, 2, 3, 5, 6, 11, 12], [0, 1, 2, 4, 5, 7, 11, 12], [0, 1, 2, 4, 5, 6, 8, 9, 10]], ""batch_size"": 64, ""num_workers"": 0, ""epochs"": 150, ""early_stopping_patience"": 40, ""lr"": 0.001, ""weight_decay"": 0.0001, ""optimizer"": ""adam"", ""grad_clip"": 1.0, ""lr_scheduler"": ""cosine"", ""lr_min"": 1e-05, ""latent_dim"": 64, ""head_hidden"": 32, ""groups"": [{""name"": ""cleveland"", ""encoder"": ""mlp_tabular_ln"", ""input_dim"": 13, ""hidden_dim"": 64, ""dropout"": 0.1}, {""name"": ""hungarian"", ""encoder"": ""mlp_tabular_ln"", ""input_dim"": 13, ""hidden_dim"": 64, ""dropout"": 0.1}, {""name"": ""switzerland"", ""encoder"": ""mlp_tabular_ln"", ""input_dim"": 13, ""hidden_dim"": 64, ""dropout"": 0.1}, {""name"": ""va_long_beach"", ""encoder"": ""mlp_tabular_ln"", ""input_dim"": 13, ""hidden_dim"": 64, ""dropout"": 0.1}], ""anchor_eps"": 0.0001, ""sep_samples_per_class"": 4, ""sep_method"": ""classifier"", ""sep_margin"": 1.0, ""lambda_fit"": 0.0, ""lambda_sep"": 0.0, ""groupdro_enabled"": false, ""groupdro_eta"": 2.0, ""groupdro_gamma"": 0.9, ""groupdro_update_mode"": ""softmax"", ""groupdro_objective"": ""weighted"", ""groupdro_kl_lambda"": 0.0, ""groupdro_uniform_init"": true, ""log_interval"": 20, ""save_every"": 10, ""common_encoder"": true}","{""num_groups"": 4, ""num_classes"": 2, ""train_total"": 495, ""test_total"": 150, ""train_group_counts"": [242, 208, 20, 25], ""test_group_counts"": [61, 53, 10, 26], ""train_class_counts"": [266, 229], ""test_class_counts"": [73, 77], ""train_group_class_counts"": [[131, 111], [130, 78], [0, 20], [5, 20]], ""test_group_class_counts"": [[33, 28], [33, 20], [1, 9], [6, 20]], ""group_proportions"": [0.4888888888888889, 0.4202020202020202, 0.04040404040404041, 0.050505050505050504]}",,2026-09-07T00:55:58.469087,4,0.5207018056606275,0.7647058837014625,0.001,0.72,0.7216160270289562,0.6153846153846154,0.8,"[0.7540983606557377, 0.7169811320754716, 0.8, 0.6153846153846154]","[0.5804017321740995, 0.5421761153441556, 0.45837502032518385, 0.7418965757466279]","[0.7945205479452054, 0.6493506493506493]","[[0.8484848484848485, 0.6428571428571429], [0.7272727272727273, 0.7], [1.0, 0.7777777777777778], [0.8333333333333334, 0.55]]","[61, 53, 10, 26]",,,
"{""run_name"": ""fedheart_ablation_pergroup_noanchor"", ""seed"": 2024, ""run_dir"": ""runs/ablation_fedheart_fedheart/shared_erm_s2024"", ""use_fedheart"": true, ""num_classes"": 2, ""stratified_batching"": true, ""train_frac"": 0.8, ""data_split_seed"": 43, ""group_max_train_samples"": [null, null, 20, 25], ""true_hetero_input_dim"": true, ""feature_mask"": [[0, 1, 2, 3, 5, 6, 7, 8, 9, 10], [0, 1, 2, 3, 5, 6, 11, 12], [0, 1, 2, 4, 5, 7, 11, 12], [0, 1, 2, 4, 5, 6, 8, 9, 10]], ""batch_size"": 64, ""num_workers"": 0, ""epochs"": 150, ""early_stopping_patience"": 40, ""lr"": 0.001, ""weight_decay"": 0.0001, ""optimizer"": ""adam"", ""grad_clip"": 1.0, ""lr_scheduler"": ""cosine"", ""lr_min"": 1e-05, ""latent_dim"": 64, ""head_hidden"": 32, ""groups"": [{""name"": ""cleveland"", ""encoder"": ""mlp_tabular_ln"", ""input_dim"": 13, ""hidden_dim"": 64, ""dropout"": 0.1}, {""name"": ""hungarian"", ""encoder"": ""mlp_tabular_ln"", ""input_dim"": 13, ""hidden_dim"": 64, ""dropout"": 0.1}, {""name"": ""switzerland"", ""encoder"": ""mlp_tabular_ln"", ""input_dim"": 13, ""hidden_dim"": 64, ""dropout"": 0.1}, {""name"": ""va_long_beach"", ""encoder"": ""mlp_tabular_ln"", ""input_dim"": 13, ""hidden_dim"": 64, ""dropout"": 0.1}], ""anchor_eps"": 0.0001, ""sep_samples_per_class"": 4, ""sep_method"": ""classifier"", ""sep_margin"": 1.0, ""lambda_fit"": 0.0, ""lambda_sep"": 0.0, ""groupdro_enabled"": false, ""groupdro_eta"": 2.0, ""groupdro_gamma"": 0.9, ""groupdro_update_mode"": ""softmax"", ""groupdro_objective"": ""weighted"", ""groupdro_kl_lambda"": 0.0, ""groupdro_uniform_init"": true, ""log_interval"": 20, ""save_every"": 10, ""common_encoder"": true}","{""num_groups"": 4, ""num_classes"": 2, ""train_total"": 495, ""test_total"": 150, ""train_group_counts"": [242, 208, 20, 25], ""test_group_counts"": [61, 53, 10, 26], ""train_class_counts"": [266, 229], ""test_class_counts"": [73, 77], ""train_group_class_counts"": [[131, 111], [130, 78], [0, 20], [5, 20]], ""test_group_class_counts"": [[33, 28], [33, 20], [1, 9], [6, 20]], ""group_proportions"": [0.4888888888888889, 0.4202020202020202, 0.04040404040404041, 0.050505050505050504]}",,2026-09-07T00:55:58.469087,5,0.5272870522279006,0.7511312233376827,0.001,0.72,0.7203787860762807,0.6153846153846154,0.8,"[0.7868852459016393, 0.6792452830188679, 0.8, 0.6153846153846154]","[0.5717939916448515, 0.5555020925009025, 0.3976608268916607, 0.7136021133225697]","[0.7671232876712328, 0.6753246753246753]","[[0.8484848484848485, 0.7142857142857143], [0.6666666666666666, 0.7], [1.0, 0.7777777777777778], [0.8333333333333334, 0.55]]","[61, 53, 10, 26]",,,
"{""run_name"": ""fedheart_ablation_pergroup_noanchor"", ""seed"": 2024, ""run_dir"": ""runs/ablation_fedheart_fedheart/shared_erm_s2024"", ""use_fedheart"": true, ""num_classes"": 2, ""stratified_batching"": true, ""train_frac"": 0.8, ""data_split_seed"": 43, ""group_max_train_samples"": [null, null, 20, 25], ""true_hetero_input_dim"": true, ""feature_mask"": [[0, 1, 2, 3, 5, 6, 7, 8, 9, 10], [0, 1, 2, 3, 5, 6, 11, 12], [0, 1, 2, 4, 5, 7, 11, 12], [0, 1, 2, 4, 5, 6, 8, 9, 10]], ""batch_size"": 64, ""num_workers"": 0, ""epochs"": 150, ""early_stopping_patience"": 40, ""lr"": 0.001, ""weight_decay"": 0.0001, ""optimizer"": ""adam"", ""grad_clip"": 1.0, ""lr_scheduler"": ""cosine"", ""lr_min"": 1e-05, ""latent_dim"": 64, ""head_hidden"": 32, ""groups"": [{""name"": ""cleveland"", ""encoder"": ""mlp_tabular_ln"", ""input_dim"": 13, ""hidden_dim"": 64, ""dropout"": 0.1}, {""name"": ""hungarian"", ""encoder"": ""mlp_tabular_ln"", ""input_dim"": 13, ""hidden_dim"": 64, ""dropout"": 0.1}, {""name"": ""switzerland"", ""encoder"": ""mlp_tabular_ln"", ""input_dim"": 13, ""hidden_dim"": 64, ""dropout"": 0.1}, {""name"": ""va_long_beach"", ""encoder"": ""mlp_tabular_ln"", ""input_dim"": 13, ""hidden_dim"": 64, ""dropout"": 0.1}], ""anchor_eps"": 0.0001, ""sep_samples_per_class"": 4, ""sep_method"": ""classifier"", ""sep_margin"": 1.0, ""lambda_fit"": 0.0, ""lambda_sep"": 0.0, ""groupdro_enabled"": false, ""groupdro_eta"": 2.0, ""groupdro_gamma"": 0.9, ""groupdro_update_mode"": ""softmax"", ""groupdro_objective"": ""weighted"", ""groupdro_kl_lambda"": 0.0, ""groupdro_uniform_init"": true, ""log_interval"": 20, ""save_every"": 10, ""common_encoder"": true}","{""num_groups"": 4, ""num_classes"": 2, ""train_total"": 495, ""test_total"": 150, ""train_group_counts"": [242, 208, 20, 25], ""test_group_counts"": [61, 53, 10, 26], ""train_class_counts"": [266, 229], ""test_class_counts"": [73, 77], ""train_group_class_counts"": [[131, 111], [130, 78], [0, 20], [5, 20]], ""test_group_class_counts"": [[33, 28], [33, 20], [1, 9], [6, 20]], ""group_proportions"": [0.4888888888888889, 0.4202020202020202, 0.04040404040404041, 0.050505050505050504]}",,2026-09-07T00:55:58.469087,6,0.5147161311153913,0.7556561123731449,0.001,0.72,0.7209974065526185,0.6153846153846154,0.8,"[0.7704918032786885, 0.6981132075471698, 0.8, 0.6153846153846154]","[0.5613739638299239, 0.5616293881299361, 0.3975023843348026, 0.6935729888769296]","[0.7671232876712328, 0.6753246753246753]","[[0.8484848484848485, 0.6785714285714286], [0.6666666666666666, 0.75], [1.0, 0.7777777777777778], [0.8333333333333334, 0.55]]","[61, 53, 10, 26]",,,
"{""run_name"": ""fedheart_ablation_pergroup_noanchor"", ""seed"": 2024, ""run_dir"": ""runs/ablation_fedheart_fedheart/shared_erm_s2024"", ""use_fedheart"": true, ""num_classes"": 2, ""stratified_batching"": true, ""train_frac"": 0.8, ""data_split_seed"": 43, ""group_max_train_samples"": [null, null, 20, 25], ""true_hetero_input_dim"": true, ""feature_mask"": [[0, 1, 2, 3, 5, 6, 7, 8, 9, 10], [0, 1, 2, 3, 5, 6, 11, 12], [0, 1, 2, 4, 5, 7, 11, 12], [0, 1, 2, 4, 5, 6, 8, 9, 10]], ""batch_size"": 64, ""num_workers"": 0, ""epochs"": 150, ""early_stopping_patience"": 40, ""lr"": 0.001, ""weight_decay"": 0.0001, ""optimizer"": ""adam"", ""grad_clip"": 1.0, ""lr_scheduler"": ""cosine"", ""lr_min"": 1e-05, ""latent_dim"": 64, ""head_hidden"": 32, ""groups"": [{""name"": ""cleveland"", ""encoder"": ""mlp_tabular_ln"", ""input_dim"": 13, ""hidden_dim"": 64, ""dropout"": 0.1}, {""name"": ""hungarian"", ""encoder"": ""mlp_tabular_ln"", ""input_dim"": 13, ""hidden_dim"": 64, ""dropout"": 0.1}, {""name"": ""switzerland"", ""encoder"": ""mlp_tabular_ln"", ""input_dim"": 13, ""hidden_dim"": 64, ""dropout"": 0.1}, {""name"": ""va_long_beach"", ""encoder"": ""mlp_tabular_ln"", ""input_dim"": 13, ""hidden_dim"": 64, ""dropout"": 0.1}], ""anchor_eps"": 0.0001, ""sep_samples_per_class"": 4, ""sep_method"": ""classifier"", ""sep_margin"": 1.0, ""lambda_fit"": 0.0, ""lambda_sep"": 0.0, ""groupdro_enabled"": false, ""groupdro_eta"": 2.0, ""groupdro_gamma"": 0.9, ""groupdro_update_mode"": ""softmax"", ""groupdro_objective"": ""weighted"", ""groupdro_kl_lambda"": 0.0, ""groupdro_uniform_init"": true, ""log_interval"": 20, ""save_every"": 10, ""common_encoder"": true}","{""num_groups"": 4, ""num_classes"": 2, ""train_total"": 495, ""test_total"": 150, ""train_group_counts"": [242, 208, 20, 25], ""test_group_counts"": [61, 53, 10, 26], ""train_class_counts"": [266, 229], ""test_class_counts"": [73, 77], ""train_group_class_counts"": [[131, 111], [130, 78], [0, 20], [5, 20]], ""test_group_class_counts"": [[33, 28], [33, 20], [1, 9], [6, 20]], ""group_proportions"": [0.4888888888888889, 0.4202020202020202, 0.04040404040404041, 0.050505050505050504]}",,2026-09-07T00:55:58.469087,7,0.4703685345962576,0.7737556544903716,0.001,0.7133333333333334,0.7168990458968807,0.6153846153846154,0.8,"[0.7540983606557377, 0.6981132075471698, 0.8, 0.6153846153846154]","[0.5626982562854642, 0.5637011892109547, 0.42774510383605957, 0.7262592980494866]","[0.7808219178082192, 0.6493506493506493]","[[0.8484848484848485, 0.6428571428571429], [0.696969696969697, 0.7], [1.0, 0.7777777777777778], [0.8333333333333334, 0.55]]","[61, 53, 10, 26]",,,
"{""run_name"": ""fedheart_ablation_pergroup_noanchor"", ""seed"": 2024, ""run_dir"": ""runs/ablation_fedheart_fedheart/shared_erm_s2024"", ""use_fedheart"": true, ""num_classes"": 2, ""stratified_batching"": true, ""train_frac"": 0.8, ""data_split_seed"": 43, ""group_max_train_samples"": [null, null, 20, 25], ""true_hetero_input_dim"": true, ""feature_mask"": [[0, 1, 2, 3, 5, 6, 7, 8, 9, 10], [0, 1, 2, 3, 5, 6, 11, 12], [0, 1, 2, 4, 5, 7, 11, 12], [0, 1, 2, 4, 5, 6, 8, 9, 10]], ""batch_size"": 64, ""num_workers"": 0, ""epochs"": 150, ""early_stopping_patience"": 40, ""lr"": 0.001, ""weight_decay"": 0.0001, ""optimizer"": ""adam"", ""grad_clip"": 1.0, ""lr_scheduler"": ""cosine"", ""lr_min"": 1e-05, ""latent_dim"": 64, ""head_hidden"": 32, ""groups"": [{""name"": ""cleveland"", ""encoder"": ""mlp_tabular_ln"", ""input_dim"": 13, ""hidden_dim"": 64, ""dropout"": 0.1}, {""name"": ""hungarian"", ""encoder"": ""mlp_tabular_ln"", ""input_dim"": 13, ""hidden_dim"": 64, ""dropout"": 0.1}, {""name"": ""switzerland"", ""encoder"": ""mlp_tabular_ln"", ""input_dim"": 13, ""hidden_dim"": 64, ""dropout"": 0.1}, {""name"": ""va_long_beach"", ""encoder"": ""mlp_tabular_ln"", ""input_dim"": 13, ""hidden_dim"": 64, ""dropout"": 0.1}], ""anchor_eps"": 0.0001, ""sep_samples_per_class"": 4, ""sep_method"": ""classifier"", ""sep_margin"": 1.0, ""lambda_fit"": 0.0, ""lambda_sep"": 0.0, ""groupdro_enabled"": false, ""groupdro_eta"": 2.0, ""groupdro_gamma"": 0.9, ""groupdro_update_mode"": ""softmax"", ""groupdro_objective"": ""weighted"", ""groupdro_kl_lambda"": 0.0, ""groupdro_uniform_init"": true, ""log_interval"": 20, ""save_every"": 10, ""common_encoder"": true}","{""num_groups"": 4, ""num_classes"": 2, ""train_total"": 495, ""test_total"": 150, ""train_group_counts"": [242, 208, 20, 25], ""test_group_counts"": [61, 53, 10, 26], ""train_class_counts"": [266, 229], ""test_class_counts"": [73, 77], ""train_group_class_counts"": [[131, 111], [130, 78], [0, 20], [5, 20]], ""test_group_class_counts"": [[33, 28], [33, 20], [1, 9], [6, 20]], ""group_proportions"": [0.4888888888888889, 0.4202020202020202, 0.04040404040404041, 0.050505050505050504]}",,2026-09-07T00:55:58.469087,8,0.47236168276670293,0.7805429845374094,0.001,0.7333333333333333,0.7304313688167694,0.6153846153846154,0.8,"[0.7704918032786885, 0.7358490566037735, 0.8, 0.6153846153846154]","[0.565069309756404, 0.5762128250075961, 0.41188626140356066, 0.7283067643069304]","[0.7945205479452054, 0.6753246753246753]","[[0.8484848484848485, 0.6785714285714286], [0.7272727272727273, 0.75], [1.0, 0.7777777777777778], [0.8333333333333334, 0.55]]","[61, 53, 10, 26]",,,
"{""run_name"": ""fedheart_ablation_pergroup_noanchor"", ""seed"": 2024, ""run_dir"": ""runs/ablation_fedheart_fedheart/shared_erm_s2024"", ""use_fedheart"": true, ""num_classes"": 2, ""stratified_batching"": true, ""train_frac"": 0.8, ""data_split_seed"": 43, ""group_max_train_samples"": [null, null, 20, 25], ""true_hetero_input_dim"": true, ""feature_mask"": [[0, 1, 2, 3, 5, 6, 7, 8, 9, 10], [0, 1, 2, 3, 5, 6, 11, 12], [0, 1, 2, 4, 5, 7, 11, 12], [0, 1, 2, 4, 5, 6, 8, 9, 10]], ""batch_size"": 64, ""num_workers"": 0, ""epochs"": 150, ""early_stopping_patience"": 40, ""lr"": 0.001, ""weight_decay"": 0.0001, ""optimizer"": ""adam"", ""grad_clip"": 1.0, ""lr_scheduler"": ""cosine"", ""lr_min"": 1e-05, ""latent_dim"": 64, ""head_hidden"": 32, ""groups"": [{""name"": ""cleveland"", ""encoder"": ""mlp_tabular_ln"", ""input_dim"": 13, ""hidden_dim"": 64, ""dropout"": 0.1}, {""name"": ""hungarian"", ""encoder"": ""mlp_tabular_ln"", ""input_dim"": 13, ""hidden_dim"": 64, ""dropout"": 0.1}, {""name"": ""switzerland"", ""encoder"": ""mlp_tabular_ln"", ""input_dim"": 13, ""hidden_dim"": 64, ""dropout"": 0.1}, {""name"": ""va_long_beach"", ""encoder"": ""mlp_tabular_ln"", ""input_dim"": 13, ""hidden_dim"": 64, ""dropout"": 0.1}], ""anchor_eps"": 0.0001, ""sep_samples_per_class"": 4, ""sep_method"": ""classifier"", ""sep_margin"": 1.0, ""lambda_fit"": 0.0, ""lambda_sep"": 0.0, ""groupdro_enabled"": false, ""groupdro_eta"": 2.0, ""groupdro_gamma"": 0.9, ""groupdro_update_mode"": ""softmax"", ""groupdro_objective"": ""weighted"", ""groupdro_kl_lambda"": 0.0, ""groupdro_uniform_init"": true, ""log_interval"": 20, ""save_every"": 10, ""common_encoder"": true}","{""num_groups"": 4, ""num_classes"": 2, ""train_total"": 495, ""test_total"": 150, ""train_group_counts"": [242, 208, 20, 25], ""test_group_counts"": [61, 53, 10, 26], ""train_class_counts"": [266, 229], ""test_class_counts"": [73, 77], ""train_group_class_counts"": [[131, 111], [130, 78], [0, 20], [5, 20]], ""test_group_class_counts"": [[33, 28], [33, 20], [1, 9], [6, 20]], ""group_proportions"": [0.4888888888888889, 0.4202020202020202, 0.04040404040404041, 0.050505050505050504]}",,2026-09-07T00:55:58.469087,9,0.4558025005176596,0.7873303205179413,0.001,0.7133333333333334,0.7175176663732186,0.6153846153846154,0.8,"[0.7377049180327869, 0.7169811320754716, 0.8, 0.6153846153846154]","[0.5710758475861588, 0.5661588138988558, 0.46833110600709915, 0.7935613058507442]","[0.8082191780821918, 0.6233766233766234]","[[0.8484848484848485, 0.6071428571428571], [0.7575757575757576, 0.65], [1.0, 0.7777777777777778], [0.8333333333333334, 0.55]]","[61, 53, 10, 26]",,,
"{""run_name"": ""fedheart_ablation_pergroup_noanchor"", ""seed"": 2024, ""run_dir"": ""runs/ablation_fedheart_fedheart/shared_erm_s2024"", ""use_fedheart"": true, ""num_classes"": 2, ""stratified_batching"": true, ""train_frac"": 0.8, ""data_split_seed"": 43, ""group_max_train_samples"": [null, null, 20, 25], ""true_hetero_input_dim"": true, ""feature_mask"": [[0, 1, 2, 3, 5, 6, 7, 8, 9, 10], [0, 1, 2, 3, 5, 6, 11, 12], [0, 1, 2, 4, 5, 7, 11, 12], [0, 1, 2, 4, 5, 6, 8, 9, 10]], ""batch_size"": 64, ""num_workers"": 0, ""epochs"": 150, ""early_stopping_patience"": 40, ""lr"": 0.001, ""weight_decay"": 0.0001, ""optimizer"": ""adam"", ""grad_clip"": 1.0, ""lr_scheduler"": ""cosine"", ""lr_min"": 1e-05, ""latent_dim"": 64, ""head_hidden"": 32, ""groups"": [{""name"": ""cleveland"", ""encoder"": ""mlp_tabular_ln"", ""input_dim"": 13, ""hidden_dim"": 64, ""dropout"": 0.1}, {""name"": ""hungarian"", ""encoder"": ""mlp_tabular_ln"", ""input_dim"": 13, ""hidden_dim"": 64, ""dropout"": 0.1}, {""name"": ""switzerland"", ""encoder"": ""mlp_tabular_ln"", ""input_dim"": 13, ""hidden_dim"": 64, ""dropout"": 0.1}, {""name"": ""va_long_beach"", ""encoder"": ""mlp_tabular_ln"", ""input_dim"": 13, ""hidden_dim"": 64, ""dropout"": 0.1}], ""anchor_eps"": 0.0001, ""sep_samples_per_class"": 4, ""sep_method"": ""classifier"", ""sep_margin"": 1.0, ""lambda_fit"": 0.0, ""lambda_sep"": 0.0, ""groupdro_enabled"": false, ""groupdro_eta"": 2.0, ""groupdro_gamma"": 0.9, ""groupdro_update_mode"": ""softmax"", ""groupdro_objective"": ""weighted"", ""groupdro_kl_lambda"": 0.0, ""groupdro_uniform_init"": true, ""log_interval"": 20, ""save_every"": 10, ""common_encoder"": true}","{""num_groups"": 4, ""num_classes"": 2, ""train_total"": 495, ""test_total"": 150, ""train_group_counts"": [242, 208, 20, 25], ""test_group_counts"": [61, 53, 10, 26], ""train_class_counts"": [266, 229], ""test_class_counts"": [73, 77], ""train_group_class_counts"": [[131, 111], [130, 78], [0, 20], [5, 20]], ""test_group_class_counts"": [[33, 28], [33, 20], [1, 9], [6, 20]], ""group_proportions"": [0.4888888888888889, 0.4202020202020202, 0.04040404040404041, 0.050505050505050504]}",,2026-09-07T00:55:58.469087,10,0.4696705149849076,0.7692307705792906,0.001,0.7133333333333334,0.7175176663732186,0.6153846153846154,0.8,"[0.7377049180327869, 0.7169811320754716, 0.8, 0.6153846153846154]","[0.5705170026812397, 0.5689348348609682, 0.4484943300485611, 0.7816260213462206]","[0.7808219178082192, 0.6493506493506493]","[[0.8181818181818182, 0.6428571428571429], [0.7272727272727273, 0.7], [1.0, 0.7777777777777778], [0.8333333333333334, 0.55]]","[61, 53, 10, 26]",,,
"{""run_name"": ""fedheart_ablation_pergroup_noanchor"", ""seed"": 2024, ""run_dir"": ""runs/ablation_fedheart_fedheart/shared_erm_s2024"", ""use_fedheart"": true, ""num_classes"": 2, ""stratified_batching"": true, ""train_frac"": 0.8, ""data_split_seed"": 43, ""group_max_train_samples"": [null, null, 20, 25], ""true_hetero_input_dim"": true, ""feature_mask"": [[0, 1, 2, 3, 5, 6, 7, 8, 9, 10], [0, 1, 2, 3, 5, 6, 11, 12], [0, 1, 2, 4, 5, 7, 11, 12], [0, 1, 2, 4, 5, 6, 8, 9, 10]], ""batch_size"": 64, ""num_workers"": 0, ""epochs"": 150, ""early_stopping_patience"": 40, ""lr"": 0.001, ""weight_decay"": 0.0001, ""optimizer"": ""adam"", ""grad_clip"": 1.0, ""lr_scheduler"": ""cosine"", ""lr_min"": 1e-05, ""latent_dim"": 64, ""head_hidden"": 32, ""groups"": [{""name"": ""cleveland"", ""encoder"": ""mlp_tabular_ln"", ""input_dim"": 13, ""hidden_dim"": 64, ""dropout"": 0.1}, {""name"": ""hungarian"", ""encoder"": ""mlp_tabular_ln"", ""input_dim"": 13, ""hidden_dim"": 64, ""dropout"": 0.1}, {""name"": ""switzerland"", ""encoder"": ""mlp_tabular_ln"", ""input_dim"": 13, ""hidden_dim"": 64, ""dropout"": 0.1}, {""name"": ""va_long_beach"", ""encoder"": ""mlp_tabular_ln"", ""input_dim"": 13, ""hidden_dim"": 64, ""dropout"": 0.1}], ""anchor_eps"": 0.0001, ""sep_samples_per_class"": 4, ""sep_method"": ""classifier"", ""sep_margin"": 1.0, ""lambda_fit"": 0.0, ""lambda_sep"": 0.0, ""groupdro_enabled"": false, ""groupdro_eta"": 2.0, ""groupdro_gamma"": 0.9, ""groupdro_update_mode"": ""softmax"", ""groupdro_objective"": ""weighted"", ""groupdro_kl_lambda"": 0.0, ""groupdro_uniform_init"": true, ""log_interval"": 20, ""save_every"": 10, ""common_encoder"": true}","{""num_groups"": 4, ""num_classes"": 2, ""train_total"": 495, ""test_total"": 150, ""train_group_counts"": [242, 208, 20, 25], ""test_group_counts"": [61, 53, 10, 26], ""train_class_counts"": [266, 229], ""test_class_counts"": [73, 77], ""train_group_class_counts"": [[131, 111], [130, 78], [0, 20], [5, 20]], ""test_group_class_counts"": [[33, 28], [33, 20], [1, 9], [6, 20]], ""group_proportions"": [0.4888888888888889, 0.4202020202020202, 0.04040404040404041, 0.050505050505050504]}",,2026-09-07T00:55:58.469087,11,0.42483176607891443,0.8212669718319474,0.001,0.7333333333333333,0.7304313688167694,0.6153846153846154,0.8,"[0.7704918032786885, 0.7358490566037735, 0.8, 0.6153846153846154]","[0.5728444754466658, 0.5846025243682681, 0.428022139146924, 0.7679031491279602]","[0.7671232876712328, 0.7012987012987013]","[[0.8181818181818182, 0.7142857142857143], [0.696969696969697, 0.8], [1.0, 0.7777777777777778], [0.8333333333333334, 0.55]]","[61, 53, 10, 26]",,,
"{""run_name"": ""fedheart_ablation_pergroup_noanchor"", ""seed"": 2024, ""run_dir"": ""runs/ablation_fedheart_fedheart/shared_erm_s2024"", ""use_fedheart"": true, ""num_classes"": 2, ""stratified_batching"": true, ""train_frac"": 0.8, ""data_split_seed"": 43, ""group_max_train_samples"": [null, null, 20, 25], ""true_hetero_input_dim"": true, ""feature_mask"": [[0, 1, 2, 3, 5, 6, 7, 8, 9, 10], [0, 1, 2, 3, 5, 6, 11, 12], [0, 1, 2, 4, 5, 7, 11, 12], [0, 1, 2, 4, 5, 6, 8, 9, 10]], ""batch_size"": 64, ""num_workers"": 0, ""epochs"": 150, ""early_stopping_patience"": 40, ""lr"": 0.001, ""weight_decay"": 0.0001, ""optimizer"": ""adam"", ""grad_clip"": 1.0, ""lr_scheduler"": ""cosine"", ""lr_min"": 1e-05, ""latent_dim"": 64, ""head_hidden"": 32, ""groups"": [{""name"": ""cleveland"", ""encoder"": ""mlp_tabular_ln"", ""input_dim"": 13, ""hidden_dim"": 64, ""dropout"": 0.1}, {""name"": ""hungarian"", ""encoder"": ""mlp_tabular_ln"", ""input_dim"": 13, ""hidden_dim"": 64, ""dropout"": 0.1}, {""name"": ""switzerland"", ""encoder"": ""mlp_tabular_ln"", ""input_dim"": 13, ""hidden_dim"": 64, ""dropout"": 0.1}, {""name"": ""va_long_beach"", ""encoder"": ""mlp_tabular_ln"", ""input_dim"": 13, ""hidden_dim"": 64, ""dropout"": 0.1}], ""anchor_eps"": 0.0001, ""sep_samples_per_class"": 4, ""sep_method"": ""classifier"", ""sep_margin"": 1.0, ""lambda_fit"": 0.0, ""lambda_sep"": 0.0, ""groupdro_enabled"": false, ""groupdro_eta"": 2.0, ""groupdro_gamma"": 0.9, ""groupdro_update_mode"": ""softmax"", ""groupdro_objective"": ""weighted"", ""groupdro_kl_lambda"": 0.0, ""groupdro_uniform_init"": true, ""log_interval"": 20, ""save_every"": 10, ""common_encoder"": true}","{""num_groups"": 4, ""num_classes"": 2, ""train_total"": 495, ""test_total"": 150, ""train_group_counts"": [242, 208, 20, 25], ""test_group_counts"": [61, 53, 10, 26], ""train_class_counts"": [266, 229], ""test_class_counts"": [73, 77], ""train_group_class_counts"": [[131, 111], [130, 78], [0, 20], [5, 20]], ""test_group_class_counts"": [[33, 28], [33, 20], [1, 9], [6, 20]], ""group_proportions"": [0.4888888888888889, 0.4202020202020202, 0.04040404040404041, 0.050505050505050504]}",,2026-09-07T00:55:58.469087,12,0.43870894455801845,0.8031674194659583,0.001,0.74,0.740046753432154,0.6538461538461539,0.8,"[0.7704918032786885, 0.7358490566037735, 0.8, 0.6538461538461539]","[0.5758645426420892, 0.6001220727163665, 0.42724827378988267, 0.7834385206493047]","[0.7671232876712328, 0.7142857142857143]","[[0.8181818181818182, 0.7142857142857143], [0.696969696969697, 0.8], [1.0, 0.7777777777777778], [0.8333333333333334, 0.6]]","[61, 53, 10, 26]",,,
"{""run_name"": ""fedheart_ablation_pergroup_noanchor"", ""seed"": 2024, ""run_dir"": ""runs/ablation_fedheart_fedheart/shared_erm_s2024"", ""use_fedheart"": true, ""num_classes"": 2, ""stratified_batching"": true, ""train_frac"": 0.8, ""data_split_seed"": 43, ""group_max_train_samples"": [null, null, 20, 25], ""true_hetero_input_dim"": true, ""feature_mask"": [[0, 1, 2, 3, 5, 6, 7, 8, 9, 10], [0, 1, 2, 3, 5, 6, 11, 12], [0, 1, 2, 4, 5, 7, 11, 12], [0, 1, 2, 4, 5, 6, 8, 9, 10]], ""batch_size"": 64, ""num_workers"": 0, ""epochs"": 150, ""early_stopping_patience"": 40, ""lr"": 0.001, ""weight_decay"": 0.0001, ""optimizer"": ""adam"", ""grad_clip"": 1.0, ""lr_scheduler"": ""cosine"", ""lr_min"": 1e-05, ""latent_dim"": 64, ""head_hidden"": 32, ""groups"": [{""name"": ""cleveland"", ""encoder"": ""mlp_tabular_ln"", ""input_dim"": 13, ""hidden_dim"": 64, ""dropout"": 0.1}, {""name"": ""hungarian"", ""encoder"": ""mlp_tabular_ln"", ""input_dim"": 13, ""hidden_dim"": 64, ""dropout"": 0.1}, {""name"": ""switzerland"", ""encoder"": ""mlp_tabular_ln"", ""input_dim"": 13, ""hidden_dim"": 64, ""dropout"": 0.1}, {""name"": ""va_long_beach"", ""encoder"": ""mlp_tabular_ln"", ""input_dim"": 13, ""hidden_dim"": 64, ""dropout"": 0.1}], ""anchor_eps"": 0.0001, ""sep_samples_per_class"": 4, ""sep_method"": ""classifier"", ""sep_margin"": 1.0, ""lambda_fit"": 0.0, ""lambda_sep"": 0.0, ""groupdro_enabled"": false, ""groupdro_eta"": 2.0, ""groupdro_gamma"": 0.9, ""groupdro_update_mode"": ""softmax"", ""groupdro_objective"": ""weighted"", ""groupdro_kl_lambda"": 0.0, ""groupdro_uniform_init"": true, ""log_interval"": 20, ""save_every"": 10, ""common_encoder"": true}","{""num_groups"": 4, ""num_classes"": 2, ""train_total"": 495, ""test_total"": 150, ""train_group_counts"": [242, 208, 20, 25], ""test_group_counts"": [61, 53, 10, 26], ""train_class_counts"": [266, 229], ""test_class_counts"": [73, 77], ""train_group_class_counts"": [[131, 111], [130, 78], [0, 20], [5, 20]], ""test_group_class_counts"": [[33, 28], [33, 20], [1, 9], [6, 20]], ""group_proportions"": [0.4888888888888889, 0.4202020202020202, 0.04040404040404041, 0.050505050505050504]}",,2026-09-07T00:55:58.469087,13,0.4457561482940864,0.798642532318426,0.001,0.7333333333333333,0.7359483927764163,0.6538461538461539,0.8,"[0.7540983606557377, 0.7358490566037735, 0.8, 0.6538461538461539]","[0.5715938266061369, 0.6032710530496431, 0.4273643597960472, 0.788563927062429]","[0.7671232876712328, 0.7012987012987013]","[[0.8181818181818182, 0.6785714285714286], [0.696969696969697, 0.8], [1.0, 0.7777777777777778], [0.8333333333333334, 0.6]]","[61, 53, 10, 26]",,,
"{""run_name"": ""fedheart_ablation_pergroup_noanchor"", ""seed"": 2024, ""run_dir"": ""runs/ablation_fedheart_fedheart/shared_erm_s2024"", ""use_fedheart"": true, ""num_classes"": 2, ""stratified_batching"": true, ""train_frac"": 0.8, ""data_split_seed"": 43, ""group_max_train_samples"": [null, null, 20, 25], ""true_hetero_input_dim"": true, ""feature_mask"": [[0, 1, 2, 3, 5, 6, 7, 8, 9, 10], [0, 1, 2, 3, 5, 6, 11, 12], [0, 1, 2, 4, 5, 7, 11, 12], [0, 1, 2, 4, 5, 6, 8, 9, 10]], ""batch_size"": 64, ""num_workers"": 0, ""epochs"": 150, ""early_stopping_patience"": 40, ""lr"": 0.001, ""weight_decay"": 0.0001, ""optimizer"": ""adam"", ""grad_clip"": 1.0, ""lr_scheduler"": ""cosine"", ""lr_min"": 1e-05, ""latent_dim"": 64, ""head_hidden"": 32, ""groups"": [{""name"": ""cleveland"", ""encoder"": ""mlp_tabular_ln"", ""input_dim"": 13, ""hidden_dim"": 64, ""dropout"": 0.1}, {""name"": ""hungarian"", ""encoder"": ""mlp_tabular_ln"", ""input_dim"": 13, ""hidden_dim"": 64, ""dropout"": 0.1}, {""name"": ""switzerland"", ""encoder"": ""mlp_tabular_ln"", ""input_dim"": 13, ""hidden_dim"": 64, ""dropout"": 0.1}, {""name"": ""va_long_beach"", ""encoder"": ""mlp_tabular_ln"", ""input_dim"": 13, ""hidden_dim"": 64, ""dropout"": 0.1}], ""anchor_eps"": 0.0001, ""sep_samples_per_class"": 4, ""sep_method"": ""classifier"", ""sep_margin"": 1.0, ""lambda_fit"": 0.0, ""lambda_sep"": 0.0, ""groupdro_enabled"": false, ""groupdro_eta"": 2.0, ""groupdro_gamma"": 0.9, ""groupdro_update_mode"": ""softmax"", ""groupdro_objective"": ""weighted"", ""groupdro_kl_lambda"": 0.0, ""groupdro_uniform_init"": true, ""log_interval"": 20, ""save_every"": 10, ""common_encoder"": true}","{""num_groups"": 4, ""num_classes"": 2, ""train_total"": 495, ""test_total"": 150, ""train_group_counts"": [242, 208, 20, 25], ""test_group_counts"": [61, 53, 10, 26], ""train_class_counts"": [266, 229], ""test_class_counts"": [73, 77], ""train_group_class_counts"": [[131, 111], [130, 78], [0, 20], [5, 20]], ""test_group_class_counts"": [[33, 28], [33, 20], [1, 9], [6, 20]], ""group_proportions"": [0.4888888888888889, 0.4202020202020202, 0.04040404040404041, 0.050505050505050504]}",,2026-09-07T00:55:58.469087,14,0.4396518890944002,0.8144796388181625,0.001,0.7,0.7080837041090675,0.6153846153846154,0.8,"[0.7377049180327869, 0.6792452830188679, 0.8, 0.6153846153846154]","[0.5625433992655551, 0.588336010481108, 0.46831279844045637, 0.8191087624201407]","[0.7671232876712328, 0.6363636363636364]","[[0.8181818181818182, 0.6428571428571429], [0.696969696969697, 0.65], [1.0, 0.7777777777777778], [0.8333333333333334, 0.55]]","[61, 53, 10, 26]",,,
"{""run_name"": ""fedheart_ablation_pergroup_noanchor"", ""seed"": 2024, ""run_dir"": ""runs/ablation_fedheart_fedheart/shared_erm_s2024"", ""use_fedheart"": true, ""num_classes"": 2, ""stratified_batching"": true, ""train_frac"": 0.8, ""data_split_seed"": 43, ""group_max_train_samples"": [null, null, 20, 25], ""true_hetero_input_dim"": true, ""feature_mask"": [[0, 1, 2, 3, 5, 6, 7, 8, 9, 10], [0, 1, 2, 3, 5, 6, 11, 12], [0, 1, 2, 4, 5, 7, 11, 12], [0, 1, 2, 4, 5, 6, 8, 9, 10]], ""batch_size"": 64, ""num_workers"": 0, ""epochs"": 150, ""early_stopping_patience"": 40, ""lr"": 0.001, ""weight_decay"": 0.0001, ""optimizer"": ""adam"", ""grad_clip"": 1.0, ""lr_scheduler"": ""cosine"", ""lr_min"": 1e-05, ""latent_dim"": 64, ""head_hidden"": 32, ""groups"": [{""name"": ""cleveland"", ""encoder"": ""mlp_tabular_ln"", ""input_dim"": 13, ""hidden_dim"": 64, ""dropout"": 0.1}, {""name"": ""hungarian"", ""encoder"": ""mlp_tabular_ln"", ""input_dim"": 13, ""hidden_dim"": 64, ""dropout"": 0.1}, {""name"": ""switzerland"", ""encoder"": ""mlp_tabular_ln"", ""input_dim"": 13, ""hidden_dim"": 64, ""dropout"": 0.1}, {""name"": ""va_long_beach"", ""encoder"": ""mlp_tabular_ln"", ""input_dim"": 13, ""hidden_dim"": 64, ""dropout"": 0.1}], ""anchor_eps"": 0.0001, ""sep_samples_per_class"": 4, ""sep_method"": ""classifier"", ""sep_margin"": 1.0, ""lambda_fit"": 0.0, ""lambda_sep"": 0.0, ""groupdro_enabled"": false, ""groupdro_eta"": 2.0, ""groupdro_gamma"": 0.9, ""groupdro_update_mode"": ""softmax"", ""groupdro_objective"": ""weighted"", ""groupdro_kl_lambda"": 0.0, ""groupdro_uniform_init"": true, ""log_interval"": 20, ""save_every"": 10, ""common_encoder"": true}","{""num_groups"": 4, ""num_classes"": 2, ""train_total"": 495, ""test_total"": 150, ""train_group_counts"": [242, 208, 20, 25], ""test_group_counts"": [61, 53, 10, 26], ""train_class_counts"": [266, 229], ""test_class_counts"": [73, 77], ""train_group_class_counts"": [[131, 111], [130, 78], [0, 20], [5, 20]], ""test_group_class_counts"": [[33, 28], [33, 20], [1, 9], [6, 20]], ""group_proportions"": [0.4888888888888889, 0.4202020202020202, 0.04040404040404041, 0.050505050505050504]}",,2026-09-07T00:55:58.469087,15,0.41392677914502934,0.8235294155405657,0.001,0.72,0.7271330509886031,0.6538461538461539,0.8,"[0.7377049180327869, 0.7169811320754716, 0.8, 0.6538461538461539]","[0.5602575511534195, 0.5930750412901618, 0.4480922557413578, 0.8012522984869205]","[0.7671232876712328, 0.6753246753246753]","[[0.8181818181818182, 0.6428571428571429], [0.696969696969697, 0.75], [1.0, 0.7777777777777778], [0.8333333333333334, 0.6]]","[61, 53, 10, 26]",,,
"{""run_name"": ""fedheart_ablation_pergroup_noanchor"", ""seed"": 2024, ""run_dir"": ""runs/ablation_fedheart_fedheart/shared_erm_s2024"", ""use_fedheart"": true, ""num_classes"": 2, ""stratified_batching"": true, ""train_frac"": 0.8, ""data_split_seed"": 43, ""group_max_train_samples"": [null, null, 20, 25], ""true_hetero_input_dim"": true, ""feature_mask"": [[0, 1, 2, 3, 5, 6, 7, 8, 9, 10], [0, 1, 2, 3, 5, 6, 11, 12], [0, 1, 2, 4, 5, 7, 11, 12], [0, 1, 2, 4, 5, 6, 8, 9, 10]], ""batch_size"": 64, ""num_workers"": 0, ""epochs"": 150, ""early_stopping_patience"": 40, ""lr"": 0.001, ""weight_decay"": 0.0001, ""optimizer"": ""adam"", ""grad_clip"": 1.0, ""lr_scheduler"": ""cosine"", ""lr_min"": 1e-05, ""latent_dim"": 64, ""head_hidden"": 32, ""groups"": [{""name"": ""cleveland"", ""encoder"": ""mlp_tabular_ln"", ""input_dim"": 13, ""hidden_dim"": 64, ""dropout"": 0.1}, {""name"": ""hungarian"", ""encoder"": ""mlp_tabular_ln"", ""input_dim"": 13, ""hidden_dim"": 64, ""dropout"": 0.1}, {""name"": ""switzerland"", ""encoder"": ""mlp_tabular_ln"", ""input_dim"": 13, ""hidden_dim"": 64, ""dropout"": 0.1}, {""name"": ""va_long_beach"", ""encoder"": ""mlp_tabular_ln"", ""input_dim"": 13, ""hidden_dim"": 64, ""dropout"": 0.1}], ""anchor_eps"": 0.0001, ""sep_samples_per_class"": 4, ""sep_method"": ""classifier"", ""sep_margin"": 1.0, ""lambda_fit"": 0.0, ""lambda_sep"": 0.0, ""groupdro_enabled"": false, ""groupdro_eta"": 2.0, ""groupdro_gamma"": 0.9, ""groupdro_update_mode"": ""softmax"", ""groupdro_objective"": ""weighted"", ""groupdro_kl_lambda"": 0.0, ""groupdro_uniform_init"": true, ""log_interval"": 20, ""save_every"": 10, ""common_encoder"": true}","{""num_groups"": 4, ""num_classes"": 2, ""train_total"": 495, ""test_total"": 150, ""train_group_counts"": [242, 208, 20, 25], ""test_group_counts"": [61, 53, 10, 26], ""train_class_counts"": [266, 229], ""test_class_counts"": [73, 77], ""train_group_class_counts"": [[131, 111], [130, 78], [0, 20], [5, 20]], ""test_group_class_counts"": [[33, 28], [33, 20], [1, 9], [6, 20]], ""group_proportions"": [0.4888888888888889, 0.4202020202020202, 0.04040404040404041, 0.050505050505050504]}",,2026-09-07T00:55:58.469087,16,0.40496653871298915,0.8167420825267809,0.001,0.7,0.7087023245854054,0.6153846153846154,0.8,"[0.7213114754098361, 0.6981132075471698, 0.8, 0.6153846153846154]","[0.5934647517431466, 0.6004713000905402, 0.511401965469122, 0.896602900698781]","[0.7945205479452054, 0.6103896103896104]","[[0.8181818181818182, 0.6071428571428571], [0.7575757575757576, 0.6], [1.0, 0.7777777777777778], [0.8333333333333334, 0.55]]","[61, 53, 10, 26]",,,
"{""run_name"": ""fedheart_ablation_pergroup_noanchor"", ""seed"": 2024, ""run_dir"": ""runs/ablation_fedheart_fedheart/shared_erm_s2024"", ""use_fedheart"": true, ""num_classes"": 2, ""stratified_batching"": true, ""train_frac"": 0.8, ""data_split_seed"": 43, ""group_max_train_samples"": [null, null, 20, 25], ""true_hetero_input_dim"": true, ""feature_mask"": [[0, 1, 2, 3, 5, 6, 7, 8, 9, 10], [0, 1, 2, 3, 5, 6, 11, 12], [0, 1, 2, 4, 5, 7, 11, 12], [0, 1, 2, 4, 5, 6, 8, 9, 10]], ""batch_size"": 64, ""num_workers"": 0, ""epochs"": 150, ""early_stopping_patience"": 40, ""lr"": 0.001, ""weight_decay"": 0.0001, ""optimizer"": ""adam"", ""grad_clip"": 1.0, ""lr_scheduler"": ""cosine"", ""lr_min"": 1e-05, ""latent_dim"": 64, ""head_hidden"": 32, ""groups"": [{""name"": ""cleveland"", ""encoder"": ""mlp_tabular_ln"", ""input_dim"": 13, ""hidden_dim"": 64, ""dropout"": 0.1}, {""name"": ""hungarian"", ""encoder"": ""mlp_tabular_ln"", ""input_dim"": 13, ""hidden_dim"": 64, ""dropout"": 0.1}, {""name"": ""switzerland"", ""encoder"": ""mlp_tabular_ln"", ""input_dim"": 13, ""hidden_dim"": 64, ""dropout"": 0.1}, {""name"": ""va_long_beach"", ""encoder"": ""mlp_tabular_ln"", ""input_dim"": 13, ""hidden_dim"": 64, ""dropout"": 0.1}], ""anchor_eps"": 0.0001, ""sep_samples_per_class"": 4, ""sep_method"": ""classifier"", ""sep_margin"": 1.0, ""lambda_fit"": 0.0, ""lambda_sep"": 0.0, ""groupdro_enabled"": false, ""groupdro_eta"": 2.0, ""groupdro_gamma"": 0.9, ""groupdro_update_mode"": ""softmax"", ""groupdro_objective"": ""weighted"", ""groupdro_kl_lambda"": 0.0, ""groupdro_uniform_init"": true, ""log_interval"": 20, ""save_every"": 10, ""common_encoder"": true}","{""num_groups"": 4, ""num_classes"": 2, ""train_total"": 495, ""test_total"": 150, ""train_group_counts"": [242, 208, 20, 25], ""test_group_counts"": [61, 53, 10, 26], ""train_class_counts"": [266, 229], ""test_class_counts"": [73, 77], ""train_group_class_counts"": [[131, 111], [130, 78], [0, 20], [5, 20]], ""test_group_class_counts"": [[33, 28], [33, 20], [1, 9], [6, 20]], ""group_proportions"": [0.4888888888888889, 0.4202020202020202, 0.04040404040404041, 0.050505050505050504]}",,2026-09-07T00:55:58.469087,17,0.4060912418149715,0.8144796390878669,0.001,0.7,0.7080837041090675,0.6153846153846154,0.8,"[0.7377049180327869, 0.6792452830188679, 0.8, 0.6153846153846154]","[0.5812917583179279, 0.6119745524846157, 0.44967459179461, 0.8315169653640344]","[0.7671232876712328, 0.6363636363636364]","[[0.8181818181818182, 0.6428571428571429], [0.696969696969697, 0.65], [1.0, 0.7777777777777778], [0.8333333333333334, 0.55]]","[61, 53, 10, 26]",,,
"{""run_name"": ""fedheart_ablation_pergroup_noanchor"", ""seed"": 2024, ""run_dir"": ""runs/ablation_fedheart_fedheart/shared_erm_s2024"", ""use_fedheart"": true, ""num_classes"": 2, ""stratified_batching"": true, ""train_frac"": 0.8, ""data_split_seed"": 43, ""group_max_train_samples"": [null, null, 20, 25], ""true_hetero_input_dim"": true, ""feature_mask"": [[0, 1, 2, 3, 5, 6, 7, 8, 9, 10], [0, 1, 2, 3, 5, 6, 11, 12], [0, 1, 2, 4, 5, 7, 11, 12], [0, 1, 2, 4, 5, 6, 8, 9, 10]], ""batch_size"": 64, ""num_workers"": 0, ""epochs"": 150, ""early_stopping_patience"": 40, ""lr"": 0.001, ""weight_decay"": 0.0001, ""optimizer"": ""adam"", ""grad_clip"": 1.0, ""lr_scheduler"": ""cosine"", ""lr_min"": 1e-05, ""latent_dim"": 64, ""head_hidden"": 32, ""groups"": [{""name"": ""cleveland"", ""encoder"": ""mlp_tabular_ln"", ""input_dim"": 13, ""hidden_dim"": 64, ""dropout"": 0.1}, {""name"": ""hungarian"", ""encoder"": ""mlp_tabular_ln"", ""input_dim"": 13, ""hidden_dim"": 64, ""dropout"": 0.1}, {""name"": ""switzerland"", ""encoder"": ""mlp_tabular_ln"", ""input_dim"": 13, ""hidden_dim"": 64, ""dropout"": 0.1}, {""name"": ""va_long_beach"", ""encoder"": ""mlp_tabular_ln"", ""input_dim"": 13, ""hidden_dim"": 64, ""dropout"": 0.1}], ""anchor_eps"": 0.0001, ""sep_samples_per_class"": 4, ""sep_method"": ""classifier"", ""sep_margin"": 1.0, ""lambda_fit"": 0.0, ""lambda_sep"": 0.0, ""groupdro_enabled"": false, ""groupdro_eta"": 2.0, ""groupdro_gamma"": 0.9, ""groupdro_update_mode"": ""softmax"", ""groupdro_objective"": ""weighted"", ""groupdro_kl_lambda"": 0.0, ""groupdro_uniform_init"": true, ""log_interval"": 20, ""save_every"": 10, ""common_encoder"": true}","{""num_groups"": 4, ""num_classes"": 2, ""train_total"": 495, ""test_total"": 150, ""train_group_counts"": [242, 208, 20, 25], ""test_group_counts"": [61, 53, 10, 26], ""train_class_counts"": [266, 229], ""test_class_counts"": [73, 77], ""train_group_class_counts"": [[131, 111], [130, 78], [0, 20], [5, 20]], ""test_group_class_counts"": [[33, 28], [33, 20], [1, 9], [6, 20]], ""group_proportions"": [0.4888888888888889, 0.4202020202020202, 0.04040404040404041, 0.050505050505050504]}",,2026-09-07T00:55:58.469087,18,0.4045552276917712,0.8190045254262863,0.001,0.7066666666666667,0.7176990887244522,0.6538461538461539,0.8,"[0.7377049180327869, 0.6792452830188679, 0.8, 0.6538461538461539]","[0.5761299187958729, 0.6044790993954213, 0.45638976953923704, 0.8457903923610082]","[0.7671232876712328, 0.6493506493506493]","[[0.8181818181818182, 0.6428571428571429], [0.696969696969697, 0.65], [1.0, 0.7777777777777778], [0.8333333333333334, 0.6]]","[61, 53, 10, 26]",,,
"{""run_name"": ""fedheart_ablation_pergroup_noanchor"", ""seed"": 2024, ""run_dir"": ""runs/ablation_fedheart_fedheart/shared_erm_s2024"", ""use_fedheart"": true, ""num_classes"": 2, ""stratified_batching"": true, ""train_frac"": 0.8, ""data_split_seed"": 43, ""group_max_train_samples"": [null, null, 20, 25], ""true_hetero_input_dim"": true, ""feature_mask"": [[0, 1, 2, 3, 5, 6, 7, 8, 9, 10], [0, 1, 2, 3, 5, 6, 11, 12], [0, 1, 2, 4, 5, 7, 11, 12], [0, 1, 2, 4, 5, 6, 8, 9, 10]], ""batch_size"": 64, ""num_workers"": 0, ""epochs"": 150, ""early_stopping_patience"": 40, ""lr"": 0.001, ""weight_decay"": 0.0001, ""optimizer"": ""adam"", ""grad_clip"": 1.0, ""lr_scheduler"": ""cosine"", ""lr_min"": 1e-05, ""latent_dim"": 64, ""head_hidden"": 32, ""groups"": [{""name"": ""cleveland"", ""encoder"": ""mlp_tabular_ln"", ""input_dim"": 13, ""hidden_dim"": 64, ""dropout"": 0.1}, {""name"": ""hungarian"", ""encoder"": ""mlp_tabular_ln"", ""input_dim"": 13, ""hidden_dim"": 64, ""dropout"": 0.1}, {""name"": ""switzerland"", ""encoder"": ""mlp_tabular_ln"", ""input_dim"": 13, ""hidden_dim"": 64, ""dropout"": 0.1}, {""name"": ""va_long_beach"", ""encoder"": ""mlp_tabular_ln"", ""input_dim"": 13, ""hidden_dim"": 64, ""dropout"": 0.1}], ""anchor_eps"": 0.0001, ""sep_samples_per_class"": 4, ""sep_method"": ""classifier"", ""sep_margin"": 1.0, ""lambda_fit"": 0.0, ""lambda_sep"": 0.0, ""groupdro_enabled"": false, ""groupdro_eta"": 2.0, ""groupdro_gamma"": 0.9, ""groupdro_update_mode"": ""softmax"", ""groupdro_objective"": ""weighted"", ""groupdro_kl_lambda"": 0.0, ""groupdro_uniform_init"": true, ""log_interval"": 20, ""save_every"": 10, ""common_encoder"": true}","{""num_groups"": 4, ""num_classes"": 2, ""train_total"": 495, ""test_total"": 150, ""train_group_counts"": [242, 208, 20, 25], ""test_group_counts"": [61, 53, 10, 26], ""train_class_counts"": [266, 229], ""test_class_counts"": [73, 77], ""train_group_class_counts"": [[131, 111], [130, 78], [0, 20], [5, 20]], ""test_group_class_counts"": [[33, 28], [33, 20], [1, 9], [6, 20]], ""group_proportions"": [0.4888888888888889, 0.4202020202020202, 0.04040404040404041, 0.050505050505050504]}",,2026-09-07T00:55:58.469087,19,0.4130351141567144,0.8257918538550986,0.001,0.7066666666666667,0.712800685241143,0.6153846153846154,0.8,"[0.7377049180327869, 0.6981132075471698, 0.8, 0.6153846153846154]","[0.5867584309250605, 0.6071205336143667, 0.46330972127616404, 0.9012768692695178]","[0.7808219178082192, 0.6363636363636364]","[[0.8181818181818182, 0.6428571428571429], [0.7272727272727273, 0.65], [1.0, 0.7777777777777778], [0.8333333333333334, 0.55]]","[61, 53, 10, 26]",,,
"{""run_name"": ""fedheart_ablation_pergroup_noanchor"", ""seed"": 2024, ""run_dir"": ""runs/ablation_fedheart_fedheart/shared_erm_s2024"", ""use_fedheart"": true, ""num_classes"": 2, ""stratified_batching"": true, ""train_frac"": 0.8, ""data_split_seed"": 43, ""group_max_train_samples"": [null, null, 20, 25], ""true_hetero_input_dim"": true, ""feature_mask"": [[0, 1, 2, 3, 5, 6, 7, 8, 9, 10], [0, 1, 2, 3, 5, 6, 11, 12], [0, 1, 2, 4, 5, 7, 11, 12], [0, 1, 2, 4, 5, 6, 8, 9, 10]], ""batch_size"": 64, ""num_workers"": 0, ""epochs"": 150, ""early_stopping_patience"": 40, ""lr"": 0.001, ""weight_decay"": 0.0001, ""optimizer"": ""adam"", ""grad_clip"": 1.0, ""lr_scheduler"": ""cosine"", ""lr_min"": 1e-05, ""latent_dim"": 64, ""head_hidden"": 32, ""groups"": [{""name"": ""cleveland"", ""encoder"": ""mlp_tabular_ln"", ""input_dim"": 13, ""hidden_dim"": 64, ""dropout"": 0.1}, {""name"": ""hungarian"", ""encoder"": ""mlp_tabular_ln"", ""input_dim"": 13, ""hidden_dim"": 64, ""dropout"": 0.1}, {""name"": ""switzerland"", ""encoder"": ""mlp_tabular_ln"", ""input_dim"": 13, ""hidden_dim"": 64, ""dropout"": 0.1}, {""name"": ""va_long_beach"", ""encoder"": ""mlp_tabular_ln"", ""input_dim"": 13, ""hidden_dim"": 64, ""dropout"": 0.1}], ""anchor_eps"": 0.0001, ""sep_samples_per_class"": 4, ""sep_method"": ""classifier"", ""sep_margin"": 1.0, ""lambda_fit"": 0.0, ""lambda_sep"": 0.0, ""groupdro_enabled"": false, ""groupdro_eta"": 2.0, ""groupdro_gamma"": 0.9, ""groupdro_update_mode"": ""softmax"", ""groupdro_objective"": ""weighted"", ""groupdro_kl_lambda"": 0.0, ""groupdro_uniform_init"": true, ""log_interval"": 20, ""save_every"": 10, ""common_encoder"": true}","{""num_groups"": 4, ""num_classes"": 2, ""train_total"": 495, ""test_total"": 150, ""train_group_counts"": [242, 208, 20, 25], ""test_group_counts"": [61, 53, 10, 26], ""train_class_counts"": [266, 229], ""test_class_counts"": [73, 77], ""train_group_class_counts"": [[131, 111], [130, 78], [0, 20], [5, 20]], ""test_group_class_counts"": [[33, 28], [33, 20], [1, 9], [6, 20]], ""group_proportions"": [0.4888888888888889, 0.4202020202020202, 0.04040404040404041, 0.050505050505050504]}",,2026-09-07T00:55:58.469087,20,0.3944543333075165,0.8325791865991791,0.001,0.72,0.7277516714649409,0.6538461538461539,0.8,"[0.7213114754098361, 0.7358490566037735, 0.8, 0.6538461538461539]","[0.5853154175899556, 0.6065013090781165, 0.42774860356003047, 0.8685522910494071]","[0.7671232876712328, 0.6753246753246753]","[[0.7878787878787878, 0.6428571428571429], [0.7272727272727273, 0.75], [1.0, 0.7777777777777778], [0.8333333333333334, 0.6]]","[61, 53, 10, 26]",,,
"{""run_name"": ""fedheart_ablation_pergroup_noanchor"", ""seed"": 2024, ""run_dir"": ""runs/ablation_fedheart_fedheart/shared_erm_s2024"", ""use_fedheart"": true, ""num_classes"": 2, ""stratified_batching"": true, ""train_frac"": 0.8, ""data_split_seed"": 43, ""group_max_train_samples"": [null, null, 20, 25], ""true_hetero_input_dim"": true, ""feature_mask"": [[0, 1, 2, 3, 5, 6, 7, 8, 9, 10], [0, 1, 2, 3, 5, 6, 11, 12], [0, 1, 2, 4, 5, 7, 11, 12], [0, 1, 2, 4, 5, 6, 8, 9, 10]], ""batch_size"": 64, ""num_workers"": 0, ""epochs"": 150, ""early_stopping_patience"": 40, ""lr"": 0.001, ""weight_decay"": 0.0001, ""optimizer"": ""adam"", ""grad_clip"": 1.0, ""lr_scheduler"": ""cosine"", ""lr_min"": 1e-05, ""latent_dim"": 64, ""head_hidden"": 32, ""groups"": [{""name"": ""cleveland"", ""encoder"": ""mlp_tabular_ln"", ""input_dim"": 13, ""hidden_dim"": 64, ""dropout"": 0.1}, {""name"": ""hungarian"", ""encoder"": ""mlp_tabular_ln"", ""input_dim"": 13, ""hidden_dim"": 64, ""dropout"": 0.1}, {""name"": ""switzerland"", ""encoder"": ""mlp_tabular_ln"", ""input_dim"": 13, ""hidden_dim"": 64, ""dropout"": 0.1}, {""name"": ""va_long_beach"", ""encoder"": ""mlp_tabular_ln"", ""input_dim"": 13, ""hidden_dim"": 64, ""dropout"": 0.1}], ""anchor_eps"": 0.0001, ""sep_samples_per_class"": 4, ""sep_method"": ""classifier"", ""sep_margin"": 1.0, ""lambda_fit"": 0.0, ""lambda_sep"": 0.0, ""groupdro_enabled"": false, ""groupdro_eta"": 2.0, ""groupdro_gamma"": 0.9, ""groupdro_update_mode"": ""softmax"", ""groupdro_objective"": ""weighted"", ""groupdro_kl_lambda"": 0.0, ""groupdro_uniform_init"": true, ""log_interval"": 20, ""save_every"": 10, ""common_encoder"": true}","{""num_groups"": 4, ""num_classes"": 2, ""train_total"": 495, ""test_total"": 150, ""train_group_counts"": [242, 208, 20, 25], ""test_group_counts"": [61, 53, 10, 26], ""train_class_counts"": [266, 229], ""test_class_counts"": [73, 77], ""train_group_class_counts"": [[131, 111], [130, 78], [0, 20], [5, 20]], ""test_group_class_counts"": [[33, 28], [33, 20], [1, 9], [6, 20]], ""group_proportions"": [0.4888888888888889, 0.4202020202020202, 0.04040404040404041, 0.050505050505050504]}",,2026-09-07T00:55:58.469087,21,0.4077060442434717,0.8212669718319474,0.001,0.7133333333333334,0.7439363296771278,0.6538461538461539,0.9,"[0.7049180327868853, 0.7169811320754716, 0.9, 0.6538461538461539]","[0.5765024500853214, 0.6027585202300886, 0.41820685043931005, 0.8232522909171306]","[0.7397260273972602, 0.6883116883116883]","[[0.7575757575757576, 0.6428571428571429], [0.696969696969697, 0.75], [1.0, 0.8888888888888888], [0.8333333333333334, 0.6]]","[61, 53, 10, 26]",,,
"{""run_name"": ""fedheart_ablation_pergroup_noanchor"", ""seed"": 2024, ""run_dir"": ""runs/ablation_fedheart_fedheart/shared_erm_s2024"", ""use_fedheart"": true, ""num_classes"": 2, ""stratified_batching"": true, ""train_frac"": 0.8, ""data_split_seed"": 43, ""group_max_train_samples"": [null, null, 20, 25], ""true_hetero_input_dim"": true, ""feature_mask"": [[0, 1, 2, 3, 5, 6, 7, 8, 9, 10], [0, 1, 2, 3, 5, 6, 11, 12], [0, 1, 2, 4, 5, 7, 11, 12], [0, 1, 2, 4, 5, 6, 8, 9, 10]], ""batch_size"": 64, ""num_workers"": 0, ""epochs"": 150, ""early_stopping_patience"": 40, ""lr"": 0.001, ""weight_decay"": 0.0001, ""optimizer"": ""adam"", ""grad_clip"": 1.0, ""lr_scheduler"": ""cosine"", ""lr_min"": 1e-05, ""latent_dim"": 64, ""head_hidden"": 32, ""groups"": [{""name"": ""cleveland"", ""encoder"": ""mlp_tabular_ln"", ""input_dim"": 13, ""hidden_dim"": 64, ""dropout"": 0.1}, {""name"": ""hungarian"", ""encoder"": ""mlp_tabular_ln"", ""input_dim"": 13, ""hidden_dim"": 64, ""dropout"": 0.1}, {""name"": ""switzerland"", ""encoder"": ""mlp_tabular_ln"", ""input_dim"": 13, ""hidden_dim"": 64, ""dropout"": 0.1}, {""name"": ""va_long_beach"", ""encoder"": ""mlp_tabular_ln"", ""input_dim"": 13, ""hidden_dim"": 64, ""dropout"": 0.1}], ""anchor_eps"": 0.0001, ""sep_samples_per_class"": 4, ""sep_method"": ""classifier"", ""sep_margin"": 1.0, ""lambda_fit"": 0.0, ""lambda_sep"": 0.0, ""groupdro_enabled"": false, ""groupdro_eta"": 2.0, ""groupdro_gamma"": 0.9, ""groupdro_update_mode"": ""softmax"", ""groupdro_objective"": ""weighted"", ""groupdro_kl_lambda"": 0.0, ""groupdro_uniform_init"": true, ""log_interval"": 20, ""save_every"": 10, ""common_encoder"": true}","{""num_groups"": 4, ""num_classes"": 2, ""train_total"": 495, ""test_total"": 150, ""train_group_counts"": [242, 208, 20, 25], ""test_group_counts"": [61, 53, 10, 26], ""train_class_counts"": [266, 229], ""test_class_counts"": [73, 77], ""train_group_class_counts"": [[131, 111], [130, 78], [0, 20], [5, 20]], ""test_group_class_counts"": [[33, 28], [33, 20], [1, 9], [6, 20]], ""group_proportions"": [0.4888888888888889, 0.4202020202020202, 0.04040404040404041, 0.050505050505050504]}",,2026-09-07T00:55:58.469087,22,0.37858281901519225,0.8235294152708614,0.001,0.7,0.6939363296771277,0.6538461538461539,0.7169811320754716,"[0.7049180327868853, 0.7169811320754716, 0.7, 0.6538461538461539]","[0.5822221994644305, 0.5781621663602736, 0.49322190862149, 0.896355311314647]","[0.7808219178082192, 0.6233766233766234]","[[0.7878787878787878, 0.6071428571428571], [0.7575757575757576, 0.65], [1.0, 0.6666666666666666], [0.8333333333333334, 0.6]]","[61, 53, 10, 26]",,,
"{""run_name"": ""fedheart_ablation_pergroup_noanchor"", ""seed"": 2024, ""run_dir"": ""runs/ablation_fedheart_fedheart/shared_erm_s2024"", ""use_fedheart"": true, ""num_classes"": 2, ""stratified_batching"": true, ""train_frac"": 0.8, ""data_split_seed"": 43, ""group_max_train_samples"": [null, null, 20, 25], ""true_hetero_input_dim"": true, ""feature_mask"": [[0, 1, 2, 3, 5, 6, 7, 8, 9, 10], [0, 1, 2, 3, 5, 6, 11, 12], [0, 1, 2, 4, 5, 7, 11, 12], [0, 1, 2, 4, 5, 6, 8, 9, 10]], ""batch_size"": 64, ""num_workers"": 0, ""epochs"": 150, ""early_stopping_patience"": 40, ""lr"": 0.001, ""weight_decay"": 0.0001, ""optimizer"": ""adam"", ""grad_clip"": 1.0, ""lr_scheduler"": ""cosine"", ""lr_min"": 1e-05, ""latent_dim"": 64, ""head_hidden"": 32, ""groups"": [{""name"": ""cleveland"", ""encoder"": ""mlp_tabular_ln"", ""input_dim"": 13, ""hidden_dim"": 64, ""dropout"": 0.1}, {""name"": ""hungarian"", ""encoder"": ""mlp_tabular_ln"", ""input_dim"": 13, ""hidden_dim"": 64, ""dropout"": 0.1}, {""name"": ""switzerland"", ""encoder"": ""mlp_tabular_ln"", ""input_dim"": 13, ""hidden_dim"": 64, ""dropout"": 0.1}, {""name"": ""va_long_beach"", ""encoder"": ""mlp_tabular_ln"", ""input_dim"": 13, ""hidden_dim"": 64, ""dropout"": 0.1}], ""anchor_eps"": 0.0001, ""sep_samples_per_class"": 4, ""sep_method"": ""classifier"", ""sep_margin"": 1.0, ""lambda_fit"": 0.0, ""lambda_sep"": 0.0, ""groupdro_enabled"": false, ""groupdro_eta"": 2.0, ""groupdro_gamma"": 0.9, ""groupdro_update_mode"": ""softmax"", ""groupdro_objective"": ""weighted"", ""groupdro_kl_lambda"": 0.0, ""groupdro_uniform_init"": true, ""log_interval"": 20, ""save_every"": 10, ""common_encoder"": true}","{""num_groups"": 4, ""num_classes"": 2, ""train_total"": 495, ""test_total"": 150, ""train_group_counts"": [242, 208, 20, 25], ""test_group_counts"": [61, 53, 10, 26], ""train_class_counts"": [266, 229], ""test_class_counts"": [73, 77], ""train_group_class_counts"": [[131, 111], [130, 78], [0, 20], [5, 20]], ""test_group_class_counts"": [[33, 28], [33, 20], [1, 9], [6, 20]], ""group_proportions"": [0.4888888888888889, 0.4202020202020202, 0.04040404040404041, 0.050505050505050504]}",,2026-09-07T00:55:58.469087,23,0.37559133660199956,0.8416289627821737,0.001,0.72,0.7480346903328654,0.6538461538461539,0.9,"[0.7213114754098361, 0.7169811320754716, 0.9, 0.6538461538461539]","[0.5801572581661529, 0.6158625682956487, 0.43020798470824956, 0.8795795401988121]","[0.7534246575342466, 0.6883116883116883]","[[0.7878787878787878, 0.6428571428571429], [0.696969696969697, 0.75], [1.0, 0.8888888888888888], [0.8333333333333334, 0.6]]","[61, 53, 10, 26]",,,
"{""run_name"": ""fedheart_ablation_pergroup_noanchor"", ""seed"": 2024, ""run_dir"": ""runs/ablation_fedheart_fedheart/shared_erm_s2024"", ""use_fedheart"": true, ""num_classes"": 2, ""stratified_batching"": true, ""train_frac"": 0.8, ""data_split_seed"": 43, ""group_max_train_samples"": [null, null, 20, 25], ""true_hetero_input_dim"": true, ""feature_mask"": [[0, 1, 2, 3, 5, 6, 7, 8, 9, 10], [0, 1, 2, 3, 5, 6, 11, 12], [0, 1, 2, 4, 5, 7, 11, 12], [0, 1, 2, 4, 5, 6, 8, 9, 10]], ""batch_size"": 64, ""num_workers"": 0, ""epochs"": 150, ""early_stopping_patience"": 40, ""lr"": 0.001, ""weight_decay"": 0.0001, ""optimizer"": ""adam"", ""grad_clip"": 1.0, ""lr_scheduler"": ""cosine"", ""lr_min"": 1e-05, ""latent_dim"": 64, ""head_hidden"": 32, ""groups"": [{""name"": ""cleveland"", ""encoder"": ""mlp_tabular_ln"", ""input_dim"": 13, ""hidden_dim"": 64, ""dropout"": 0.1}, {""name"": ""hungarian"", ""encoder"": ""mlp_tabular_ln"", ""input_dim"": 13, ""hidden_dim"": 64, ""dropout"": 0.1}, {""name"": ""switzerland"", ""encoder"": ""mlp_tabular_ln"", ""input_dim"": 13, ""hidden_dim"": 64, ""dropout"": 0.1}, {""name"": ""va_long_beach"", ""encoder"": ""mlp_tabular_ln"", ""input_dim"": 13, ""hidden_dim"": 64, ""dropout"": 0.1}], ""anchor_eps"": 0.0001, ""sep_samples_per_class"": 4, ""sep_method"": ""classifier"", ""sep_margin"": 1.0, ""lambda_fit"": 0.0, ""lambda_sep"": 0.0, ""groupdro_enabled"": false, ""groupdro_eta"": 2.0, ""groupdro_gamma"": 0.9, ""groupdro_update_mode"": ""softmax"", ""groupdro_objective"": ""weighted"", ""groupdro_kl_lambda"": 0.0, ""groupdro_uniform_init"": true, ""log_interval"": 20, ""save_every"": 10, ""common_encoder"": true}","{""num_groups"": 4, ""num_classes"": 2, ""train_total"": 495, ""test_total"": 150, ""train_group_counts"": [242, 208, 20, 25], ""test_group_counts"": [61, 53, 10, 26], ""train_class_counts"": [266, 229], ""test_class_counts"": [73, 77], ""train_group_class_counts"": [[131, 111], [130, 78], [0, 20], [5, 20]], ""test_group_class_counts"": [[33, 28], [33, 20], [1, 9], [6, 20]], ""group_proportions"": [0.4888888888888889, 0.4202020202020202, 0.04040404040404041, 0.050505050505050504]}",,2026-09-07T00:55:58.469087,24,0.3928428791227384,0.8348416321957273,0.001,0.72,0.7486533108092032,0.6538461538461539,0.9,"[0.7049180327868853, 0.7358490566037735, 0.9, 0.6538461538461539]","[0.585540189438301, 0.6567665754624132, 0.3552810321561992, 0.8319117551526198]","[0.7397260273972602, 0.7012987012987013]","[[0.7575757575757576, 0.6428571428571429], [0.696969696969697, 0.8], [1.0, 0.8888888888888888], [0.8333333333333334, 0.6]]","[61, 53, 10, 26]",,,
"{""run_name"": ""fedheart_ablation_pergroup_noanchor"", ""seed"": 2024, ""run_dir"": ""runs/ablation_fedheart_fedheart/shared_erm_s2024"", ""use_fedheart"": true, ""num_classes"": 2, ""stratified_batching"": true, ""train_frac"": 0.8, ""data_split_seed"": 43, ""group_max_train_samples"": [null, null, 20, 25], ""true_hetero_input_dim"": true, ""feature_mask"": [[0, 1, 2, 3, 5, 6, 7, 8, 9, 10], [0, 1, 2, 3, 5, 6, 11, 12], [0, 1, 2, 4, 5, 7, 11, 12], [0, 1, 2, 4, 5, 6, 8, 9, 10]], ""batch_size"": 64, ""num_workers"": 0, ""epochs"": 150, ""early_stopping_patience"": 40, ""lr"": 0.001, ""weight_decay"": 0.0001, ""optimizer"": ""adam"", ""grad_clip"": 1.0, ""lr_scheduler"": ""cosine"", ""lr_min"": 1e-05, ""latent_dim"": 64, ""head_hidden"": 32, ""groups"": [{""name"": ""cleveland"", ""encoder"": ""mlp_tabular_ln"", ""input_dim"": 13, ""hidden_dim"": 64, ""dropout"": 0.1}, {""name"": ""hungarian"", ""encoder"": ""mlp_tabular_ln"", ""input_dim"": 13, ""hidden_dim"": 64, ""dropout"": 0.1}, {""name"": ""switzerland"", ""encoder"": ""mlp_tabular_ln"", ""input_dim"": 13, ""hidden_dim"": 64, ""dropout"": 0.1}, {""name"": ""va_long_beach"", ""encoder"": ""mlp_tabular_ln"", ""input_dim"": 13, ""hidden_dim"": 64, ""dropout"": 0.1}], ""anchor_eps"": 0.0001, ""sep_samples_per_class"": 4, ""sep_method"": ""classifier"", ""sep_margin"": 1.0, ""lambda_fit"": 0.0, ""lambda_sep"": 0.0, ""groupdro_enabled"": false, ""groupdro_eta"": 2.0, ""groupdro_gamma"": 0.9, ""groupdro_update_mode"": ""softmax"", ""groupdro_objective"": ""weighted"", ""groupdro_kl_lambda"": 0.0, ""groupdro_uniform_init"": true, ""log_interval"": 20, ""save_every"": 10, ""common_encoder"": true}","{""num_groups"": 4, ""num_classes"": 2, ""train_total"": 495, ""test_total"": 150, ""train_group_counts"": [242, 208, 20, 25], ""test_group_counts"": [61, 53, 10, 26], ""train_class_counts"": [266, 229], ""test_class_counts"": [73, 77], ""train_group_class_counts"": [[131, 111], [130, 78], [0, 20], [5, 20]], ""test_group_class_counts"": [[33, 28], [33, 20], [1, 9], [6, 20]], ""group_proportions"": [0.4888888888888889, 0.4202020202020202, 0.04040404040404041, 0.050505050505050504]}",,2026-09-07T00:55:58.469087,25,0.38726757864606864,0.8348416297683888,0.001,0.7,0.7345023674129767,0.6538461538461539,0.9,"[0.7049180327868853, 0.6792452830188679, 0.9, 0.6538461538461539]","[0.5957456775864617, 0.649805735515536, 0.37588522005826236, 0.8860401276928874]","[0.7397260273972602, 0.6623376623376623]","[[0.7575757575757576, 0.6428571428571429], [0.696969696969697, 0.65], [1.0, 0.8888888888888888], [0.8333333333333334, 0.6]]","[61, 53, 10, 26]",,,
"{""run_name"": ""fedheart_ablation_pergroup_noanchor"", ""seed"": 2024, ""run_dir"": ""runs/ablation_fedheart_fedheart/shared_erm_s2024"", ""use_fedheart"": true, ""num_classes"": 2, ""stratified_batching"": true, ""train_frac"": 0.8, ""data_split_seed"": 43, ""group_max_train_samples"": [null, null, 20, 25], ""true_hetero_input_dim"": true, ""feature_mask"": [[0, 1, 2, 3, 5, 6, 7, 8, 9, 10], [0, 1, 2, 3, 5, 6, 11, 12], [0, 1, 2, 4, 5, 7, 11, 12], [0, 1, 2, 4, 5, 6, 8, 9, 10]], ""batch_size"": 64, ""num_workers"": 0, ""epochs"": 150, ""early_stopping_patience"": 40, ""lr"": 0.001, ""weight_decay"": 0.0001, ""optimizer"": ""adam"", ""grad_clip"": 1.0, ""lr_scheduler"": ""cosine"", ""lr_min"": 1e-05, ""latent_dim"": 64, ""head_hidden"": 32, ""groups"": [{""name"": ""cleveland"", ""encoder"": ""mlp_tabular_ln"", ""input_dim"": 13, ""hidden_dim"": 64, ""dropout"": 0.1}, {""name"": ""hungarian"", ""encoder"": ""mlp_tabular_ln"", ""input_dim"": 13, ""hidden_dim"": 64, ""dropout"": 0.1}, {""name"": ""switzerland"", ""encoder"": ""mlp_tabular_ln"", ""input_dim"": 13, ""hidden_dim"": 64, ""dropout"": 0.1}, {""name"": ""va_long_beach"", ""encoder"": ""mlp_tabular_ln"", ""input_dim"": 13, ""hidden_dim"": 64, ""dropout"": 0.1}], ""anchor_eps"": 0.0001, ""sep_samples_per_class"": 4, ""sep_method"": ""classifier"", ""sep_margin"": 1.0, ""lambda_fit"": 0.0, ""lambda_sep"": 0.0, ""groupdro_enabled"": false, ""groupdro_eta"": 2.0, ""groupdro_gamma"": 0.9, ""groupdro_update_mode"": ""softmax"", ""groupdro_objective"": ""weighted"", ""groupdro_kl_lambda"": 0.0, ""groupdro_uniform_init"": true, ""log_interval"": 20, ""save_every"": 10, ""common_encoder"": true}","{""num_groups"": 4, ""num_classes"": 2, ""train_total"": 495, ""test_total"": 150, ""train_group_counts"": [242, 208, 20, 25], ""test_group_counts"": [61, 53, 10, 26], ""train_class_counts"": [266, 229], ""test_class_counts"": [73, 77], ""train_group_class_counts"": [[131, 111], [130, 78], [0, 20], [5, 20]], ""test_group_class_counts"": [[33, 28], [33, 20], [1, 9], [6, 20]], ""group_proportions"": [0.4888888888888889, 0.4202020202020202, 0.04040404040404041, 0.050505050505050504]}",,2026-09-07T00:55:58.469087,26,0.3702993303941925,0.8348416324654316,0.001,0.7133333333333334,0.7426990887244522,0.6538461538461539,0.9,"[0.7377049180327869, 0.6792452830188679, 0.9, 0.6538461538461539]","[0.5983713849096514, 0.6423867885023355, 0.3963367476128042, 0.9080823632673576]","[0.7671232876712328, 0.6623376623376623]","[[0.8181818181818182, 0.6428571428571429], [0.696969696969697, 0.65], [1.0, 0.8888888888888888], [0.8333333333333334, 0.6]]","[61, 53, 10, 26]",,,
"{""run_name"": ""fedheart_ablation_pergroup_noanchor"", ""seed"": 2024, ""run_dir"": ""runs/ablation_fedheart_fedheart/shared_erm_s2024"", ""use_fedheart"": true, ""num_classes"": 2, ""stratified_batching"": true, ""train_frac"": 0.8, ""data_split_seed"": 43, ""group_max_train_samples"": [null, null, 20, 25], ""true_hetero_input_dim"": true, ""feature_mask"": [[0, 1, 2, 3, 5, 6, 7, 8, 9, 10], [0, 1, 2, 3, 5, 6, 11, 12], [0, 1, 2, 4, 5, 7, 11, 12], [0, 1, 2, 4, 5, 6, 8, 9, 10]], ""batch_size"": 64, ""num_workers"": 0, ""epochs"": 150, ""early_stopping_patience"": 40, ""lr"": 0.001, ""weight_decay"": 0.0001, ""optimizer"": ""adam"", ""grad_clip"": 1.0, ""lr_scheduler"": ""cosine"", ""lr_min"": 1e-05, ""latent_dim"": 64, ""head_hidden"": 32, ""groups"": [{""name"": ""cleveland"", ""encoder"": ""mlp_tabular_ln"", ""input_dim"": 13, ""hidden_dim"": 64, ""dropout"": 0.1}, {""name"": ""hungarian"", ""encoder"": ""mlp_tabular_ln"", ""input_dim"": 13, ""hidden_dim"": 64, ""dropout"": 0.1}, {""name"": ""switzerland"", ""encoder"": ""mlp_tabular_ln"", ""input_dim"": 13, ""hidden_dim"": 64, ""dropout"": 0.1}, {""name"": ""va_long_beach"", ""encoder"": ""mlp_tabular_ln"", ""input_dim"": 13, ""hidden_dim"": 64, ""dropout"": 0.1}], ""anchor_eps"": 0.0001, ""sep_samples_per_class"": 4, ""sep_method"": ""classifier"", ""sep_margin"": 1.0, ""lambda_fit"": 0.0, ""lambda_sep"": 0.0, ""groupdro_enabled"": false, ""groupdro_eta"": 2.0, ""groupdro_gamma"": 0.9, ""groupdro_update_mode"": ""softmax"", ""groupdro_objective"": ""weighted"", ""groupdro_kl_lambda"": 0.0, ""groupdro_uniform_init"": true, ""log_interval"": 20, ""save_every"": 10, ""common_encoder"": true}","{""num_groups"": 4, ""num_classes"": 2, ""train_total"": 495, ""test_total"": 150, ""train_group_counts"": [242, 208, 20, 25], ""test_group_counts"": [61, 53, 10, 26], ""train_class_counts"": [266, 229], ""test_class_counts"": [73, 77], ""train_group_class_counts"": [[131, 111], [130, 78], [0, 20], [5, 20]], ""test_group_class_counts"": [[33, 28], [33, 20], [1, 9], [6, 20]], ""group_proportions"": [0.4888888888888889, 0.4202020202020202, 0.04040404040404041, 0.050505050505050504]}",,2026-09-07T00:55:58.469087,27,0.3883575513891505,0.8348416273410504,0.001,0.7066666666666667,0.7379821075923767,0.6538461538461539,0.9,"[0.7377049180327869, 0.660377358490566, 0.9, 0.6538461538461539]","[0.6102812817839326, 0.6410040250135902, 0.42784377858042716, 0.9882161297047367]","[0.7808219178082192, 0.6363636363636364]","[[0.8181818181818182, 0.6428571428571429], [0.7272727272727273, 0.55], [1.0, 0.8888888888888888], [0.8333333333333334, 0.6]]","[61, 53, 10, 26]",,,
"{""run_name"": ""fedheart_ablation_pergroup_noanchor"", ""seed"": 2024, ""run_dir"": ""runs/ablation_fedheart_fedheart/shared_erm_s2024"", ""use_fedheart"": true, ""num_classes"": 2, ""stratified_batching"": true, ""train_frac"": 0.8, ""data_split_seed"": 43, ""group_max_train_samples"": [null, null, 20, 25], ""true_hetero_input_dim"": true, ""feature_mask"": [[0, 1, 2, 3, 5, 6, 7, 8, 9, 10], [0, 1, 2, 3, 5, 6, 11, 12], [0, 1, 2, 4, 5, 7, 11, 12], [0, 1, 2, 4, 5, 6, 8, 9, 10]], ""batch_size"": 64, ""num_workers"": 0, ""epochs"": 150, ""early_stopping_patience"": 40, ""lr"": 0.001, ""weight_decay"": 0.0001, ""optimizer"": ""adam"", ""grad_clip"": 1.0, ""lr_scheduler"": ""cosine"", ""lr_min"": 1e-05, ""latent_dim"": 64, ""head_hidden"": 32, ""groups"": [{""name"": ""cleveland"", ""encoder"": ""mlp_tabular_ln"", ""input_dim"": 13, ""hidden_dim"": 64, ""dropout"": 0.1}, {""name"": ""hungarian"", ""encoder"": ""mlp_tabular_ln"", ""input_dim"": 13, ""hidden_dim"": 64, ""dropout"": 0.1}, {""name"": ""switzerland"", ""encoder"": ""mlp_tabular_ln"", ""input_dim"": 13, ""hidden_dim"": 64, ""dropout"": 0.1}, {""name"": ""va_long_beach"", ""encoder"": ""mlp_tabular_ln"", ""input_dim"": 13, ""hidden_dim"": 64, ""dropout"": 0.1}], ""anchor_eps"": 0.0001, ""sep_samples_per_class"": 4, ""sep_method"": ""classifier"", ""sep_margin"": 1.0, ""lambda_fit"": 0.0, ""lambda_sep"": 0.0, ""groupdro_enabled"": false, ""groupdro_eta"": 2.0, ""groupdro_gamma"": 0.9, ""groupdro_update_mode"": ""softmax"", ""groupdro_objective"": ""weighted"", ""groupdro_kl_lambda"": 0.0, ""groupdro_uniform_init"": true, ""log_interval"": 20, ""save_every"": 10, ""common_encoder"": true}","{""num_groups"": 4, ""num_classes"": 2, ""train_total"": 495, ""test_total"": 150, ""train_group_counts"": [242, 208, 20, 25], ""test_group_counts"": [61, 53, 10, 26], ""train_class_counts"": [266, 229], ""test_class_counts"": [73, 77], ""train_group_class_counts"": [[131, 111], [130, 78], [0, 20], [5, 20]], ""test_group_class_counts"": [[33, 28], [33, 20], [1, 9], [6, 20]], ""group_proportions"": [0.4888888888888889, 0.4202020202020202, 0.04040404040404041, 0.050505050505050504]}",,2026-09-07T00:55:58.469087,28,0.35399355998945453,0.8529411797070395,0.001,0.7133333333333334,0.7426990887244522,0.6538461538461539,0.9,"[0.7377049180327869, 0.6792452830188679, 0.9, 0.6538461538461539]","[0.6031285190466241, 0.647604026207876, 0.38420032169669865, 0.9305462772026658]","[0.7671232876712328, 0.6623376623376623]","[[0.8181818181818182, 0.6428571428571429], [0.696969696969697, 0.65], [1.0, 0.8888888888888888], [0.8333333333333334, 0.6]]","[61, 53, 10, 26]",,,
"{""run_name"": ""fedheart_ablation_pergroup_noanchor"", ""seed"": 2024, ""run_dir"": ""runs/ablation_fedheart_fedheart/shared_erm_s2024"", ""use_fedheart"": true, ""num_classes"": 2, ""stratified_batching"": true, ""train_frac"": 0.8, ""data_split_seed"": 43, ""group_max_train_samples"": [null, null, 20, 25], ""true_hetero_input_dim"": true, ""feature_mask"": [[0, 1, 2, 3, 5, 6, 7, 8, 9, 10], [0, 1, 2, 3, 5, 6, 11, 12], [0, 1, 2, 4, 5, 7, 11, 12], [0, 1, 2, 4, 5, 6, 8, 9, 10]], ""batch_size"": 64, ""num_workers"": 0, ""epochs"": 150, ""early_stopping_patience"": 40, ""lr"": 0.001, ""weight_decay"": 0.0001, ""optimizer"": ""adam"", ""grad_clip"": 1.0, ""lr_scheduler"": ""cosine"", ""lr_min"": 1e-05, ""latent_dim"": 64, ""head_hidden"": 32, ""groups"": [{""name"": ""cleveland"", ""encoder"": ""mlp_tabular_ln"", ""input_dim"": 13, ""hidden_dim"": 64, ""dropout"": 0.1}, {""name"": ""hungarian"", ""encoder"": ""mlp_tabular_ln"", ""input_dim"": 13, ""hidden_dim"": 64, ""dropout"": 0.1}, {""name"": ""switzerland"", ""encoder"": ""mlp_tabular_ln"", ""input_dim"": 13, ""hidden_dim"": 64, ""dropout"": 0.1}, {""name"": ""va_long_beach"", ""encoder"": ""mlp_tabular_ln"", ""input_dim"": 13, ""hidden_dim"": 64, ""dropout"": 0.1}], ""anchor_eps"": 0.0001, ""sep_samples_per_class"": 4, ""sep_method"": ""classifier"", ""sep_margin"": 1.0, ""lambda_fit"": 0.0, ""lambda_sep"": 0.0, ""groupdro_enabled"": false, ""groupdro_eta"": 2.0, ""groupdro_gamma"": 0.9, ""groupdro_update_mode"": ""softmax"", ""groupdro_objective"": ""weighted"", ""groupdro_kl_lambda"": 0.0, ""groupdro_uniform_init"": true, ""log_interval"": 20, ""save_every"": 10, ""common_encoder"": true}","{""num_groups"": 4, ""num_classes"": 2, ""train_total"": 495, ""test_total"": 150, ""train_group_counts"": [242, 208, 20, 25], ""test_group_counts"": [61, 53, 10, 26], ""train_class_counts"": [266, 229], ""test_class_counts"": [73, 77], ""train_group_class_counts"": [[131, 111], [130, 78], [0, 20], [5, 20]], ""test_group_class_counts"": [[33, 28], [33, 20], [1, 9], [6, 20]], ""group_proportions"": [0.4888888888888889, 0.4202020202020202, 0.04040404040404041, 0.050505050505050504]}",,2026-09-07T00:55:58.469087,29,0.34402640238067145,0.8733031709269701,0.001,0.6933333333333334,0.7297853862809013,0.6538461538461539,0.9,"[0.7049180327868853, 0.660377358490566, 0.9, 0.6538461538461539]","[0.6205300996996096, 0.6674772712823777, 0.3781241230200976, 0.934011700634773]","[0.726027397260274, 0.6623376623376623]","[[0.7575757575757576, 0.6428571428571429], [0.6666666666666666, 0.65], [1.0, 0.8888888888888888], [0.8333333333333334, 0.6]]","[61, 53, 10, 26]",,,
"{""run_name"": ""fedheart_ablation_pergroup_noanchor"", ""seed"": 2024, ""run_dir"": ""runs/ablation_fedheart_fedheart/shared_erm_s2024"", ""use_fedheart"": true, ""num_classes"": 2, ""stratified_batching"": true, ""train_frac"": 0.8, ""data_split_seed"": 43, ""group_max_train_samples"": [null, null, 20, 25], ""true_hetero_input_dim"": true, ""feature_mask"": [[0, 1, 2, 3, 5, 6, 7, 8, 9, 10], [0, 1, 2, 3, 5, 6, 11, 12], [0, 1, 2, 4, 5, 7, 11, 12], [0, 1, 2, 4, 5, 6, 8, 9, 10]], ""batch_size"": 64, ""num_workers"": 0, ""epochs"": 150, ""early_stopping_patience"": 40, ""lr"": 0.001, ""weight_decay"": 0.0001, ""optimizer"": ""adam"", ""grad_clip"": 1.0, ""lr_scheduler"": ""cosine"", ""lr_min"": 1e-05, ""latent_dim"": 64, ""head_hidden"": 32, ""groups"": [{""name"": ""cleveland"", ""encoder"": ""mlp_tabular_ln"", ""input_dim"": 13, ""hidden_dim"": 64, ""dropout"": 0.1}, {""name"": ""hungarian"", ""encoder"": ""mlp_tabular_ln"", ""input_dim"": 13, ""hidden_dim"": 64, ""dropout"": 0.1}, {""name"": ""switzerland"", ""encoder"": ""mlp_tabular_ln"", ""input_dim"": 13, ""hidden_dim"": 64, ""dropout"": 0.1}, {""name"": ""va_long_beach"", ""encoder"": ""mlp_tabular_ln"", ""input_dim"": 13, ""hidden_dim"": 64, ""dropout"": 0.1}], ""anchor_eps"": 0.0001, ""sep_samples_per_class"": 4, ""sep_method"": ""classifier"", ""sep_margin"": 1.0, ""lambda_fit"": 0.0, ""lambda_sep"": 0.0, ""groupdro_enabled"": false, ""groupdro_eta"": 2.0, ""groupdro_gamma"": 0.9, ""groupdro_update_mode"": ""softmax"", ""groupdro_objective"": ""weighted"", ""groupdro_kl_lambda"": 0.0, ""groupdro_uniform_init"": true, ""log_interval"": 20, ""save_every"": 10, ""common_encoder"": true}","{""num_groups"": 4, ""num_classes"": 2, ""train_total"": 495, ""test_total"": 150, ""train_group_counts"": [242, 208, 20, 25], ""test_group_counts"": [61, 53, 10, 26], ""train_class_counts"": [266, 229], ""test_class_counts"": [73, 77], ""train_group_class_counts"": [[131, 111], [130, 78], [0, 20], [5, 20]], ""test_group_class_counts"": [[33, 28], [33, 20], [1, 9], [6, 20]], ""group_proportions"": [0.4888888888888889, 0.4202020202020202, 0.04040404040404041, 0.050505050505050504]}",,2026-09-07T00:55:58.469087,30,0.35046856651478764,0.8461538442659162,0.001,0.7,0.733883746936639,0.6538461538461539,0.9,"[0.7213114754098361, 0.660377358490566, 0.9, 0.6538461538461539]","[0.6382515619310444, 0.6688708011500256, 0.41606612582691016, 0.9703401476502992]","[0.7534246575342466, 0.6493506493506493]","[[0.7878787878787878, 0.6428571428571429], [0.696969696969697, 0.6], [1.0, 0.8888888888888888], [0.8333333333333334, 0.6]]","[61, 53, 10, 26]",,,
"{""run_name"": ""fedheart_ablation_pergroup_noanchor"", ""seed"": 2024, ""run_dir"": ""runs/ablation_fedheart_fedheart/shared_erm_s2024"", ""use_fedheart"": true, ""num_classes"": 2, ""stratified_batching"": true, ""train_frac"": 0.8, ""data_split_seed"": 43, ""group_max_train_samples"": [null, null, 20, 25], ""true_hetero_input_dim"": true, ""feature_mask"": [[0, 1, 2, 3, 5, 6, 7, 8, 9, 10], [0, 1, 2, 3, 5, 6, 11, 12], [0, 1, 2, 4, 5, 7, 11, 12], [0, 1, 2, 4, 5, 6, 8, 9, 10]], ""batch_size"": 64, ""num_workers"": 0, ""epochs"": 150, ""early_stopping_patience"": 40, ""lr"": 0.001, ""weight_decay"": 0.0001, ""optimizer"": ""adam"", ""grad_clip"": 1.0, ""lr_scheduler"": ""cosine"", ""lr_min"": 1e-05, ""latent_dim"": 64, ""head_hidden"": 32, ""groups"": [{""name"": ""cleveland"", ""encoder"": ""mlp_tabular_ln"", ""input_dim"": 13, ""hidden_dim"": 64, ""dropout"": 0.1}, {""name"": ""hungarian"", ""encoder"": ""mlp_tabular_ln"", ""input_dim"": 13, ""hidden_dim"": 64, ""dropout"": 0.1}, {""name"": ""switzerland"", ""encoder"": ""mlp_tabular_ln"", ""input_dim"": 13, ""hidden_dim"": 64, ""dropout"": 0.1}, {""name"": ""va_long_beach"", ""encoder"": ""mlp_tabular_ln"", ""input_dim"": 13, ""hidden_dim"": 64, ""dropout"": 0.1}], ""anchor_eps"": 0.0001, ""sep_samples_per_class"": 4, ""sep_method"": ""classifier"", ""sep_margin"": 1.0, ""lambda_fit"": 0.0, ""lambda_sep"": 0.0, ""groupdro_enabled"": false, ""groupdro_eta"": 2.0, ""groupdro_gamma"": 0.9, ""groupdro_update_mode"": ""softmax"", ""groupdro_objective"": ""weighted"", ""groupdro_kl_lambda"": 0.0, ""groupdro_uniform_init"": true, ""log_interval"": 20, ""save_every"": 10, ""common_encoder"": true}","{""num_groups"": 4, ""num_classes"": 2, ""train_total"": 495, ""test_total"": 150, ""train_group_counts"": [242, 208, 20, 25], ""test_group_counts"": [61, 53, 10, 26], ""train_class_counts"": [266, 229], ""test_class_counts"": [73, 77], ""train_group_class_counts"": [[131, 111], [130, 78], [0, 20], [5, 20]], ""test_group_class_counts"": [[33, 28], [33, 20], [1, 9], [6, 20]], ""group_proportions"": [0.4888888888888889, 0.4202020202020202, 0.04040404040404041, 0.050505050505050504]}",,2026-09-07T00:55:58.469087,31,0.3591587631141438,0.8325791863294748,0.001,0.7,0.7345023674129767,0.6538461538461539,0.9,"[0.7049180327868853, 0.6792452830188679, 0.9, 0.6538461538461539]","[0.6470507721828876, 0.673386347998496, 0.4267018960788846, 0.9540264418062109]","[0.7671232876712328, 0.6363636363636364]","[[0.7878787878787878, 0.6071428571428571], [0.7272727272727273, 0.6], [1.0, 0.8888888888888888], [0.8333333333333334, 0.6]]","[61, 53, 10, 26]",,,
"{""run_name"": ""fedheart_ablation_pergroup_noanchor"", ""seed"": 2024, ""run_dir"": ""runs/ablation_fedheart_fedheart/shared_erm_s2024"", ""use_fedheart"": true, ""num_classes"": 2, ""stratified_batching"": true, ""train_frac"": 0.8, ""data_split_seed"": 43, ""group_max_train_samples"": [null, null, 20, 25], ""true_hetero_input_dim"": true, ""feature_mask"": [[0, 1, 2, 3, 5, 6, 7, 8, 9, 10], [0, 1, 2, 3, 5, 6, 11, 12], [0, 1, 2, 4, 5, 7, 11, 12], [0, 1, 2, 4, 5, 6, 8, 9, 10]], ""batch_size"": 64, ""num_workers"": 0, ""epochs"": 150, ""early_stopping_patience"": 40, ""lr"": 0.001, ""weight_decay"": 0.0001, ""optimizer"": ""adam"", ""grad_clip"": 1.0, ""lr_scheduler"": ""cosine"", ""lr_min"": 1e-05, ""latent_dim"": 64, ""head_hidden"": 32, ""groups"": [{""name"": ""cleveland"", ""encoder"": ""mlp_tabular_ln"", ""input_dim"": 13, ""hidden_dim"": 64, ""dropout"": 0.1}, {""name"": ""hungarian"", ""encoder"": ""mlp_tabular_ln"", ""input_dim"": 13, ""hidden_dim"": 64, ""dropout"": 0.1}, {""name"": ""switzerland"", ""encoder"": ""mlp_tabular_ln"", ""input_dim"": 13, ""hidden_dim"": 64, ""dropout"": 0.1}, {""name"": ""va_long_beach"", ""encoder"": ""mlp_tabular_ln"", ""input_dim"": 13, ""hidden_dim"": 64, ""dropout"": 0.1}], ""anchor_eps"": 0.0001, ""sep_samples_per_class"": 4, ""sep_method"": ""classifier"", ""sep_margin"": 1.0, ""lambda_fit"": 0.0, ""lambda_sep"": 0.0, ""groupdro_enabled"": false, ""groupdro_eta"": 2.0, ""groupdro_gamma"": 0.9, ""groupdro_update_mode"": ""softmax"", ""groupdro_objective"": ""weighted"", ""groupdro_kl_lambda"": 0.0, ""groupdro_uniform_init"": true, ""log_interval"": 20, ""save_every"": 10, ""common_encoder"": true}","{""num_groups"": 4, ""num_classes"": 2, ""train_total"": 495, ""test_total"": 150, ""train_group_counts"": [242, 208, 20, 25], ""test_group_counts"": [61, 53, 10, 26], ""train_class_counts"": [266, 229], ""test_class_counts"": [73, 77], ""train_group_class_counts"": [[131, 111], [130, 78], [0, 20], [5, 20]], ""test_group_class_counts"": [[33, 28], [33, 20], [1, 9], [6, 20]], ""group_proportions"": [0.4888888888888889, 0.4202020202020202, 0.04040404040404041, 0.050505050505050504]}",,2026-09-07T00:55:58.469087,32,0.3600500165337351,0.837104075364937,0.001,0.6866666666666666,0.7256870256251635,0.6538461538461539,0.9,"[0.6885245901639344, 0.660377358490566, 0.9, 0.6538461538461539]","[0.6366693710022774, 0.675085792115907, 0.42820685505867007, 0.9397681138048378]","[0.7671232876712328, 0.6103896103896104]","[[0.7878787878787878, 0.5714285714285714], [0.7272727272727273, 0.55], [1.0, 0.8888888888888888], [0.8333333333333334, 0.6]]","[61, 53, 10, 26]",,,
"{""run_name"": ""fedheart_ablation_pergroup_noanchor"", ""seed"": 2024, ""run_dir"": ""runs/ablation_fedheart_fedheart/shared_erm_s2024"", ""use_fedheart"": true, ""num_classes"": 2, ""stratified_batching"": true, ""train_frac"": 0.8, ""data_split_seed"": 43, ""group_max_train_samples"": [null, null, 20, 25], ""true_hetero_input_dim"": true, ""feature_mask"": [[0, 1, 2, 3, 5, 6, 7, 8, 9, 10], [0, 1, 2, 3, 5, 6, 11, 12], [0, 1, 2, 4, 5, 7, 11, 12], [0, 1, 2, 4, 5, 6, 8, 9, 10]], ""batch_size"": 64, ""num_workers"": 0, ""epochs"": 150, ""early_stopping_patience"": 40, ""lr"": 0.001, ""weight_decay"": 0.0001, ""optimizer"": ""adam"", ""grad_clip"": 1.0, ""lr_scheduler"": ""cosine"", ""lr_min"": 1e-05, ""latent_dim"": 64, ""head_hidden"": 32, ""groups"": [{""name"": ""cleveland"", ""encoder"": ""mlp_tabular_ln"", ""input_dim"": 13, ""hidden_dim"": 64, ""dropout"": 0.1}, {""name"": ""hungarian"", ""encoder"": ""mlp_tabular_ln"", ""input_dim"": 13, ""hidden_dim"": 64, ""dropout"": 0.1}, {""name"": ""switzerland"", ""encoder"": ""mlp_tabular_ln"", ""input_dim"": 13, ""hidden_dim"": 64, ""dropout"": 0.1}, {""name"": ""va_long_beach"", ""encoder"": ""mlp_tabular_ln"", ""input_dim"": 13, ""hidden_dim"": 64, ""dropout"": 0.1}], ""anchor_eps"": 0.0001, ""sep_samples_per_class"": 4, ""sep_method"": ""classifier"", ""sep_margin"": 1.0, ""lambda_fit"": 0.0, ""lambda_sep"": 0.0, ""groupdro_enabled"": false, ""groupdro_eta"": 2.0, ""groupdro_gamma"": 0.9, ""groupdro_update_mode"": ""softmax"", ""groupdro_objective"": ""weighted"", ""groupdro_kl_lambda"": 0.0, ""groupdro_uniform_init"": true, ""log_interval"": 20, ""save_every"": 10, ""common_encoder"": true}","{""num_groups"": 4, ""num_classes"": 2, ""train_total"": 495, ""test_total"": 150, ""train_group_counts"": [242, 208, 20, 25], ""test_group_counts"": [61, 53, 10, 26], ""train_class_counts"": [266, 229], ""test_class_counts"": [73, 77], ""train_group_class_counts"": [[131, 111], [130, 78], [0, 20], [5, 20]], ""test_group_class_counts"": [[33, 28], [33, 20], [1, 9], [6, 20]], ""group_proportions"": [0.4888888888888889, 0.4202020202020202, 0.04040404040404041, 0.050505050505050504]}",,2026-09-07T00:55:58.469087,33,0.3532772224683028,0.8438914059513835,0.001,0.68,0.7209700444930881,0.6415094339622641,0.9,"[0.6885245901639344, 0.6415094339622641, 0.9, 0.6538461538461539]","[0.6473620001257199, 0.6975521802471705, 0.37888912702910604, 0.9208856062032282]","[0.7397260273972602, 0.6233766233766234]","[[0.7575757575757576, 0.6071428571428571], [0.696969696969697, 0.55], [1.0, 0.8888888888888888], [0.8333333333333334, 0.6]]","[61, 53, 10, 26]",,,
"{""run_name"": ""fedheart_ablation_pergroup_noanchor"", ""seed"": 2024, ""run_dir"": ""runs/ablation_fedheart_fedheart/shared_erm_s2024"", ""use_fedheart"": true, ""num_classes"": 2, ""stratified_batching"": true, ""train_frac"": 0.8, ""data_split_seed"": 43, ""group_max_train_samples"": [null, null, 20, 25], ""true_hetero_input_dim"": true, ""feature_mask"": [[0, 1, 2, 3, 5, 6, 7, 8, 9, 10], [0, 1, 2, 3, 5, 6, 11, 12], [0, 1, 2, 4, 5, 7, 11, 12], [0, 1, 2, 4, 5, 6, 8, 9, 10]], ""batch_size"": 64, ""num_workers"": 0, ""epochs"": 150, ""early_stopping_patience"": 40, ""lr"": 0.001, ""weight_decay"": 0.0001, ""optimizer"": ""adam"", ""grad_clip"": 1.0, ""lr_scheduler"": ""cosine"", ""lr_min"": 1e-05, ""latent_dim"": 64, ""head_hidden"": 32, ""groups"": [{""name"": ""cleveland"", ""encoder"": ""mlp_tabular_ln"", ""input_dim"": 13, ""hidden_dim"": 64, ""dropout"": 0.1}, {""name"": ""hungarian"", ""encoder"": ""mlp_tabular_ln"", ""input_dim"": 13, ""hidden_dim"": 64, ""dropout"": 0.1}, {""name"": ""switzerland"", ""encoder"": ""mlp_tabular_ln"", ""input_dim"": 13, ""hidden_dim"": 64, ""dropout"": 0.1}, {""name"": ""va_long_beach"", ""encoder"": ""mlp_tabular_ln"", ""input_dim"": 13, ""hidden_dim"": 64, ""dropout"": 0.1}], ""anchor_eps"": 0.0001, ""sep_samples_per_class"": 4, ""sep_method"": ""classifier"", ""sep_margin"": 1.0, ""lambda_fit"": 0.0, ""lambda_sep"": 0.0, ""groupdro_enabled"": false, ""groupdro_eta"": 2.0, ""groupdro_gamma"": 0.9, ""groupdro_update_mode"": ""softmax"", ""groupdro_objective"": ""weighted"", ""groupdro_kl_lambda"": 0.0, ""groupdro_uniform_init"": true, ""log_interval"": 20, ""save_every"": 10, ""common_encoder"": true}","{""num_groups"": 4, ""num_classes"": 2, ""train_total"": 495, ""test_total"": 150, ""train_group_counts"": [242, 208, 20, 25], ""test_group_counts"": [61, 53, 10, 26], ""train_class_counts"": [266, 229], ""test_class_counts"": [73, 77], ""train_group_class_counts"": [[131, 111], [130, 78], [0, 20], [5, 20]], ""test_group_class_counts"": [[33, 28], [33, 20], [1, 9], [6, 20]], ""group_proportions"": [0.4888888888888889, 0.4202020202020202, 0.04040404040404041, 0.050505050505050504]}",,2026-09-07T00:55:58.469087,34,0.3275990043830009,0.8461538442659162,0.001,0.6866666666666666,0.7047853862809013,0.6538461538461539,0.8,"[0.7049180327868853, 0.660377358490566, 0.8, 0.6538461538461539]","[0.6759352764023132, 0.6969898693386536, 0.4172153525054455, 1.0413018805333054]","[0.7808219178082192, 0.5974025974025974]","[[0.8181818181818182, 0.5714285714285714], [0.7272727272727273, 0.55], [1.0, 0.7777777777777778], [0.8333333333333334, 0.6]]","[61, 53, 10, 26]",,,
"{""run_name"": ""fedheart_ablation_pergroup_noanchor"", ""seed"": 2024, ""run_dir"": ""runs/ablation_fedheart_fedheart/shared_erm_s2024"", ""use_fedheart"": true, ""num_classes"": 2, ""stratified_batching"": true, ""train_frac"": 0.8, ""data_split_seed"": 43, ""group_max_train_samples"": [null, null, 20, 25], ""true_hetero_input_dim"": true, ""feature_mask"": [[0, 1, 2, 3, 5, 6, 7, 8, 9, 10], [0, 1, 2, 3, 5, 6, 11, 12], [0, 1, 2, 4, 5, 7, 11, 12], [0, 1, 2, 4, 5, 6, 8, 9, 10]], ""batch_size"": 64, ""num_workers"": 0, ""epochs"": 150, ""early_stopping_patience"": 40, ""lr"": 0.001, ""weight_decay"": 0.0001, ""optimizer"": ""adam"", ""grad_clip"": 1.0, ""lr_scheduler"": ""cosine"", ""lr_min"": 1e-05, ""latent_dim"": 64, ""head_hidden"": 32, ""groups"": [{""name"": ""cleveland"", ""encoder"": ""mlp_tabular_ln"", ""input_dim"": 13, ""hidden_dim"": 64, ""dropout"": 0.1}, {""name"": ""hungarian"", ""encoder"": ""mlp_tabular_ln"", ""input_dim"": 13, ""hidden_dim"": 64, ""dropout"": 0.1}, {""name"": ""switzerland"", ""encoder"": ""mlp_tabular_ln"", ""input_dim"": 13, ""hidden_dim"": 64, ""dropout"": 0.1}, {""name"": ""va_long_beach"", ""encoder"": ""mlp_tabular_ln"", ""input_dim"": 13, ""hidden_dim"": 64, ""dropout"": 0.1}], ""anchor_eps"": 0.0001, ""sep_samples_per_class"": 4, ""sep_method"": ""classifier"", ""sep_margin"": 1.0, ""lambda_fit"": 0.0, ""lambda_sep"": 0.0, ""groupdro_enabled"": false, ""groupdro_eta"": 2.0, ""groupdro_gamma"": 0.9, ""groupdro_update_mode"": ""softmax"", ""groupdro_objective"": ""weighted"", ""groupdro_kl_lambda"": 0.0, ""groupdro_uniform_init"": true, ""log_interval"": 20, ""save_every"": 10, ""common_encoder"": true}","{""num_groups"": 4, ""num_classes"": 2, ""train_total"": 495, ""test_total"": 150, ""train_group_counts"": [242, 208, 20, 25], ""test_group_counts"": [61, 53, 10, 26], ""train_class_counts"": [266, 229], ""test_class_counts"": [73, 77], ""train_group_class_counts"": [[131, 111], [130, 78], [0, 20], [5, 20]], ""test_group_class_counts"": [[33, 28], [33, 20], [1, 9], [6, 20]], ""group_proportions"": [0.4888888888888889, 0.4202020202020202, 0.04040404040404041, 0.050505050505050504]}",,2026-09-07T00:55:58.469087,35,0.3108725230888004,0.8733031652631803,0.001,0.68,0.7006870256251636,0.6538461538461539,0.8,"[0.6885245901639344, 0.660377358490566, 0.8, 0.6538461538461539]","[0.6873084571380473, 0.7124200028362948, 0.402156248036772, 1.0809543365612626]","[0.7534246575342466, 0.6103896103896104]","[[0.7878787878787878, 0.5714285714285714], [0.696969696969697, 0.6], [1.0, 0.7777777777777778], [0.8333333333333334, 0.6]]","[61, 53, 10, 26]",,,
"{""run_name"": ""fedheart_ablation_pergroup_noanchor"", ""seed"": 2024, ""run_dir"": ""runs/ablation_fedheart_fedheart/shared_erm_s2024"", ""use_fedheart"": true, ""num_classes"": 2, ""stratified_batching"": true, ""train_frac"": 0.8, ""data_split_seed"": 43, ""group_max_train_samples"": [null, null, 20, 25], ""true_hetero_input_dim"": true, ""feature_mask"": [[0, 1, 2, 3, 5, 6, 7, 8, 9, 10], [0, 1, 2, 3, 5, 6, 11, 12], [0, 1, 2, 4, 5, 7, 11, 12], [0, 1, 2, 4, 5, 6, 8, 9, 10]], ""batch_size"": 64, ""num_workers"": 0, ""epochs"": 150, ""early_stopping_patience"": 40, ""lr"": 0.001, ""weight_decay"": 0.0001, ""optimizer"": ""adam"", ""grad_clip"": 1.0, ""lr_scheduler"": ""cosine"", ""lr_min"": 1e-05, ""latent_dim"": 64, ""head_hidden"": 32, ""groups"": [{""name"": ""cleveland"", ""encoder"": ""mlp_tabular_ln"", ""input_dim"": 13, ""hidden_dim"": 64, ""dropout"": 0.1}, {""name"": ""hungarian"", ""encoder"": ""mlp_tabular_ln"", ""input_dim"": 13, ""hidden_dim"": 64, ""dropout"": 0.1}, {""name"": ""switzerland"", ""encoder"": ""mlp_tabular_ln"", ""input_dim"": 13, ""hidden_dim"": 64, ""dropout"": 0.1}, {""name"": ""va_long_beach"", ""encoder"": ""mlp_tabular_ln"", ""input_dim"": 13, ""hidden_dim"": 64, ""dropout"": 0.1}], ""anchor_eps"": 0.0001, ""sep_samples_per_class"": 4, ""sep_method"": ""classifier"", ""sep_margin"": 1.0, ""lambda_fit"": 0.0, ""lambda_sep"": 0.0, ""groupdro_enabled"": false, ""groupdro_eta"": 2.0, ""groupdro_gamma"": 0.9, ""groupdro_update_mode"": ""softmax"", ""groupdro_objective"": ""weighted"", ""groupdro_kl_lambda"": 0.0, ""groupdro_uniform_init"": true, ""log_interval"": 20, ""save_every"": 10, ""common_encoder"": true}","{""num_groups"": 4, ""num_classes"": 2, ""train_total"": 495, ""test_total"": 150, ""train_group_counts"": [242, 208, 20, 25], ""test_group_counts"": [61, 53, 10, 26], ""train_class_counts"": [266, 229], ""test_class_counts"": [73, 77], ""train_group_class_counts"": [[131, 111], [130, 78], [0, 20], [5, 20]], ""test_group_class_counts"": [[33, 28], [33, 20], [1, 9], [6, 20]], ""group_proportions"": [0.4888888888888889, 0.4202020202020202, 0.04040404040404041, 0.050505050505050504]}",,2026-09-07T00:55:58.469087,36,0.3524836672646967,0.8348416270713461,0.001,0.6866666666666666,0.6851209878893145,0.6538461538461539,0.7,"[0.6885245901639344, 0.6981132075471698, 0.7, 0.6538461538461539]","[0.6916236818813887, 0.689794699074964, 0.4518206264358014, 1.0694228311857352]","[0.7808219178082192, 0.5974025974025974]","[[0.7878787878787878, 0.5714285714285714], [0.7575757575757576, 0.6], [1.0, 0.6666666666666666], [0.8333333333333334, 0.6]]","[61, 53, 10, 26]",,,
"{""run_name"": ""fedheart_ablation_pergroup_noanchor"", ""seed"": 2024, ""run_dir"": ""runs/ablation_fedheart_fedheart/shared_erm_s2024"", ""use_fedheart"": true, ""num_classes"": 2, ""stratified_batching"": true, ""train_frac"": 0.8, ""data_split_seed"": 43, ""group_max_train_samples"": [null, null, 20, 25], ""true_hetero_input_dim"": true, ""feature_mask"": [[0, 1, 2, 3, 5, 6, 7, 8, 9, 10], [0, 1, 2, 3, 5, 6, 11, 12], [0, 1, 2, 4, 5, 7, 11, 12], [0, 1, 2, 4, 5, 6, 8, 9, 10]], ""batch_size"": 64, ""num_workers"": 0, ""epochs"": 150, ""early_stopping_patience"": 40, ""lr"": 0.001, ""weight_decay"": 0.0001, ""optimizer"": ""adam"", ""grad_clip"": 1.0, ""lr_scheduler"": ""cosine"", ""lr_min"": 1e-05, ""latent_dim"": 64, ""head_hidden"": 32, ""groups"": [{""name"": ""cleveland"", ""encoder"": ""mlp_tabular_ln"", ""input_dim"": 13, ""hidden_dim"": 64, ""dropout"": 0.1}, {""name"": ""hungarian"", ""encoder"": ""mlp_tabular_ln"", ""input_dim"": 13, ""hidden_dim"": 64, ""dropout"": 0.1}, {""name"": ""switzerland"", ""encoder"": ""mlp_tabular_ln"", ""input_dim"": 13, ""hidden_dim"": 64, ""dropout"": 0.1}, {""name"": ""va_long_beach"", ""encoder"": ""mlp_tabular_ln"", ""input_dim"": 13, ""hidden_dim"": 64, ""dropout"": 0.1}], ""anchor_eps"": 0.0001, ""sep_samples_per_class"": 4, ""sep_method"": ""classifier"", ""sep_margin"": 1.0, ""lambda_fit"": 0.0, ""lambda_sep"": 0.0, ""groupdro_enabled"": false, ""groupdro_eta"": 2.0, ""groupdro_gamma"": 0.9, ""groupdro_update_mode"": ""softmax"", ""groupdro_objective"": ""weighted"", ""groupdro_kl_lambda"": 0.0, ""groupdro_uniform_init"": true, ""log_interval"": 20, ""save_every"": 10, ""common_encoder"": true}","{""num_groups"": 4, ""num_classes"": 2, ""train_total"": 495, ""test_total"": 150, ""train_group_counts"": [242, 208, 20, 25], ""test_group_counts"": [61, 53, 10, 26], ""train_class_counts"": [266, 229], ""test_class_counts"": [73, 77], ""train_group_class_counts"": [[131, 111], [130, 78], [0, 20], [5, 20]], ""test_group_class_counts"": [[33, 28], [33, 20], [1, 9], [6, 20]], ""group_proportions"": [0.4888888888888889, 0.4202020202020202, 0.04040404040404041, 0.050505050505050504]}",,2026-09-07T00:55:58.469087,37,0.34509165322079377,0.8461538442659162,0.001,0.6933333333333334,0.7095023674129768,0.6538461538461539,0.8,"[0.7049180327868853, 0.6792452830188679, 0.8, 0.6538461538461539]","[0.6844458111073272, 0.6990946414419186, 0.3843232503626496, 1.012122687131453]","[0.7671232876712328, 0.6233766233766234]","[[0.7878787878787878, 0.6071428571428571], [0.7272727272727273, 0.6], [1.0, 0.7777777777777778], [0.8333333333333334, 0.6]]","[61, 53, 10, 26]",,,
"{""run_name"": ""fedheart_ablation_pergroup_noanchor"", ""seed"": 2024, ""run_dir"": ""runs/ablation_fedheart_fedheart/shared_erm_s2024"", ""use_fedheart"": true, ""num_classes"": 2, ""stratified_batching"": true, ""train_frac"": 0.8, ""data_split_seed"": 43, ""group_max_train_samples"": [null, null, 20, 25], ""true_hetero_input_dim"": true, ""feature_mask"": [[0, 1, 2, 3, 5, 6, 7, 8, 9, 10], [0, 1, 2, 3, 5, 6, 11, 12], [0, 1, 2, 4, 5, 7, 11, 12], [0, 1, 2, 4, 5, 6, 8, 9, 10]], ""batch_size"": 64, ""num_workers"": 0, ""epochs"": 150, ""early_stopping_patience"": 40, ""lr"": 0.001, ""weight_decay"": 0.0001, ""optimizer"": ""adam"", ""grad_clip"": 1.0, ""lr_scheduler"": ""cosine"", ""lr_min"": 1e-05, ""latent_dim"": 64, ""head_hidden"": 32, ""groups"": [{""name"": ""cleveland"", ""encoder"": ""mlp_tabular_ln"", ""input_dim"": 13, ""hidden_dim"": 64, ""dropout"": 0.1}, {""name"": ""hungarian"", ""encoder"": ""mlp_tabular_ln"", ""input_dim"": 13, ""hidden_dim"": 64, ""dropout"": 0.1}, {""name"": ""switzerland"", ""encoder"": ""mlp_tabular_ln"", ""input_dim"": 13, ""hidden_dim"": 64, ""dropout"": 0.1}, {""name"": ""va_long_beach"", ""encoder"": ""mlp_tabular_ln"", ""input_dim"": 13, ""hidden_dim"": 64, ""dropout"": 0.1}], ""anchor_eps"": 0.0001, ""sep_samples_per_class"": 4, ""sep_method"": ""classifier"", ""sep_margin"": 1.0, ""lambda_fit"": 0.0, ""lambda_sep"": 0.0, ""groupdro_enabled"": false, ""groupdro_eta"": 2.0, ""groupdro_gamma"": 0.9, ""groupdro_update_mode"": ""softmax"", ""groupdro_objective"": ""weighted"", ""groupdro_kl_lambda"": 0.0, ""groupdro_uniform_init"": true, ""log_interval"": 20, ""save_every"": 10, ""common_encoder"": true}","{""num_groups"": 4, ""num_classes"": 2, ""train_total"": 495, ""test_total"": 150, ""train_group_counts"": [242, 208, 20, 25], ""test_group_counts"": [61, 53, 10, 26], ""train_class_counts"": [266, 229], ""test_class_counts"": [73, 77], ""train_group_class_counts"": [[131, 111], [130, 78], [0, 20], [5, 20]], ""test_group_class_counts"": [[33, 28], [33, 20], [1, 9], [6, 20]], ""group_proportions"": [0.4888888888888889, 0.4202020202020202, 0.04040404040404041, 0.050505050505050504]}",,2026-09-07T00:55:58.469087,38,0.3407904810495506,0.8438914032543406,0.001,0.6866666666666666,0.705404006757239,0.6538461538461539,0.8,"[0.6885245901639344, 0.6792452830188679, 0.8, 0.6538461538461539]","[0.6850127362088896, 0.7158388117381003, 0.3675475174328312, 1.0054736270282705]","[0.7534246575342466, 0.6233766233766234]","[[0.7575757575757576, 0.6071428571428571], [0.7272727272727273, 0.6], [1.0, 0.7777777777777778], [0.8333333333333334, 0.6]]","[61, 53, 10, 26]",,,
"{""run_name"": ""fedheart_ablation_pergroup_noanchor"", ""seed"": 2024, ""run_dir"": ""runs/ablation_fedheart_fedheart/shared_erm_s2024"", ""use_fedheart"": true, ""num_classes"": 2, ""stratified_batching"": true, ""train_frac"": 0.8, ""data_split_seed"": 43, ""group_max_train_samples"": [null, null, 20, 25], ""true_hetero_input_dim"": true, ""feature_mask"": [[0, 1, 2, 3, 5, 6, 7, 8, 9, 10], [0, 1, 2, 3, 5, 6, 11, 12], [0, 1, 2, 4, 5, 7, 11, 12], [0, 1, 2, 4, 5, 6, 8, 9, 10]], ""batch_size"": 64, ""num_workers"": 0, ""epochs"": 150, ""early_stopping_patience"": 40, ""lr"": 0.001, ""weight_decay"": 0.0001, ""optimizer"": ""adam"", ""grad_clip"": 1.0, ""lr_scheduler"": ""cosine"", ""lr_min"": 1e-05, ""latent_dim"": 64, ""head_hidden"": 32, ""groups"": [{""name"": ""cleveland"", ""encoder"": ""mlp_tabular_ln"", ""input_dim"": 13, ""hidden_dim"": 64, ""dropout"": 0.1}, {""name"": ""hungarian"", ""encoder"": ""mlp_tabular_ln"", ""input_dim"": 13, ""hidden_dim"": 64, ""dropout"": 0.1}, {""name"": ""switzerland"", ""encoder"": ""mlp_tabular_ln"", ""input_dim"": 13, ""hidden_dim"": 64, ""dropout"": 0.1}, {""name"": ""va_long_beach"", ""encoder"": ""mlp_tabular_ln"", ""input_dim"": 13, ""hidden_dim"": 64, ""dropout"": 0.1}], ""anchor_eps"": 0.0001, ""sep_samples_per_class"": 4, ""sep_method"": ""classifier"", ""sep_margin"": 1.0, ""lambda_fit"": 0.0, ""lambda_sep"": 0.0, ""groupdro_enabled"": false, ""groupdro_eta"": 2.0, ""groupdro_gamma"": 0.9, ""groupdro_update_mode"": ""softmax"", ""groupdro_objective"": ""weighted"", ""groupdro_kl_lambda"": 0.0, ""groupdro_uniform_init"": true, ""log_interval"": 20, ""save_every"": 10, ""common_encoder"": true}","{""num_groups"": 4, ""num_classes"": 2, ""train_total"": 495, ""test_total"": 150, ""train_group_counts"": [242, 208, 20, 25], ""test_group_counts"": [61, 53, 10, 26], ""train_class_counts"": [266, 229], ""test_class_counts"": [73, 77], ""train_group_class_counts"": [[131, 111], [130, 78], [0, 20], [5, 20]], ""test_group_class_counts"": [[33, 28], [33, 20], [1, 9], [6, 20]], ""group_proportions"": [0.4888888888888889, 0.4202020202020202, 0.04040404040404041, 0.050505050505050504]}",,2026-09-07T00:55:58.469087,39,0.3304716304146866,0.8529411745826583,0.001,0.6933333333333334,0.7101209878893145,0.6538461538461539,0.8,"[0.6885245901639344, 0.6981132075471698, 0.8, 0.6538461538461539]","[0.6993032732031873, 0.7016286403116472, 0.40412668799981477, 1.034331017657398]","[0.7808219178082192, 0.6103896103896104]","[[0.7878787878787878, 0.5714285714285714], [0.7575757575757576, 0.6], [1.0, 0.7777777777777778], [0.8333333333333334, 0.6]]","[61, 53, 10, 26]",,,
"{""run_name"": ""fedheart_ablation_pergroup_noanchor"", ""seed"": 2024, ""run_dir"": ""runs/ablation_fedheart_fedheart/shared_erm_s2024"", ""use_fedheart"": true, ""num_classes"": 2, ""stratified_batching"": true, ""train_frac"": 0.8, ""data_split_seed"": 43, ""group_max_train_samples"": [null, null, 20, 25], ""true_hetero_input_dim"": true, ""feature_mask"": [[0, 1, 2, 3, 5, 6, 7, 8, 9, 10], [0, 1, 2, 3, 5, 6, 11, 12], [0, 1, 2, 4, 5, 7, 11, 12], [0, 1, 2, 4, 5, 6, 8, 9, 10]], ""batch_size"": 64, ""num_workers"": 0, ""epochs"": 150, ""early_stopping_patience"": 40, ""lr"": 0.001, ""weight_decay"": 0.0001, ""optimizer"": ""adam"", ""grad_clip"": 1.0, ""lr_scheduler"": ""cosine"", ""lr_min"": 1e-05, ""latent_dim"": 64, ""head_hidden"": 32, ""groups"": [{""name"": ""cleveland"", ""encoder"": ""mlp_tabular_ln"", ""input_dim"": 13, ""hidden_dim"": 64, ""dropout"": 0.1}, {""name"": ""hungarian"", ""encoder"": ""mlp_tabular_ln"", ""input_dim"": 13, ""hidden_dim"": 64, ""dropout"": 0.1}, {""name"": ""switzerland"", ""encoder"": ""mlp_tabular_ln"", ""input_dim"": 13, ""hidden_dim"": 64, ""dropout"": 0.1}, {""name"": ""va_long_beach"", ""encoder"": ""mlp_tabular_ln"", ""input_dim"": 13, ""hidden_dim"": 64, ""dropout"": 0.1}], ""anchor_eps"": 0.0001, ""sep_samples_per_class"": 4, ""sep_method"": ""classifier"", ""sep_margin"": 1.0, ""lambda_fit"": 0.0, ""lambda_sep"": 0.0, ""groupdro_enabled"": false, ""groupdro_eta"": 2.0, ""groupdro_gamma"": 0.9, ""groupdro_update_mode"": ""softmax"", ""groupdro_objective"": ""weighted"", ""groupdro_kl_lambda"": 0.0, ""groupdro_uniform_init"": true, ""log_interval"": 20, ""save_every"": 10, ""common_encoder"": true}","{""num_groups"": 4, ""num_classes"": 2, ""train_total"": 495, ""test_total"": 150, ""train_group_counts"": [242, 208, 20, 25], ""test_group_counts"": [61, 53, 10, 26], ""train_class_counts"": [266, 229], ""test_class_counts"": [73, 77], ""train_group_class_counts"": [[131, 111], [130, 78], [0, 20], [5, 20]], ""test_group_class_counts"": [[33, 28], [33, 20], [1, 9], [6, 20]], ""group_proportions"": [0.4888888888888889, 0.4202020202020202, 0.04040404040404041, 0.050505050505050504]}",,2026-09-07T00:55:58.469087,40,0.31459929001816794,0.8597285051691047,0.001,0.7066666666666667,0.7189363296771277,0.6538461538461539,0.8,"[0.7049180327868853, 0.7169811320754716, 0.8, 0.6538461538461539]","[0.7235936969900351, 0.7064998862509317, 0.4182187913917005, 1.0699865988169153]","[0.7945205479452054, 0.6233766233766234]","[[0.8181818181818182, 0.5714285714285714], [0.7575757575757576, 0.65], [1.0, 0.7777777777777778], [0.8333333333333334, 0.6]]","[61, 53, 10, 26]",,,
"{""run_name"": ""fedheart_ablation_pergroup_noanchor"", ""seed"": 2024, ""run_dir"": ""runs/ablation_fedheart_fedheart/shared_erm_s2024"", ""use_fedheart"": true, ""num_classes"": 2, ""stratified_batching"": true, ""train_frac"": 0.8, ""data_split_seed"": 43, ""group_max_train_samples"": [null, null, 20, 25], ""true_hetero_input_dim"": true, ""feature_mask"": [[0, 1, 2, 3, 5, 6, 7, 8, 9, 10], [0, 1, 2, 3, 5, 6, 11, 12], [0, 1, 2, 4, 5, 7, 11, 12], [0, 1, 2, 4, 5, 6, 8, 9, 10]], ""batch_size"": 64, ""num_workers"": 0, ""epochs"": 150, ""early_stopping_patience"": 40, ""lr"": 0.001, ""weight_decay"": 0.0001, ""optimizer"": ""adam"", ""grad_clip"": 1.0, ""lr_scheduler"": ""cosine"", ""lr_min"": 1e-05, ""latent_dim"": 64, ""head_hidden"": 32, ""groups"": [{""name"": ""cleveland"", ""encoder"": ""mlp_tabular_ln"", ""input_dim"": 13, ""hidden_dim"": 64, ""dropout"": 0.1}, {""name"": ""hungarian"", ""encoder"": ""mlp_tabular_ln"", ""input_dim"": 13, ""hidden_dim"": 64, ""dropout"": 0.1}, {""name"": ""switzerland"", ""encoder"": ""mlp_tabular_ln"", ""input_dim"": 13, ""hidden_dim"": 64, ""dropout"": 0.1}, {""name"": ""va_long_beach"", ""encoder"": ""mlp_tabular_ln"", ""input_dim"": 13, ""hidden_dim"": 64, ""dropout"": 0.1}], ""anchor_eps"": 0.0001, ""sep_samples_per_class"": 4, ""sep_method"": ""classifier"", ""sep_margin"": 1.0, ""lambda_fit"": 0.0, ""lambda_sep"": 0.0, ""groupdro_enabled"": false, ""groupdro_eta"": 2.0, ""groupdro_gamma"": 0.9, ""groupdro_update_mode"": ""softmax"", ""groupdro_objective"": ""weighted"", ""groupdro_kl_lambda"": 0.0, ""groupdro_uniform_init"": true, ""log_interval"": 20, ""save_every"": 10, ""common_encoder"": true}","{""num_groups"": 4, ""num_classes"": 2, ""train_total"": 495, ""test_total"": 150, ""train_group_counts"": [242, 208, 20, 25], ""test_group_counts"": [61, 53, 10, 26], ""train_class_counts"": [266, 229], ""test_class_counts"": [73, 77], ""train_group_class_counts"": [[131, 111], [130, 78], [0, 20], [5, 20]], ""test_group_class_counts"": [[33, 28], [33, 20], [1, 9], [6, 20]], ""group_proportions"": [0.4888888888888889, 0.4202020202020202, 0.04040404040404041, 0.050505050505050504]}",,2026-09-07T00:55:58.469087,41,0.32243032895062307,0.8800904982769651,0.001,0.7066666666666667,0.7189363296771277,0.6538461538461539,0.8,"[0.7049180327868853, 0.7169811320754716, 0.8, 0.6538461538461539]","[0.7214636365867785, 0.721852776236428, 0.42906131318304686, 1.0938809332437813]","[0.8082191780821918, 0.6103896103896104]","[[0.8181818181818182, 0.5714285714285714], [0.7878787878787878, 0.6], [1.0, 0.7777777777777778], [0.8333333333333334, 0.6]]","[61, 53, 10, 26]",,,
"{""run_name"": ""fedheart_ablation_pergroup_noanchor"", ""seed"": 2024, ""run_dir"": ""runs/ablation_fedheart_fedheart/shared_erm_s2024"", ""use_fedheart"": true, ""num_classes"": 2, ""stratified_batching"": true, ""train_frac"": 0.8, ""data_split_seed"": 43, ""group_max_train_samples"": [null, null, 20, 25], ""true_hetero_input_dim"": true, ""feature_mask"": [[0, 1, 2, 3, 5, 6, 7, 8, 9, 10], [0, 1, 2, 3, 5, 6, 11, 12], [0, 1, 2, 4, 5, 7, 11, 12], [0, 1, 2, 4, 5, 6, 8, 9, 10]], ""batch_size"": 64, ""num_workers"": 0, ""epochs"": 150, ""early_stopping_patience"": 40, ""lr"": 0.001, ""weight_decay"": 0.0001, ""optimizer"": ""adam"", ""grad_clip"": 1.0, ""lr_scheduler"": ""cosine"", ""lr_min"": 1e-05, ""latent_dim"": 64, ""head_hidden"": 32, ""groups"": [{""name"": ""cleveland"", ""encoder"": ""mlp_tabular_ln"", ""input_dim"": 13, ""hidden_dim"": 64, ""dropout"": 0.1}, {""name"": ""hungarian"", ""encoder"": ""mlp_tabular_ln"", ""input_dim"": 13, ""hidden_dim"": 64, ""dropout"": 0.1}, {""name"": ""switzerland"", ""encoder"": ""mlp_tabular_ln"", ""input_dim"": 13, ""hidden_dim"": 64, ""dropout"": 0.1}, {""name"": ""va_long_beach"", ""encoder"": ""mlp_tabular_ln"", ""input_dim"": 13, ""hidden_dim"": 64, ""dropout"": 0.1}], ""anchor_eps"": 0.0001, ""sep_samples_per_class"": 4, ""sep_method"": ""classifier"", ""sep_margin"": 1.0, ""lambda_fit"": 0.0, ""lambda_sep"": 0.0, ""groupdro_enabled"": false, ""groupdro_eta"": 2.0, ""groupdro_gamma"": 0.9, ""groupdro_update_mode"": ""softmax"", ""groupdro_objective"": ""weighted"", ""groupdro_kl_lambda"": 0.0, ""groupdro_uniform_init"": true, ""log_interval"": 20, ""save_every"": 10, ""common_encoder"": true}","{""num_groups"": 4, ""num_classes"": 2, ""train_total"": 495, ""test_total"": 150, ""train_group_counts"": [242, 208, 20, 25], ""test_group_counts"": [61, 53, 10, 26], ""train_class_counts"": [266, 229], ""test_class_counts"": [73, 77], ""train_group_class_counts"": [[131, 111], [130, 78], [0, 20], [5, 20]], ""test_group_class_counts"": [[33, 28], [33, 20], [1, 9], [6, 20]], ""group_proportions"": [0.4888888888888889, 0.4202020202020202, 0.04040404040404041, 0.050505050505050504]}",,2026-09-07T00:55:58.469087,42,0.31061184150061455,0.8733031706572658,0.001,0.6933333333333334,0.7095023674129768,0.6538461538461539,0.8,"[0.7049180327868853, 0.6792452830188679, 0.8, 0.6538461538461539]","[0.7008009357568732, 0.7300306432210524, 0.41471491151023654, 1.0940336587014967]","[0.7945205479452054, 0.5974025974025974]","[[0.8181818181818182, 0.5714285714285714], [0.7575757575757576, 0.55], [1.0, 0.7777777777777778], [0.8333333333333334, 0.6]]","[61, 53, 10, 26]",,,
"{""run_name"": ""fedheart_ablation_pergroup_noanchor"", ""seed"": 2024, ""run_dir"": ""runs/ablation_fedheart_fedheart/shared_erm_s2024"", ""use_fedheart"": true, ""num_classes"": 2, ""stratified_batching"": true, ""train_frac"": 0.8, ""data_split_seed"": 43, ""group_max_train_samples"": [null, null, 20, 25], ""true_hetero_input_dim"": true, ""feature_mask"": [[0, 1, 2, 3, 5, 6, 7, 8, 9, 10], [0, 1, 2, 3, 5, 6, 11, 12], [0, 1, 2, 4, 5, 7, 11, 12], [0, 1, 2, 4, 5, 6, 8, 9, 10]], ""batch_size"": 64, ""num_workers"": 0, ""epochs"": 150, ""early_stopping_patience"": 40, ""lr"": 0.001, ""weight_decay"": 0.0001, ""optimizer"": ""adam"", ""grad_clip"": 1.0, ""lr_scheduler"": ""cosine"", ""lr_min"": 1e-05, ""latent_dim"": 64, ""head_hidden"": 32, ""groups"": [{""name"": ""cleveland"", ""encoder"": ""mlp_tabular_ln"", ""input_dim"": 13, ""hidden_dim"": 64, ""dropout"": 0.1}, {""name"": ""hungarian"", ""encoder"": ""mlp_tabular_ln"", ""input_dim"": 13, ""hidden_dim"": 64, ""dropout"": 0.1}, {""name"": ""switzerland"", ""encoder"": ""mlp_tabular_ln"", ""input_dim"": 13, ""hidden_dim"": 64, ""dropout"": 0.1}, {""name"": ""va_long_beach"", ""encoder"": ""mlp_tabular_ln"", ""input_dim"": 13, ""hidden_dim"": 64, ""dropout"": 0.1}], ""anchor_eps"": 0.0001, ""sep_samples_per_class"": 4, ""sep_method"": ""classifier"", ""sep_margin"": 1.0, ""lambda_fit"": 0.0, ""lambda_sep"": 0.0, ""groupdro_enabled"": false, ""groupdro_eta"": 2.0, ""groupdro_gamma"": 0.9, ""groupdro_update_mode"": ""softmax"", ""groupdro_objective"": ""weighted"", ""groupdro_kl_lambda"": 0.0, ""groupdro_uniform_init"": true, ""log_interval"": 20, ""save_every"": 10, ""common_encoder"": true}","{""num_groups"": 4, ""num_classes"": 2, ""train_total"": 495, ""test_total"": 150, ""train_group_counts"": [242, 208, 20, 25], ""test_group_counts"": [61, 53, 10, 26], ""train_class_counts"": [266, 229], ""test_class_counts"": [73, 77], ""train_group_class_counts"": [[131, 111], [130, 78], [0, 20], [5, 20]], ""test_group_class_counts"": [[33, 28], [33, 20], [1, 9], [6, 20]], ""group_proportions"": [0.4888888888888889, 0.4202020202020202, 0.04040404040404041, 0.050505050505050504]}",,2026-09-07T00:55:58.469087,43,0.32077617855633006,0.8529411797070395,0.001,0.6866666666666666,0.6796039639296676,0.6153846153846154,0.7049180327868853,"[0.7049180327868853, 0.6981132075471698, 0.7, 0.6153846153846154]","[0.7009834932377104, 0.7258767237950485, 0.4661140923388302, 1.0848955544822205]","[0.7671232876712328, 0.6103896103896104]","[[0.7878787878787878, 0.6071428571428571], [0.7575757575757576, 0.6], [1.0, 0.6666666666666666], [0.6666666666666666, 0.6]]","[61, 53, 10, 26]",,,
"{""run_name"": ""fedheart_ablation_pergroup_noanchor"", ""seed"": 2024, ""run_dir"": ""runs/ablation_fedheart_fedheart/shared_erm_s2024"", ""use_fedheart"": true, ""num_classes"": 2, ""stratified_batching"": true, ""train_frac"": 0.8, ""data_split_seed"": 43, ""group_max_train_samples"": [null, null, 20, 25], ""true_hetero_input_dim"": true, ""feature_mask"": [[0, 1, 2, 3, 5, 6, 7, 8, 9, 10], [0, 1, 2, 3, 5, 6, 11, 12], [0, 1, 2, 4, 5, 7, 11, 12], [0, 1, 2, 4, 5, 6, 8, 9, 10]], ""batch_size"": 64, ""num_workers"": 0, ""epochs"": 150, ""early_stopping_patience"": 40, ""lr"": 0.001, ""weight_decay"": 0.0001, ""optimizer"": ""adam"", ""grad_clip"": 1.0, ""lr_scheduler"": ""cosine"", ""lr_min"": 1e-05, ""latent_dim"": 64, ""head_hidden"": 32, ""groups"": [{""name"": ""cleveland"", ""encoder"": ""mlp_tabular_ln"", ""input_dim"": 13, ""hidden_dim"": 64, ""dropout"": 0.1}, {""name"": ""hungarian"", ""encoder"": ""mlp_tabular_ln"", ""input_dim"": 13, ""hidden_dim"": 64, ""dropout"": 0.1}, {""name"": ""switzerland"", ""encoder"": ""mlp_tabular_ln"", ""input_dim"": 13, ""hidden_dim"": 64, ""dropout"": 0.1}, {""name"": ""va_long_beach"", ""encoder"": ""mlp_tabular_ln"", ""input_dim"": 13, ""hidden_dim"": 64, ""dropout"": 0.1}], ""anchor_eps"": 0.0001, ""sep_samples_per_class"": 4, ""sep_method"": ""classifier"", ""sep_margin"": 1.0, ""lambda_fit"": 0.0, ""lambda_sep"": 0.0, ""groupdro_enabled"": false, ""groupdro_eta"": 2.0, ""groupdro_gamma"": 0.9, ""groupdro_update_mode"": ""softmax"", ""groupdro_objective"": ""weighted"", ""groupdro_kl_lambda"": 0.0, ""groupdro_uniform_init"": true, ""log_interval"": 20, ""save_every"": 10, ""common_encoder"": true}","{""num_groups"": 4, ""num_classes"": 2, ""train_total"": 495, ""test_total"": 150, ""train_group_counts"": [242, 208, 20, 25], ""test_group_counts"": [61, 53, 10, 26], ""train_class_counts"": [266, 229], ""test_class_counts"": [73, 77], ""train_group_class_counts"": [[131, 111], [130, 78], [0, 20], [5, 20]], ""test_group_class_counts"": [[33, 28], [33, 20], [1, 9], [6, 20]], ""group_proportions"": [0.4888888888888889, 0.4202020202020202, 0.04040404040404041, 0.050505050505050504]}",,2026-09-07T00:55:58.469087,44,0.3244170538440549,0.8574660614604863,0.001,0.7066666666666667,0.7134193057174808,0.6153846153846154,0.8,"[0.7213114754098361, 0.7169811320754716, 0.8, 0.6153846153846154]","[0.6865268037807135, 0.7258018398007272, 0.44257666148478164, 1.0660226121455287]","[0.7808219178082192, 0.6363636363636364]","[[0.7878787878787878, 0.6428571428571429], [0.7878787878787878, 0.6], [1.0, 0.7777777777777778], [0.6666666666666666, 0.6]]","[61, 53, 10, 26]",,,
"{""run_name"": ""fedheart_ablation_pergroup_noanchor"", ""seed"": 2024, ""run_dir"": ""runs/ablation_fedheart_fedheart/shared_erm_s2024"", ""use_fedheart"": true, ""num_classes"": 2, ""stratified_batching"": true, ""train_frac"": 0.8, ""data_split_seed"": 43, ""group_max_train_samples"": [null, null, 20, 25], ""true_hetero_input_dim"": true, ""feature_mask"": [[0, 1, 2, 3, 5, 6, 7, 8, 9, 10], [0, 1, 2, 3, 5, 6, 11, 12], [0, 1, 2, 4, 5, 7, 11, 12], [0, 1, 2, 4, 5, 6, 8, 9, 10]], ""batch_size"": 64, ""num_workers"": 0, ""epochs"": 150, ""early_stopping_patience"": 40, ""lr"": 0.001, ""weight_decay"": 0.0001, ""optimizer"": ""adam"", ""grad_clip"": 1.0, ""lr_scheduler"": ""cosine"", ""lr_min"": 1e-05, ""latent_dim"": 64, ""head_hidden"": 32, ""groups"": [{""name"": ""cleveland"", ""encoder"": ""mlp_tabular_ln"", ""input_dim"": 13, ""hidden_dim"": 64, ""dropout"": 0.1}, {""name"": ""hungarian"", ""encoder"": ""mlp_tabular_ln"", ""input_dim"": 13, ""hidden_dim"": 64, ""dropout"": 0.1}, {""name"": ""switzerland"", ""encoder"": ""mlp_tabular_ln"", ""input_dim"": 13, ""hidden_dim"": 64, ""dropout"": 0.1}, {""name"": ""va_long_beach"", ""encoder"": ""mlp_tabular_ln"", ""input_dim"": 13, ""hidden_dim"": 64, ""dropout"": 0.1}], ""anchor_eps"": 0.0001, ""sep_samples_per_class"": 4, ""sep_method"": ""classifier"", ""sep_margin"": 1.0, ""lambda_fit"": 0.0, ""lambda_sep"": 0.0, ""groupdro_enabled"": false, ""groupdro_eta"": 2.0, ""groupdro_gamma"": 0.9, ""groupdro_update_mode"": ""softmax"", ""groupdro_objective"": ""weighted"", ""groupdro_kl_lambda"": 0.0, ""groupdro_uniform_init"": true, ""log_interval"": 20, ""save_every"": 10, ""common_encoder"": true}","{""num_groups"": 4, ""num_classes"": 2, ""train_total"": 495, ""test_total"": 150, ""train_group_counts"": [242, 208, 20, 25], ""test_group_counts"": [61, 53, 10, 26], ""train_class_counts"": [266, 229], ""test_class_counts"": [73, 77], ""train_group_class_counts"": [[131, 111], [130, 78], [0, 20], [5, 20]], ""test_group_class_counts"": [[33, 28], [33, 20], [1, 9], [6, 20]], ""group_proportions"": [0.4888888888888889, 0.4202020202020202, 0.04040404040404041, 0.050505050505050504]}",,2026-09-07T00:55:58.469087,45,0.27881872788813317,0.8755656111294328,0.001,0.6733333333333333,0.6775428870541769,0.639344262295082,0.7169811320754716,"[0.639344262295082, 0.7169811320754716, 0.7, 0.6538461538461539]","[0.69846708269515, 0.7246157198876388, 0.4478748012566939, 1.0416493107421467]","[0.7534246575342466, 0.5974025974025974]","[[0.696969696969697, 0.5714285714285714], [0.7878787878787878, 0.6], [1.0, 0.6666666666666666], [0.8333333333333334, 0.6]]","[61, 53, 10, 26]",,,
"{""run_name"": ""fedheart_ablation_pergroup_noanchor"", ""seed"": 2024, ""run_dir"": ""runs/ablation_fedheart_fedheart/shared_erm_s2024"", ""use_fedheart"": true, ""num_classes"": 2, ""stratified_batching"": true, ""train_frac"": 0.8, ""data_split_seed"": 43, ""group_max_train_samples"": [null, null, 20, 25], ""true_hetero_input_dim"": true, ""feature_mask"": [[0, 1, 2, 3, 5, 6, 7, 8, 9, 10], [0, 1, 2, 3, 5, 6, 11, 12], [0, 1, 2, 4, 5, 7, 11, 12], [0, 1, 2, 4, 5, 6, 8, 9, 10]], ""batch_size"": 64, ""num_workers"": 0, ""epochs"": 150, ""early_stopping_patience"": 40, ""lr"": 0.001, ""weight_decay"": 0.0001, ""optimizer"": ""adam"", ""grad_clip"": 1.0, ""lr_scheduler"": ""cosine"", ""lr_min"": 1e-05, ""latent_dim"": 64, ""head_hidden"": 32, ""groups"": [{""name"": ""cleveland"", ""encoder"": ""mlp_tabular_ln"", ""input_dim"": 13, ""hidden_dim"": 64, ""dropout"": 0.1}, {""name"": ""hungarian"", ""encoder"": ""mlp_tabular_ln"", ""input_dim"": 13, ""hidden_dim"": 64, ""dropout"": 0.1}, {""name"": ""switzerland"", ""encoder"": ""mlp_tabular_ln"", ""input_dim"": 13, ""hidden_dim"": 64, ""dropout"": 0.1}, {""name"": ""va_long_beach"", ""encoder"": ""mlp_tabular_ln"", ""input_dim"": 13, ""hidden_dim"": 64, ""dropout"": 0.1}], ""anchor_eps"": 0.0001, ""sep_samples_per_class"": 4, ""sep_method"": ""classifier"", ""sep_margin"": 1.0, ""lambda_fit"": 0.0, ""lambda_sep"": 0.0, ""groupdro_enabled"": false, ""groupdro_eta"": 2.0, ""groupdro_gamma"": 0.9, ""groupdro_update_mode"": ""softmax"", ""groupdro_objective"": ""weighted"", ""groupdro_kl_lambda"": 0.0, ""groupdro_uniform_init"": true, ""log_interval"": 20, ""save_every"": 10, ""common_encoder"": true}","{""num_groups"": 4, ""num_classes"": 2, ""train_total"": 495, ""test_total"": 150, ""train_group_counts"": [242, 208, 20, 25], ""test_group_counts"": [61, 53, 10, 26], ""train_class_counts"": [266, 229], ""test_class_counts"": [73, 77], ""train_group_class_counts"": [[131, 111], [130, 78], [0, 20], [5, 20]], ""test_group_class_counts"": [[33, 28], [33, 20], [1, 9], [6, 20]], ""group_proportions"": [0.4888888888888889, 0.4202020202020202, 0.04040404040404041, 0.050505050505050504]}",,2026-09-07T00:55:58.469087,46,0.2813118568103238,0.8868778261663687,0.001,0.6933333333333334,0.6892193485450522,0.6538461538461539,0.7049180327868853,"[0.7049180327868853, 0.6981132075471698, 0.7, 0.6538461538461539]","[0.7574410539074633, 0.7392568821241235, 0.5632137568900362, 1.149879224714823]","[0.8082191780821918, 0.5844155844155844]","[[0.8181818181818182, 0.5714285714285714], [0.7878787878787878, 0.55], [1.0, 0.6666666666666666], [0.8333333333333334, 0.6]]","[61, 53, 10, 26]",,,
"{""run_name"": ""fedheart_ablation_pergroup_noanchor"", ""seed"": 2024, ""run_dir"": ""runs/ablation_fedheart_fedheart/shared_erm_s2024"", ""use_fedheart"": true, ""num_classes"": 2, ""stratified_batching"": true, ""train_frac"": 0.8, ""data_split_seed"": 43, ""group_max_train_samples"": [null, null, 20, 25], ""true_hetero_input_dim"": true, ""feature_mask"": [[0, 1, 2, 3, 5, 6, 7, 8, 9, 10], [0, 1, 2, 3, 5, 6, 11, 12], [0, 1, 2, 4, 5, 7, 11, 12], [0, 1, 2, 4, 5, 6, 8, 9, 10]], ""batch_size"": 64, ""num_workers"": 0, ""epochs"": 150, ""early_stopping_patience"": 40, ""lr"": 0.001, ""weight_decay"": 0.0001, ""optimizer"": ""adam"", ""grad_clip"": 1.0, ""lr_scheduler"": ""cosine"", ""lr_min"": 1e-05, ""latent_dim"": 64, ""head_hidden"": 32, ""groups"": [{""name"": ""cleveland"", ""encoder"": ""mlp_tabular_ln"", ""input_dim"": 13, ""hidden_dim"": 64, ""dropout"": 0.1}, {""name"": ""hungarian"", ""encoder"": ""mlp_tabular_ln"", ""input_dim"": 13, ""hidden_dim"": 64, ""dropout"": 0.1}, {""name"": ""switzerland"", ""encoder"": ""mlp_tabular_ln"", ""input_dim"": 13, ""hidden_dim"": 64, ""dropout"": 0.1}, {""name"": ""va_long_beach"", ""encoder"": ""mlp_tabular_ln"", ""input_dim"": 13, ""hidden_dim"": 64, ""dropout"": 0.1}], ""anchor_eps"": 0.0001, ""sep_samples_per_class"": 4, ""sep_method"": ""classifier"", ""sep_margin"": 1.0, ""lambda_fit"": 0.0, ""lambda_sep"": 0.0, ""groupdro_enabled"": false, ""groupdro_eta"": 2.0, ""groupdro_gamma"": 0.9, ""groupdro_update_mode"": ""softmax"", ""groupdro_objective"": ""weighted"", ""groupdro_kl_lambda"": 0.0, ""groupdro_uniform_init"": true, ""log_interval"": 20, ""save_every"": 10, ""common_encoder"": true}","{""num_groups"": 4, ""num_classes"": 2, ""train_total"": 495, ""test_total"": 150, ""train_group_counts"": [242, 208, 20, 25], ""test_group_counts"": [61, 53, 10, 26], ""train_class_counts"": [266, 229], ""test_class_counts"": [73, 77], ""train_group_class_counts"": [[131, 111], [130, 78], [0, 20], [5, 20]], ""test_group_class_counts"": [[33, 28], [33, 20], [1, 9], [6, 20]], ""group_proportions"": [0.4888888888888889, 0.4202020202020202, 0.04040404040404041, 0.050505050505050504]}",,2026-09-07T00:55:58.469087,47,0.2984168460735908,0.8755656116688413,0.001,0.68,0.6810226272335768,0.6538461538461539,0.7,"[0.6721311475409836, 0.6981132075471698, 0.7, 0.6538461538461539]","[0.7569620742035084, 0.7641135148719428, 0.522615478222724, 1.1037993010563345]","[0.7808219178082192, 0.5844155844155844]","[[0.7575757575757576, 0.5714285714285714], [0.7878787878787878, 0.55], [1.0, 0.6666666666666666], [0.8333333333333334, 0.6]]","[61, 53, 10, 26]",,,
"{""run_name"": ""fedheart_ablation_pergroup_noanchor"", ""seed"": 2024, ""run_dir"": ""runs/ablation_fedheart_fedheart/shared_erm_s2024"", ""use_fedheart"": true, ""num_classes"": 2, ""stratified_batching"": true, ""train_frac"": 0.8, ""data_split_seed"": 43, ""group_max_train_samples"": [null, null, 20, 25], ""true_hetero_input_dim"": true, ""feature_mask"": [[0, 1, 2, 3, 5, 6, 7, 8, 9, 10], [0, 1, 2, 3, 5, 6, 11, 12], [0, 1, 2, 4, 5, 7, 11, 12], [0, 1, 2, 4, 5, 6, 8, 9, 10]], ""batch_size"": 64, ""num_workers"": 0, ""epochs"": 150, ""early_stopping_patience"": 40, ""lr"": 0.001, ""weight_decay"": 0.0001, ""optimizer"": ""adam"", ""grad_clip"": 1.0, ""lr_scheduler"": ""cosine"", ""lr_min"": 1e-05, ""latent_dim"": 64, ""head_hidden"": 32, ""groups"": [{""name"": ""cleveland"", ""encoder"": ""mlp_tabular_ln"", ""input_dim"": 13, ""hidden_dim"": 64, ""dropout"": 0.1}, {""name"": ""hungarian"", ""encoder"": ""mlp_tabular_ln"", ""input_dim"": 13, ""hidden_dim"": 64, ""dropout"": 0.1}, {""name"": ""switzerland"", ""encoder"": ""mlp_tabular_ln"", ""input_dim"": 13, ""hidden_dim"": 64, ""dropout"": 0.1}, {""name"": ""va_long_beach"", ""encoder"": ""mlp_tabular_ln"", ""input_dim"": 13, ""hidden_dim"": 64, ""dropout"": 0.1}], ""anchor_eps"": 0.0001, ""sep_samples_per_class"": 4, ""sep_method"": ""classifier"", ""sep_margin"": 1.0, ""lambda_fit"": 0.0, ""lambda_sep"": 0.0, ""groupdro_enabled"": false, ""groupdro_eta"": 2.0, ""groupdro_gamma"": 0.9, ""groupdro_update_mode"": ""softmax"", ""groupdro_objective"": ""weighted"", ""groupdro_kl_lambda"": 0.0, ""groupdro_uniform_init"": true, ""log_interval"": 20, ""save_every"": 10, ""common_encoder"": true}","{""num_groups"": 4, ""num_classes"": 2, ""train_total"": 495, ""test_total"": 150, ""train_group_counts"": [242, 208, 20, 25], ""test_group_counts"": [61, 53, 10, 26], ""train_class_counts"": [266, 229], ""test_class_counts"": [73, 77], ""train_group_class_counts"": [[131, 111], [130, 78], [0, 20], [5, 20]], ""test_group_class_counts"": [[33, 28], [33, 20], [1, 9], [6, 20]], ""group_proportions"": [0.4888888888888889, 0.4202020202020202, 0.04040404040404041, 0.050505050505050504]}",,2026-09-07T00:55:58.469087,48,0.31841622502016265,0.8665158352161425,0.001,0.6866666666666666,0.6998869827975922,0.6153846153846154,0.8,"[0.7049180327868853, 0.6792452830188679, 0.8, 0.6153846153846154]","[0.7421549218859462, 0.7657924814628577, 0.4977373255300336, 1.0724619182650572]","[0.7534246575342466, 0.6233766233766234]","[[0.7575757575757576, 0.6428571428571429], [0.7575757575757576, 0.55], [1.0, 0.7777777777777778], [0.6666666666666666, 0.6]]","[61, 53, 10, 26]",,,
"{""run_name"": ""fedheart_ablation_pergroup_noanchor"", ""seed"": 2024, ""run_dir"": ""runs/ablation_fedheart_fedheart/shared_erm_s2024"", ""use_fedheart"": true, ""num_classes"": 2, ""stratified_batching"": true, ""train_frac"": 0.8, ""data_split_seed"": 43, ""group_max_train_samples"": [null, null, 20, 25], ""true_hetero_input_dim"": true, ""feature_mask"": [[0, 1, 2, 3, 5, 6, 7, 8, 9, 10], [0, 1, 2, 3, 5, 6, 11, 12], [0, 1, 2, 4, 5, 7, 11, 12], [0, 1, 2, 4, 5, 6, 8, 9, 10]], ""batch_size"": 64, ""num_workers"": 0, ""epochs"": 150, ""early_stopping_patience"": 40, ""lr"": 0.001, ""weight_decay"": 0.0001, ""optimizer"": ""adam"", ""grad_clip"": 1.0, ""lr_scheduler"": ""cosine"", ""lr_min"": 1e-05, ""latent_dim"": 64, ""head_hidden"": 32, ""groups"": [{""name"": ""cleveland"", ""encoder"": ""mlp_tabular_ln"", ""input_dim"": 13, ""hidden_dim"": 64, ""dropout"": 0.1}, {""name"": ""hungarian"", ""encoder"": ""mlp_tabular_ln"", ""input_dim"": 13, ""hidden_dim"": 64, ""dropout"": 0.1}, {""name"": ""switzerland"", ""encoder"": ""mlp_tabular_ln"", ""input_dim"": 13, ""hidden_dim"": 64, ""dropout"": 0.1}, {""name"": ""va_long_beach"", ""encoder"": ""mlp_tabular_ln"", ""input_dim"": 13, ""hidden_dim"": 64, ""dropout"": 0.1}], ""anchor_eps"": 0.0001, ""sep_samples_per_class"": 4, ""sep_method"": ""classifier"", ""sep_margin"": 1.0, ""lambda_fit"": 0.0, ""lambda_sep"": 0.0, ""groupdro_enabled"": false, ""groupdro_eta"": 2.0, ""groupdro_gamma"": 0.9, ""groupdro_update_mode"": ""softmax"", ""groupdro_objective"": ""weighted"", ""groupdro_kl_lambda"": 0.0, ""groupdro_uniform_init"": true, ""log_interval"": 20, ""save_every"": 10, ""common_encoder"": true}","{""num_groups"": 4, ""num_classes"": 2, ""train_total"": 495, ""test_total"": 150, ""train_group_counts"": [242, 208, 20, 25], ""test_group_counts"": [61, 53, 10, 26], ""train_class_counts"": [266, 229], ""test_class_counts"": [73, 77], ""train_group_class_counts"": [[131, 111], [130, 78], [0, 20], [5, 20]], ""test_group_class_counts"": [[33, 28], [33, 20], [1, 9], [6, 20]], ""group_proportions"": [0.4888888888888889, 0.4202020202020202, 0.04040404040404041, 0.050505050505050504]}",,2026-09-07T00:55:58.469087,49,0.30166318190043867,0.8506787338407871,0.001,0.68,0.6755056032739299,0.6153846153846154,0.7,"[0.6885245901639344, 0.6981132075471698, 0.7, 0.6153846153846154]","[0.7471814957374829, 0.7689306687822847, 0.536674736510031, 1.1399491783768798]","[0.7671232876712328, 0.5974025974025974]","[[0.7575757575757576, 0.6071428571428571], [0.7878787878787878, 0.55], [1.0, 0.6666666666666666], [0.6666666666666666, 0.6]]","[61, 53, 10, 26]",,,
"{""run_name"": ""fedheart_ablation_pergroup_noanchor"", ""seed"": 2024, ""run_dir"": ""runs/ablation_fedheart_fedheart/shared_erm_s2024"", ""use_fedheart"": true, ""num_classes"": 2, ""stratified_batching"": true, ""train_frac"": 0.8, ""data_split_seed"": 43, ""group_max_train_samples"": [null, null, 20, 25], ""true_hetero_input_dim"": true, ""feature_mask"": [[0, 1, 2, 3, 5, 6, 7, 8, 9, 10], [0, 1, 2, 3, 5, 6, 11, 12], [0, 1, 2, 4, 5, 7, 11, 12], [0, 1, 2, 4, 5, 6, 8, 9, 10]], ""batch_size"": 64, ""num_workers"": 0, ""epochs"": 150, ""early_stopping_patience"": 40, ""lr"": 0.001, ""weight_decay"": 0.0001, ""optimizer"": ""adam"", ""grad_clip"": 1.0, ""lr_scheduler"": ""cosine"", ""lr_min"": 1e-05, ""latent_dim"": 64, ""head_hidden"": 32, ""groups"": [{""name"": ""cleveland"", ""encoder"": ""mlp_tabular_ln"", ""input_dim"": 13, ""hidden_dim"": 64, ""dropout"": 0.1}, {""name"": ""hungarian"", ""encoder"": ""mlp_tabular_ln"", ""input_dim"": 13, ""hidden_dim"": 64, ""dropout"": 0.1}, {""name"": ""switzerland"", ""encoder"": ""mlp_tabular_ln"", ""input_dim"": 13, ""hidden_dim"": 64, ""dropout"": 0.1}, {""name"": ""va_long_beach"", ""encoder"": ""mlp_tabular_ln"", ""input_dim"": 13, ""hidden_dim"": 64, ""dropout"": 0.1}], ""anchor_eps"": 0.0001, ""sep_samples_per_class"": 4, ""sep_method"": ""classifier"", ""sep_margin"": 1.0, ""lambda_fit"": 0.0, ""lambda_sep"": 0.0, ""groupdro_enabled"": false, ""groupdro_eta"": 2.0, ""groupdro_gamma"": 0.9, ""groupdro_update_mode"": ""softmax"", ""groupdro_objective"": ""weighted"", ""groupdro_kl_lambda"": 0.0, ""groupdro_uniform_init"": true, ""log_interval"": 20, ""save_every"": 10, ""common_encoder"": true}","{""num_groups"": 4, ""num_classes"": 2, ""train_total"": 495, ""test_total"": 150, ""train_group_counts"": [242, 208, 20, 25], ""test_group_counts"": [61, 53, 10, 26], ""train_class_counts"": [266, 229], ""test_class_counts"": [73, 77], ""train_group_class_counts"": [[131, 111], [130, 78], [0, 20], [5, 20]], ""test_group_class_counts"": [[33, 28], [33, 20], [1, 9], [6, 20]], ""group_proportions"": [0.4888888888888889, 0.4202020202020202, 0.04040404040404041, 0.050505050505050504]}",,2026-09-07T00:55:58.469087,50,0.2896032733884872,0.8733031682299273,0.001,0.68,0.6755056032739299,0.6153846153846154,0.7,"[0.6885245901639344, 0.6981132075471698, 0.7, 0.6153846153846154]","[0.7590082332045298, 0.7961296920641545, 0.530216672597453, 1.1355135217129897]","[0.7671232876712328, 0.5974025974025974]","[[0.7575757575757576, 0.6071428571428571], [0.7878787878787878, 0.55], [1.0, 0.6666666666666666], [0.6666666666666666, 0.6]]","[61, 53, 10, 26]",,,
"{""run_name"": ""fedheart_ablation_pergroup_noanchor"", ""seed"": 2024, ""run_dir"": ""runs/ablation_fedheart_fedheart/shared_erm_s2024"", ""use_fedheart"": true, ""num_classes"": 2, ""stratified_batching"": true, ""train_frac"": 0.8, ""data_split_seed"": 43, ""group_max_train_samples"": [null, null, 20, 25], ""true_hetero_input_dim"": true, ""feature_mask"": [[0, 1, 2, 3, 5, 6, 7, 8, 9, 10], [0, 1, 2, 3, 5, 6, 11, 12], [0, 1, 2, 4, 5, 7, 11, 12], [0, 1, 2, 4, 5, 6, 8, 9, 10]], ""batch_size"": 64, ""num_workers"": 0, ""epochs"": 150, ""early_stopping_patience"": 40, ""lr"": 0.001, ""weight_decay"": 0.0001, ""optimizer"": ""adam"", ""grad_clip"": 1.0, ""lr_scheduler"": ""cosine"", ""lr_min"": 1e-05, ""latent_dim"": 64, ""head_hidden"": 32, ""groups"": [{""name"": ""cleveland"", ""encoder"": ""mlp_tabular_ln"", ""input_dim"": 13, ""hidden_dim"": 64, ""dropout"": 0.1}, {""name"": ""hungarian"", ""encoder"": ""mlp_tabular_ln"", ""input_dim"": 13, ""hidden_dim"": 64, ""dropout"": 0.1}, {""name"": ""switzerland"", ""encoder"": ""mlp_tabular_ln"", ""input_dim"": 13, ""hidden_dim"": 64, ""dropout"": 0.1}, {""name"": ""va_long_beach"", ""encoder"": ""mlp_tabular_ln"", ""input_dim"": 13, ""hidden_dim"": 64, ""dropout"": 0.1}], ""anchor_eps"": 0.0001, ""sep_samples_per_class"": 4, ""sep_method"": ""classifier"", ""sep_margin"": 1.0, ""lambda_fit"": 0.0, ""lambda_sep"": 0.0, ""groupdro_enabled"": false, ""groupdro_eta"": 2.0, ""groupdro_gamma"": 0.9, ""groupdro_update_mode"": ""softmax"", ""groupdro_objective"": ""weighted"", ""groupdro_kl_lambda"": 0.0, ""groupdro_uniform_init"": true, ""log_interval"": 20, ""save_every"": 10, ""common_encoder"": true}","{""num_groups"": 4, ""num_classes"": 2, ""train_total"": 495, ""test_total"": 150, ""train_group_counts"": [242, 208, 20, 25], ""test_group_counts"": [61, 53, 10, 26], ""train_class_counts"": [266, 229], ""test_class_counts"": [73, 77], ""train_group_class_counts"": [[131, 111], [130, 78], [0, 20], [5, 20]], ""test_group_class_counts"": [[33, 28], [33, 20], [1, 9], [6, 20]], ""group_proportions"": [0.4888888888888889, 0.4202020202020202, 0.04040404040404041, 0.050505050505050504]}",,2026-09-07T00:55:58.469087,51,0.29623397942042456,0.8642533920469327,0.001,0.6866666666666666,0.6851209878893145,0.6538461538461539,0.7,"[0.6885245901639344, 0.6981132075471698, 0.7, 0.6538461538461539]","[0.7918066926220371, 0.8116288669511702, 0.5763142119045369, 1.287449460145301]","[0.7945205479452054, 0.5844155844155844]","[[0.7878787878787878, 0.5714285714285714], [0.7878787878787878, 0.55], [1.0, 0.6666666666666666], [0.8333333333333334, 0.6]]","[61, 53, 10, 26]",,,
"{""run_name"": ""fedheart_ablation_pergroup_noanchor"", ""seed"": 2024, ""run_dir"": ""runs/ablation_fedheart_fedheart/shared_erm_s2024"", ""use_fedheart"": true, ""num_classes"": 2, ""stratified_batching"": true, ""train_frac"": 0.8, ""data_split_seed"": 43, ""group_max_train_samples"": [null, null, 20, 25], ""true_hetero_input_dim"": true, ""feature_mask"": [[0, 1, 2, 3, 5, 6, 7, 8, 9, 10], [0, 1, 2, 3, 5, 6, 11, 12], [0, 1, 2, 4, 5, 7, 11, 12], [0, 1, 2, 4, 5, 6, 8, 9, 10]], ""batch_size"": 64, ""num_workers"": 0, ""epochs"": 150, ""early_stopping_patience"": 40, ""lr"": 0.001, ""weight_decay"": 0.0001, ""optimizer"": ""adam"", ""grad_clip"": 1.0, ""lr_scheduler"": ""cosine"", ""lr_min"": 1e-05, ""latent_dim"": 64, ""head_hidden"": 32, ""groups"": [{""name"": ""cleveland"", ""encoder"": ""mlp_tabular_ln"", ""input_dim"": 13, ""hidden_dim"": 64, ""dropout"": 0.1}, {""name"": ""hungarian"", ""encoder"": ""mlp_tabular_ln"", ""input_dim"": 13, ""hidden_dim"": 64, ""dropout"": 0.1}, {""name"": ""switzerland"", ""encoder"": ""mlp_tabular_ln"", ""input_dim"": 13, ""hidden_dim"": 64, ""dropout"": 0.1}, {""name"": ""va_long_beach"", ""encoder"": ""mlp_tabular_ln"", ""input_dim"": 13, ""hidden_dim"": 64, ""dropout"": 0.1}], ""anchor_eps"": 0.0001, ""sep_samples_per_class"": 4, ""sep_method"": ""classifier"", ""sep_margin"": 1.0, ""lambda_fit"": 0.0, ""lambda_sep"": 0.0, ""groupdro_enabled"": false, ""groupdro_eta"": 2.0, ""groupdro_gamma"": 0.9, ""groupdro_update_mode"": ""softmax"", ""groupdro_objective"": ""weighted"", ""groupdro_kl_lambda"": 0.0, ""groupdro_uniform_init"": true, ""log_interval"": 20, ""save_every"": 10, ""common_encoder"": true}","{""num_groups"": 4, ""num_classes"": 2, ""train_total"": 495, ""test_total"": 150, ""train_group_counts"": [242, 208, 20, 25], ""test_group_counts"": [61, 53, 10, 26], ""train_class_counts"": [266, 229], ""test_class_counts"": [73, 77], ""train_group_class_counts"": [[131, 111], [130, 78], [0, 20], [5, 20]], ""test_group_class_counts"": [[33, 28], [33, 20], [1, 9], [6, 20]], ""group_proportions"": [0.4888888888888889, 0.4202020202020202, 0.04040404040404041, 0.050505050505050504]}",,2026-09-07T00:55:58.469087,52,0.31513200801422153,0.8619909510353572,0.001,0.7,0.7302225844060054,0.6153846153846154,0.9,"[0.6885245901639344, 0.7169811320754716, 0.9, 0.6153846153846154]","[0.7499465916809611, 0.8007484724435445, 0.46075385542353614, 1.178121843894657]","[0.7808219178082192, 0.6233766233766234]","[[0.7878787878787878, 0.5714285714285714], [0.7878787878787878, 0.6], [1.0, 0.8888888888888888], [0.6666666666666666, 0.6]]","[61, 53, 10, 26]",,,
